-5.754189300537109375e+01 4.743321609497070312e+01
6.732681274414062500e+01 -1.409060859680175781e+01
-8.212651062011718750e+01 -2.231963729858398438e+01
7.462119293212890625e+01 -1.174426269531250000e+01
6.254652023315429688e+01 -3.129990005493164062e+01
6.676840209960937500e+01 -2.505533790588378906e+01
6.978402709960937500e+01 -1.889402770996093750e+01
6.617864227294921875e+01 -2.023714256286621094e+01
5.939362335205078125e+01 -6.872146606445312500e+01
6.853857421875000000e+01 -2.558119583129882812e+01
6.617001342773437500e+01 -2.140424346923828125e+01
7.564991760253906250e+01 -7.934609889984130859e+00
6.854814910888671875e+01 -2.286272239685058594e+01
-5.737570953369140625e+01 4.553064727783203125e+01
6.625212860107421875e+01 -1.419923496246337891e+01
7.123585510253906250e+01 -4.565465545654296875e+01
-2.375772666931152344e+01 4.123771786689758301e-01
-4.690476226806640625e+01 1.440689754486083984e+01
6.767102050781250000e+01 -1.597999382019042969e+01
9.341994476318359375e+01 -2.720520973205566406e+00
5.384032440185546875e+01 -6.726933288574218750e+01
-5.185005187988281250e+01 5.460479354858398438e+01
-4.757872390747070312e+01 6.884277343750000000e+01
-5.043437957763671875e+00 7.292689323425292969e+00
-6.971827030181884766e+00 -6.750357055664062500e+01
-5.181545257568359375e+01 -3.022913742065429688e+01
4.366281509399414062e+01 3.263498306274414062e+01
6.612294006347656250e+01 -1.228794574737548828e+01
9.829970550537109375e+01 -3.815372705459594727e+00
-3.643305206298828125e+01 5.080445480346679688e+01
6.777258300781250000e+01 -9.837993621826171875e+00
9.537974548339843750e+01 -2.735266923904418945e+00
6.397054672241210938e+01 -1.129644966125488281e+01
2.756464004516601562e+00 -7.121053338050842285e-01
6.179281234741210938e+01 -6.298768615722656250e+01
-3.653178024291992188e+01 1.079999771118164062e+02
-4.755681228637695312e+01 1.774733161926269531e+01
-5.167155456542968750e+01 -1.324069595336914062e+01
6.931237792968750000e+01 -1.229695558547973633e+00
5.676073455810546875e+01 -5.899742889404296875e+01
9.646311187744140625e+01 -2.273051023483276367e+00
-6.532395935058593750e+01 -3.509667205810546875e+01
-6.369535446166992188e+01 -2.003792572021484375e+01
-5.459122467041015625e+01 -5.771094512939453125e+01
9.247209930419921875e+01 -2.843895912170410156e+00
6.871703338623046875e+01 -1.695611327886581421e-02
6.507469940185546875e+01 -2.880211257934570312e+01
6.175876617431640625e+01 -3.134427070617675781e+01
4.803481292724609375e+01 -7.334063720703125000e+01
-4.877059173583984375e+01 1.502352237701416016e+01
5.257643890380859375e+01 -6.699383544921875000e+01
6.268780136108398438e+01 -6.287252807617187500e+01
-3.749966812133789062e+01 1.103711853027343750e+02
-7.840138244628906250e+01 -1.689315986633300781e+01
6.112859725952148438e+01 -1.777276039123535156e+01
1.109325981140136719e+01 3.993621110916137695e+00
1.208749389648437500e+01 -2.547087097167968750e+01
5.781282806396484375e+01 -7.172605133056640625e+01
-6.324258422851562500e+01 -1.407676410675048828e+01
-3.629100799560546875e+01 7.703337097167968750e+01
-5.579973602294921875e+01 -3.119128465652465820e+00
6.768309020996093750e+01 -8.163393735885620117e-01
9.415640258789062500e+01 -2.772494792938232422e+00
-5.291698455810546875e+01 5.737051010131835938e+01
-6.097257614135742188e+01 8.687799072265625000e+01
6.341204452514648438e+01 -9.998524665832519531e+00
-7.331662750244140625e+01 -2.214329719543457031e+01
-3.210001754760742188e+01 7.376188755035400391e+00
6.015071105957031250e+01 -4.933478546142578125e+01
6.678081512451171875e+01 -1.334586715698242188e+01
-4.958103561401367188e+01 1.660773849487304688e+01
-5.326277542114257812e+01 5.482240295410156250e+01
9.133062744140625000e+01 -1.086276149749755859e+01
-2.723940849304199219e+01 -2.715622901916503906e+00
-6.753505706787109375e+01 -3.471364974975585938e+01
7.048282623291015625e+01 -1.858220100402832031e+01
3.097753334045410156e+01 3.651544189453125000e+01
-3.604374694824218750e+01 1.054585723876953125e+02
5.380670166015625000e+01 -1.623757171630859375e+01
4.028460502624511719e+00 -1.814057540893554688e+01
5.575315475463867188e+01 -6.047794342041015625e+01
6.108466386795043945e-01 7.933949470520019531e+00
-2.851582908630371094e+01 1.088422470092773438e+02
-2.771236419677734375e+01 -7.431095123291015625e+00
6.690789031982421875e+01 -9.964538574218750000e+00
6.562380218505859375e+01 -1.867539596557617188e+01
-2.479325485229492188e+01 1.075207977294921875e+02
5.536003875732421875e+01 -2.956162261962890625e+01
8.414057922363281250e+01 -3.592421531677246094e+00
-3.272230911254882812e+01 8.114713287353515625e+01
6.228955459594726562e+01 -3.997156143188476562e+01
-1.627912330627441406e+01 -6.636071777343750000e+01
5.594297790527343750e+01 -7.266251373291015625e+01
-6.044167327880859375e+01 -5.411061477661132812e+01
6.524205780029296875e+01 4.181299591064453125e+01
-4.279611206054687500e+01 1.001103515625000000e+02
3.692617034912109375e+01 -5.484024429321289062e+01
-3.881367874145507812e+01 -1.307057952880859375e+01
8.975090026855468750e+01 -2.410436820983886719e+01
8.153003692626953125e+01 -2.359247207641601562e+00
2.805489921569824219e+01 -5.782789993286132812e+01
-5.702072906494140625e+01 4.258755874633789062e+01
-3.219356155395507812e+01 1.022911682128906250e+02
6.239050292968750000e+01 -7.282123565673828125e+01
-6.761884307861328125e+01 -2.002709007263183594e+01
-1.148740959167480469e+01 1.185976505279541016e+01
3.953341674804687500e+01 -4.926972579956054688e+01
5.869660568237304688e+01 -5.445298385620117188e+01
7.352171325683593750e+01 -4.786307907104492188e+01
6.990524291992187500e+01 3.963873386383056641e+00
3.892661666870117188e+01 1.981160998344421387e+00
-5.834331130981445312e+01 1.621742630004882812e+01
5.739308166503906250e+01 -6.014729309082031250e+01
4.572398757934570312e+01 -4.856632232666015625e+01
-3.557025909423828125e+01 -9.836034774780273438e+00
-3.568432235717773438e+01 1.068942947387695312e+02
6.258011627197265625e+01 -4.864077377319335938e+01
5.848166942596435547e+00 6.321370315551757812e+01
-3.546699523925781250e+01 1.013798522949218750e+02
-4.054540252685546875e+01 7.971424865722656250e+01
-2.568851661682128906e+01 -7.748715877532958984e+00
-5.293951797485351562e+01 -3.860201120376586914e+00
-6.937641143798828125e+01 4.781769275665283203e+00
-7.803813171386718750e+01 -1.550672149658203125e+01
-2.482567548751831055e+00 4.182064056396484375e+01
8.703153228759765625e+01 -4.984214782714843750e+00
6.600353240966796875e+01 -3.162561798095703125e+01
4.378224945068359375e+01 3.062679481506347656e+01
-7.912060546875000000e+01 1.129118824005126953e+01
1.510796833038330078e+01 -1.485648345947265625e+01
4.512511825561523438e+01 -3.110852050781250000e+01
-3.130683708190917969e+01 9.449452209472656250e+01
5.444872283935546875e+01 -3.300743865966796875e+01
3.382189559936523438e+01 1.529432678222656250e+01
-3.826356124877929688e+01 1.069037170410156250e+02
3.319820404052734375e+00 -2.940829086303710938e+01
-3.999474334716796875e+01 1.097609786987304688e+02
-1.780480384826660156e+01 -1.611960983276367188e+01
-1.933391571044921875e+01 1.087774276733398438e+02
-3.257290649414062500e+01 8.813933563232421875e+01
-8.020436286926269531e+00 -6.416365051269531250e+01
-1.035652923583984375e+01 -2.456421279907226562e+01
-3.214841079711914062e+01 1.002724609375000000e+02
5.427103519439697266e+00 1.243348717689514160e+00
-4.819345855712890625e+01 -2.527490997314453125e+01
5.251006317138671875e+01 -5.601532363891601562e+01
9.938694953918457031e+00 4.120392608642578125e+01
-2.741212272644042969e+01 1.068417587280273438e+02
3.881408691406250000e+01 1.472572708129882812e+01
-3.248268127441406250e+01 1.010325317382812500e+02
-3.798196029663085938e+01 1.090940628051757812e+02
-3.527686309814453125e+01 1.002976760864257812e+02
-3.831412124633789062e+01 1.087187042236328125e+02
7.421247863769531250e+01 -4.855769348144531250e+01
-4.583993911743164062e+01 -2.345040082931518555e+00
-6.323484802246093750e+01 9.089482116699218750e+01
-4.222741317749023438e+01 -4.247031402587890625e+01
-4.782024765014648438e+01 -2.915631294250488281e+01
5.647543716430664062e+01 -7.312351989746093750e+01
6.002862930297851562e+01 -1.774493408203125000e+01
-3.544252395629882812e+01 1.145822677612304688e+02
4.546033859252929688e+01 -1.162743926048278809e+00
-4.261713790893554688e+01 1.069271564483642578e+01
-5.129011154174804688e+01 -2.695044898986816406e+01
5.262710189819335938e+01 -5.517594909667968750e+01
-4.003487396240234375e+01 1.058746795654296875e+02
3.247002029418945312e+01 -4.984141159057617188e+01
-6.198617553710937500e+01 -2.769657707214355469e+01
-1.888969993591308594e+01 -4.669919967651367188e+00
2.729585647583007812e+01 -2.506123733520507812e+01
3.633404159545898438e+01 -5.673232650756835938e+01
6.016181182861328125e+01 -3.009160423278808594e+01
3.783430862426757812e+01 -7.757406234741210938e+00
-1.278023910522460938e+01 2.662965011596679688e+01
9.476942443847656250e+01 3.316264390945434570e+00
-3.840861892700195312e+01 8.142514038085937500e+01
-1.524825477600097656e+01 9.654261016845703125e+01
1.624036407470703125e+01 8.336407470703125000e+01
-4.377220916748046875e+01 1.026816864013671875e+02
6.297399520874023438e+01 -1.594934844970703125e+01
-7.427655029296875000e+01 -2.018429946899414062e+01
3.572613525390625000e+01 4.470584106445312500e+01
-2.899818611145019531e+01 8.812786865234375000e+01
-6.480400848388671875e+01 1.435678005218505859e+01
3.890957641601562500e+01 6.749720096588134766e+00
4.914840316772460938e+01 3.500968933105468750e+01
6.780223846435546875e+01 -3.438507461547851562e+01
6.802195739746093750e+01 -1.317978000640869141e+01
-6.418031311035156250e+01 4.628809452056884766e+00
5.839154052734375000e+01 -1.134051036834716797e+01
3.491662597656250000e+01 -5.392695999145507812e+01
3.649580383300781250e+01 4.579493331909179688e+01
4.796286392211914062e+01 -1.466835212707519531e+01
6.693757629394531250e+01 -3.541302871704101562e+01
-7.565278625488281250e+01 7.615027904510498047e+00
1.088792133331298828e+01 3.681653976440429688e+01
-3.414690399169921875e+01 1.078100433349609375e+02
3.482766151428222656e+00 -3.898924589157104492e+00
5.641043472290039062e+01 -5.783959579467773438e+01
2.213490486145019531e+01 6.654351234436035156e+00
3.399124526977539062e+01 -5.154536437988281250e+01
6.110961151123046875e+01 -6.235113906860351562e+01
3.904491806030273438e+01 1.742061233520507812e+01
2.997422409057617188e+01 -2.888985443115234375e+01
4.331104660034179688e+01 -2.729725456237792969e+01
-4.212005615234375000e+01 1.117974624633789062e+02
-5.688571929931640625e+01 4.419867706298828125e+01
-4.924332046508789062e+01 6.389289093017578125e+01
-4.487824630737304688e+01 8.021860504150390625e+01
3.787991714477539062e+01 -5.449373626708984375e+01
4.482333755493164062e+01 5.603228759765625000e+01
6.473880004882812500e+01 -2.339458227157592773e+00
6.296496963500976562e+01 -2.849998474121093750e+01
-3.988163757324218750e+01 -3.207218551635742188e+01
2.518595314025878906e+01 -2.885023117065429688e+01
-4.022840499877929688e+01 -2.607216644287109375e+01
1.718692970275878906e+01 -2.834894752502441406e+01
4.919501113891601562e+01 3.386426162719726562e+01
-4.244502639770507812e+01 -3.322034072875976562e+01
9.077461242675781250e+01 4.118956089019775391e+00
5.734214401245117188e+01 -6.096759033203125000e+01
-4.797231674194335938e+01 6.293537521362304688e+01
4.577134704589843750e+01 3.450815582275390625e+01
-2.716560745239257812e+01 1.051991424560546875e+02
-5.027607345581054688e+01 -3.436990261077880859e+00
3.535414886474609375e+01 4.415665435791015625e+01
-4.824387359619140625e+01 8.494336700439453125e+01
-7.564373779296875000e+01 -1.265557765960693359e+01
-3.472889328002929688e+01 1.105150909423828125e+02
-3.953056335449218750e+01 7.256832122802734375e+01
-2.969830322265625000e+01 1.003083419799804688e+02
-5.840911102294921875e+01 8.992739868164062500e+01
-5.598953247070312500e+01 9.337581634521484375e+01
2.535900688171386719e+01 -2.793177032470703125e+01
5.503384399414062500e+01 -7.312618255615234375e+01
9.185450744628906250e+01 -3.307745742797851562e+01
-2.737414741516113281e+01 -5.432589340209960938e+01
7.130553436279296875e+01 -3.891992330551147461e+00
1.562455749511718750e+01 1.600070571899414062e+01
-3.546126174926757812e+01 1.084847640991210938e+02
4.298418426513671875e+01 -1.305502128601074219e+01
3.453448486328125000e+01 -4.982489395141601562e+01
5.880051803588867188e+01 -5.208771133422851562e+01
-1.179869842529296875e+01 5.396251296997070312e+01
8.227383613586425781e+00 3.637984466552734375e+01
-7.391027832031250000e+01 1.336826086044311523e+00
5.963154220581054688e+01 -3.768324661254882812e+01
-1.414665412902832031e+01 9.867116546630859375e+01
-5.513301086425781250e+01 8.267285919189453125e+01
9.158903503417968750e+01 2.961508512496948242e+00
-4.795645141601562500e+01 1.577810192108154297e+01
6.800236511230468750e+01 -3.421192932128906250e+01
1.779445266723632812e+01 1.309663295745849609e+01
6.953661346435546875e+01 -4.590472030639648438e+01
-5.321015548706054688e+01 -2.403132677078247070e+00
8.972584533691406250e+01 -1.958096885681152344e+01
-3.652986526489257812e+01 -3.246343231201171875e+01
-5.337350463867187500e+01 6.607376098632812500e+01
-3.688197708129882812e+01 9.575103759765625000e+01
3.516262817382812500e+01 -5.566036605834960938e+01
-4.484622573852539062e+01 7.211317443847656250e+01
-4.103960418701171875e+01 7.947220611572265625e+01
-4.650605773925781250e+01 -2.993409347534179688e+01
-4.544676208496093750e+01 -4.917339706420898438e+01
-3.446547317504882812e+01 1.104205703735351562e+02
2.296977996826171875e+01 -1.769472312927246094e+01
-7.432256317138671875e+01 9.953241348266601562e+00
2.678145408630371094e+00 -2.029908752441406250e+01
-2.969174385070800781e+01 9.401045989990234375e+01
-6.738708496093750000e+01 1.263058757781982422e+01
5.092697525024414062e+01 1.845058822631835938e+01
-3.655890274047851562e+01 7.072594451904296875e+01
-1.472321224212646484e+01 -6.530163574218750000e+01
-4.329189682006835938e+01 -2.441339111328125000e+01
-4.538097000122070312e+01 -3.507742691040039062e+01
-4.227194213867187500e+01 1.118930130004882812e+02
3.671586990356445312e+01 4.565155410766601562e+01
5.040281295776367188e+01 1.922378158569335938e+01
-6.623497009277343750e+01 2.798625707626342773e+00
-3.768442916870117188e+01 1.056882476806640625e+02
-6.935973358154296875e+01 -1.539840221405029297e+01
5.277159500122070312e+01 -3.116087532043457031e+01
8.652326202392578125e+01 -2.450219154357910156e+01
3.160096549987792969e+01 -1.831056022644042969e+01
-5.208834838867187500e+01 -2.849368667602539062e+01
-3.371686697006225586e+00 1.578216934204101562e+01
-3.269871234893798828e+00 6.506685638427734375e+01
7.064643859863281250e+01 -3.073130226135253906e+01
-6.500559997558593750e+01 -5.274389266967773438e+00
-1.601702499389648438e+01 9.601486206054687500e+01
4.041797256469726562e+01 4.360652160644531250e+01
-5.733909988403320312e+01 4.514359664916992188e+01
4.973550319671630859e+00 -8.088076019287109375e+01
-5.724928665161132812e+01 -1.509019947052001953e+01
-3.555781173706054688e+01 1.112584457397460938e+02
-2.671762847900390625e+01 -4.592986679077148438e+01
4.652611541748046875e+01 -3.106790351867675781e+01
-4.270580673217773438e+01 7.330942535400390625e+01
-5.920550918579101562e+01 1.540991115570068359e+01
3.818684005737304688e+01 1.689551353454589844e+01
3.147571372985839844e+01 -1.640193367004394531e+01
-9.552241325378417969e+00 -4.785894393920898438e+00
-1.052611732482910156e+01 6.425991821289062500e+01
-6.943848609924316406e+00 6.817996978759765625e+01
4.401545333862304688e+01 5.720275402069091797e+00
-2.209477806091308594e+01 -6.314470291137695312e+01
-3.445412063598632812e+01 9.736267089843750000e+01
-7.870106506347656250e+01 -1.448303604125976562e+01
1.861652946472167969e+01 8.474797058105468750e+01
3.321298360824584961e-01 -2.633654403686523438e+01
7.822888374328613281e+00 1.435099220275878906e+01
-3.500281906127929688e+01 6.376458406448364258e-01
-6.525593280792236328e+00 2.154876518249511719e+01
1.598162937164306641e+01 8.715816497802734375e+01
-5.789744186401367188e+01 4.417944335937500000e+01
-5.710786819458007812e+01 8.183048248291015625e+01
-4.927984619140625000e+01 8.493475341796875000e+01
3.117073822021484375e+01 3.353376007080078125e+01
-3.345266342163085938e+01 1.094706573486328125e+02
8.841498565673828125e+01 -3.539872741699218750e+01
5.961977386474609375e+01 -5.594070816040039062e+01
1.342597007751464844e+01 -2.622196388244628906e+01
-2.093454551696777344e+01 -9.775327682495117188e+00
-5.490774917602539062e+01 -2.845014190673828125e+01
3.181436920166015625e+01 -1.700278282165527344e+01
-3.692340850830078125e+01 7.098036193847656250e+01
-4.304384231567382812e+01 -2.813632392883300781e+01
-4.413775634765625000e+01 7.973599243164062500e+01
4.654730606079101562e+01 -2.527214431762695312e+01
-5.254708862304687500e+01 8.950766754150390625e+01
-2.302414703369140625e+01 1.077194900512695312e+02
5.599315261840820312e+01 -3.709898710250854492e+00
1.125923919677734375e+01 4.823194122314453125e+01
-5.887990570068359375e+01 1.332795619964599609e+01
-1.123252868652343750e+01 5.501503372192382812e+01
-6.497875213623046875e+01 6.362620162963867188e+01
6.690574645996093750e+01 -4.077268218994140625e+01
9.332873535156250000e+01 -3.076889419555664062e+01
-2.996293640136718750e+01 9.971605682373046875e+01
5.602407836914062500e+01 -2.871230840682983398e+00
-7.111509704589843750e+01 -2.938078641891479492e-01
8.624629211425781250e+01 -1.662954139709472656e+01
-4.315563964843750000e+01 7.541043853759765625e+01
-4.959371948242187500e+01 -2.761371803283691406e+01
-7.206945037841796875e+01 -2.469651222229003906e+01
-4.011928939819335938e+01 1.023617630004882812e+02
-4.144431686401367188e+01 7.489300537109375000e+01
-5.945589065551757812e+00 4.259946441650390625e+01
-5.041476440429687500e+01 7.947257232666015625e+01
-2.646837806701660156e+01 8.802070617675781250e+01
-7.648326110839843750e+01 -1.450957393646240234e+01
-1.174838924407958984e+01 8.340418815612792969e+00
3.947376632690429688e+01 1.538228893280029297e+01
-2.425835609436035156e+01 -3.855860137939453125e+01
1.430093288421630859e+01 4.832526683807373047e+00
-1.617719078063964844e+01 -4.722082901000976562e+01
4.876576232910156250e+01 -3.604565429687500000e+01
7.011166381835937500e+01 -3.036161804199218750e+01
1.506830883026123047e+01 2.350191688537597656e+01
-4.748283386230468750e+01 -5.108044433593750000e+01
5.152417373657226562e+01 -4.829703140258789062e+01
4.780964660644531250e+01 -6.455901336669921875e+01
-2.579743576049804688e+01 8.738225555419921875e+01
-4.887800979614257812e+01 1.440244579315185547e+01
-4.268250656127929688e+01 7.242495727539062500e+01
6.805273437500000000e+01 -1.242300701141357422e+01
-3.423791122436523438e+01 -9.684341430664062500e+00
-7.930560302734375000e+01 -1.980511283874511719e+01
-2.132920074462890625e+01 1.069326324462890625e+02
9.490097999572753906e+00 2.762040138244628906e+00
4.894672870635986328e+00 -4.059783172607421875e+01
-3.027866744995117188e+01 1.055974502563476562e+02
-3.028737640380859375e+01 9.472892761230468750e+01
5.910538482666015625e+01 -3.981734037399291992e+00
4.963196563720703125e+01 1.579445041716098785e-02
-5.596112823486328125e+01 4.385894393920898438e+01
8.539449691772460938e+00 -9.086843490600585938e+00
-3.894405746459960938e+01 1.030651092529296875e+02
-3.959614562988281250e+01 9.500379943847656250e+01
4.230506134033203125e+01 -4.824461364746093750e+01
5.889511871337890625e+01 -5.436091232299804688e+01
-4.137111663818359375e+01 -2.399829101562500000e+01
2.129118680953979492e+00 9.348486065864562988e-01
-3.971990942955017090e-01 4.071487045288085938e+01
3.897393798828125000e+01 8.097577095031738281e+00
6.118534469604492188e+01 -5.287781524658203125e+01
-3.943923950195312500e+01 1.004557571411132812e+02
7.534858703613281250e+01 -4.193790054321289062e+01
1.138552474975585938e+01 -1.329427719116210938e+01
8.442973136901855469e+00 5.015034198760986328e+00
-3.124129486083984375e+01 -3.529226303100585938e+01
7.557373809814453125e+01 -4.431709289550781250e+01
5.617308044433593750e+01 -1.907893943786621094e+01
-2.093331909179687500e+01 1.044139404296875000e+02
8.640811920166015625e+01 -3.334926605224609375e+01
-3.380134582519531250e+01 1.039489898681640625e+02
1.632121086120605469e+01 7.024211406707763672e+00
-7.342102050781250000e+01 -1.352803230285644531e+01
-7.621826934814453125e+01 -1.548168849945068359e+01
-1.359132409095764160e+00 1.540633678436279297e+01
-3.685156631469726562e+01 1.036834106445312500e+02
1.167883110046386719e+01 5.198254776000976562e+01
7.358491516113281250e+01 -5.035408496856689453e+00
-4.660037231445312500e+01 5.493753051757812500e+01
-5.054368209838867188e+01 7.034585571289062500e+01
1.671710205078125000e+01 1.009976005554199219e+01
-3.812836074829101562e+01 6.977754211425781250e+01
-3.278487777709960938e+01 1.073114013671875000e+02
-3.760890197753906250e+01 8.573740386962890625e+01
-3.728675842285156250e+01 1.067628173828125000e+02
8.117726135253906250e+01 1.355634498596191406e+01
3.500167083740234375e+01 -5.657428741455078125e+01
-5.385790252685546875e+01 -7.284015178680419922e+00
-3.286859893798828125e+01 1.087025375366210938e+02
-3.460598754882812500e+01 1.063306732177734375e+02
-4.988928985595703125e+01 -3.170760726928710938e+01
1.309214830398559570e+00 -4.804211425781250000e+01
6.259527206420898438e+01 -3.820674896240234375e+01
-1.888498115539550781e+01 1.223846435546875000e+01
5.770789718627929688e+01 -1.097015857696533203e+01
-4.357979297637939453e+00 6.198048019409179688e+01
8.965498352050781250e+01 -5.870586872100830078e+00
-3.666324615478515625e+01 1.299761295318603516e+01
-6.302286911010742188e+01 -3.393453216552734375e+01
-3.312607574462890625e+01 9.973985290527343750e+01
6.732873320579528809e-01 1.565540599822998047e+01
-2.203708076477050781e+01 1.120054550170898438e+02
1.114336490631103516e+01 1.820957183837890625e+01
1.398507404327392578e+01 -2.671227455139160156e+01
-7.173988342285156250e+00 3.906939625740051270e-01
-4.748112487792968750e+01 -6.057483291625976562e+01
-2.331602668762207031e+01 8.589398193359375000e+01
-3.855626296997070312e+01 -3.752074432373046875e+01
-5.466335296630859375e+01 -7.464173793792724609e+00
-3.018818855285644531e+01 1.126993789672851562e+02
8.091996765136718750e+01 -2.982448577880859375e+01
7.143987274169921875e+01 -3.242625045776367188e+01
6.659426116943359375e+01 -1.830950736999511719e+01
-4.655326843261718750e+01 5.487631988525390625e+01
-5.095604324340820312e+01 -5.246728897094726562e+00
-1.731246757507324219e+01 1.016631851196289062e+02
-2.948045539855957031e+01 1.042087554931640625e+02
-1.338603305816650391e+01 1.907710647583007812e+01
8.812808036804199219e+00 8.659098052978515625e+01
-1.859829711914062500e+01 -2.154881668090820312e+01
-2.013721847534179688e+01 6.214823913574218750e+01
-4.920309066772460938e+01 -4.589045333862304688e+01
-4.385845947265625000e+01 1.062700958251953125e+02
-3.821190261840820312e+01 8.598357391357421875e+01
-3.145460128784179688e+01 8.785601043701171875e+01
-3.144004821777343750e+01 1.013890457153320312e+02
-5.456666946411132812e+01 8.367357635498046875e+01
-7.421715736389160156e+00 -6.520148468017578125e+01
7.621836853027343750e+01 -4.369675445556640625e+01
-3.671728897094726562e+01 7.865030670166015625e+01
-6.927494049072265625e+01 -2.572698020935058594e+01
-4.606732177734375000e+01 -4.780553054809570312e+01
8.671257019042968750e+01 -2.180853652954101562e+01
8.321548461914062500e+01 -1.917570114135742188e+01
-6.858016967773437500e+01 -3.154407119750976562e+01
-5.030554962158203125e+01 -4.591100692749023438e+00
-3.867576599121093750e+01 -1.929325866699218750e+01
6.222544860839843750e+01 1.029814600944519043e+00
-4.028144073486328125e+01 -2.758659553527832031e+01
1.343427467346191406e+01 5.386197662353515625e+01
2.988194465637207031e+01 -2.383967399597167969e+01
-3.060025978088378906e+01 1.062838439941406250e+02
1.254601764678955078e+01 5.629592514038085938e+01
-3.514459991455078125e+01 1.146857986450195312e+02
-6.018558144569396973e-01 4.098137283325195312e+01
-2.442938804626464844e+01 8.427836608886718750e+01
4.494667434692382812e+01 5.757820129394531250e+01
-2.404903793334960938e+01 8.748696899414062500e+01
-3.216717910766601562e+01 7.738523101806640625e+01
2.173362159729003906e+01 1.772160887718200684e+00
1.297587299346923828e+01 5.503498077392578125e+01
6.024053192138671875e+01 -5.926814079284667969e+00
-5.137923431396484375e+01 5.618754959106445312e+01
-3.192502403259277344e+01 9.678499603271484375e+01
-6.414432525634765625e+01 -8.962228775024414062e+00
9.844323730468750000e+01 -3.839398145675659180e+00
5.567136001586914062e+01 -2.164622688293457031e+01
7.115193939208984375e+01 2.375164270401000977e+00
5.944910049438476562e+01 4.488023757934570312e+00
5.522474288940429688e+01 -5.901827812194824219e+00
-4.776333236694335938e+01 6.220257568359375000e+01
-4.340332412719726562e+01 7.675900268554687500e+01
9.386373901367187500e+01 1.178475022315979004e+00
2.245982933044433594e+01 -2.895203590393066406e+01
-4.652646636962890625e+01 8.529983520507812500e+01
-3.209206390380859375e+01 9.872492218017578125e+01
6.235023880004882812e+01 -1.044824957847595215e+00
8.788681793212890625e+01 -2.688954830169677734e+00
2.960118103027343750e+01 9.817863464355468750e+00
6.823426055908203125e+01 -1.160171866416931152e+00
-6.305418395996093750e+01 9.125609588623046875e+01
-2.169180107116699219e+01 -6.340122985839843750e+01
7.604116058349609375e+01 -3.913737535476684570e+00
6.290755844116210938e+01 -4.659954833984375000e+01
8.916120147705078125e+01 -2.433095741271972656e+01
6.193114852905273438e+01 -1.495011711120605469e+01
6.785094738006591797e+00 -1.072136402130126953e+01
-1.148952722549438477e+00 5.316996002197265625e+01
8.797884368896484375e+01 -2.477968025207519531e+01
1.992018699645996094e+01 4.134026718139648438e+01
-4.951871490478515625e+01 6.112832641601562500e+01
1.617418670654296875e+01 8.433775329589843750e+01
-5.980671310424804688e+01 -3.114109420776367188e+01
-1.447760105133056641e+01 -5.708852005004882812e+01
-3.489550781250000000e+01 1.022364349365234375e+02
4.733162307739257812e+01 3.411855697631835938e+01
-3.653242111206054688e+01 9.774503326416015625e+01
-3.270362091064453125e+01 1.058141708374023438e+02
9.079644012451171875e+01 4.193728446960449219e+00
-5.255535507202148438e+01 4.505306854844093323e-02
6.435897064208984375e+01 -3.677675628662109375e+01
-3.213471221923828125e+01 7.184046173095703125e+01
-6.208426952362060547e+00 2.386111831665039062e+01
-4.241871643066406250e+01 7.644254302978515625e+01
-2.250873756408691406e+01 8.684319305419921875e+01
2.960143661499023438e+01 1.330299377441406250e+00
-7.468296051025390625e+01 -2.545862960815429688e+01
1.637581062316894531e+01 -2.050478553771972656e+01
9.356555938720703125e+01 2.172654628753662109e+00
-4.132380676269531250e+01 -5.890303802490234375e+01
-2.887865066528320312e+01 -2.765888786315917969e+01
2.342698860168457031e+01 -2.947566604614257812e+01
6.316227340698242188e+01 -1.374297809600830078e+01
6.627578735351562500e+01 -4.681595325469970703e+00
-3.419367218017578125e+01 1.048831481933593750e+02
-1.594209480285644531e+01 -5.267285919189453125e+01
5.671187973022460938e+01 -3.832575798034667969e+00
-3.912448501586914062e+01 7.979614257812500000e+01
-1.358807086944580078e+01 -6.536756896972656250e+01
-1.262959861755371094e+01 2.679849624633789062e+01
-5.358607101440429688e+01 6.718556213378906250e+01
7.294339537620544434e-01 -6.124672698974609375e+01
1.246533298492431641e+01 8.813207244873046875e+01
-2.680958557128906250e+01 1.081459808349609375e+02
7.001605987548828125e+01 -4.593488693237304688e+00
-3.562565231323242188e+01 1.069701843261718750e+02
-2.134226799011230469e+01 -1.762884902954101562e+01
-6.494760894775390625e+01 7.590697288513183594e+00
-4.357422637939453125e+01 6.751261138916015625e+01
-5.386574268341064453e+00 6.266431045532226562e+01
-3.838306808471679688e+01 8.544593811035156250e+01
9.641395568847656250e+01 -3.709643554687500000e+01
6.058412933349609375e+01 -6.501436710357666016e+00
1.554218959808349609e+01 8.729630279541015625e+01
9.666766357421875000e+01 -2.089022874832153320e+00
-2.983144760131835938e+01 1.082789688110351562e+02
-7.323856353759765625e+01 -2.548314857482910156e+01
6.538910388946533203e+00 6.386709594726562500e+01
3.222471618652343750e+01 3.746272659301757812e+01
-4.306016921997070312e+01 6.204070281982421875e+01
3.375228500366210938e+01 -1.860882568359375000e+01
1.462753486633300781e+01 -2.142131996154785156e+01
-2.898793220520019531e+01 1.152645187377929688e+02
-4.758572769165039062e+01 8.630603027343750000e+01
-4.522588348388671875e+01 8.903307342529296875e+01
-2.625204277038574219e+01 1.021931381225585938e+02
2.388962364196777344e+01 2.026249468326568604e-01
8.474211120605468750e+01 -3.869813442230224609e+00
-2.535484886169433594e+01 1.040501708984375000e+02
-1.339722537994384766e+01 6.528298187255859375e+01
-3.102083778381347656e+01 8.892941474914550781e+00
1.864100837707519531e+01 -4.278293609619140625e+00
-1.703872108459472656e+01 6.236990737915039062e+01
-6.079224777221679688e+01 -1.974169349670410156e+01
-4.189653396606445312e+01 -4.077957916259765625e+01
4.722417831420898438e+01 -4.708098983764648438e+01
8.773279571533203125e+01 -2.606479263305664062e+01
-2.893962287902832031e+01 1.019515151977539062e+02
2.158711051940917969e+01 -2.964811134338378906e+01
6.501963806152343750e+01 -4.865213394165039062e+00
-7.199741363525390625e+00 6.304803466796875000e+01
-3.581418228149414062e+01 9.635398864746093750e+01
9.580411529541015625e+01 -3.278842926025390625e+01
-4.493411636352539062e+01 7.466270446777343750e+01
1.261948776245117188e+01 8.257398223876953125e+01
-5.517260360717773438e+01 5.368325042724609375e+01
1.395953750610351562e+01 8.484593200683593750e+01
4.074017333984375000e+01 -5.365283966064453125e+01
4.740789031982421875e+01 -3.266622304916381836e+00
6.540753936767578125e+01 -9.896360397338867188e+00
-3.896218490600585938e+01 6.480179595947265625e+01
4.673994064331054688e+01 3.659351348876953125e+01
3.691184234619140625e+01 4.875725936889648438e+01
-3.308500671386718750e+01 8.673558044433593750e+01
-4.045588016510009766e+00 -7.803256225585937500e+01
8.785662841796875000e+01 -2.792896270751953125e+01
-3.305805587768554688e+01 9.885346221923828125e+01
-5.271591186523437500e+01 5.728927612304687500e+01
-6.542059326171875000e+01 2.569862127304077148e+00
-3.708107376098632812e+01 -3.237932968139648438e+01
4.566743850708007812e+01 5.624710845947265625e+01
-1.039744949340820312e+01 -3.413271713256835938e+01
-8.155543327331542969e+00 -5.857175064086914062e+01
1.563242435455322266e+01 1.586925601959228516e+01
-3.420140457153320312e+01 8.022247314453125000e+01
-5.052301788330078125e+01 5.714328002929687500e+01
2.998472595214843750e+01 -2.661000251770019531e+01
3.145353889465332031e+01 -1.709838294982910156e+01
-3.812887954711914062e+01 8.410562133789062500e+01
1.609927558898925781e+01 7.870035552978515625e+01
-3.076762676239013672e+00 -2.708801651000976562e+01
7.786665344238281250e+01 -6.215912342071533203e+00
-6.516805267333984375e+01 -3.555072784423828125e+01
7.494523620605468750e+01 -1.852264642715454102e+00
-4.864847183227539062e+01 -2.448130416870117188e+01
1.898024529218673706e-01 4.196499824523925781e+00
-2.546949195861816406e+01 -6.615052032470703125e+01
-6.210505294799804688e+01 4.492117881774902344e+00
-4.191862869262695312e+01 7.710791015625000000e+01
-3.764619827270507812e+01 7.761949920654296875e+01
-3.477573156356811523e+00 -6.437605285644531250e+01
-1.099745559692382812e+01 -7.106580257415771484e+00
-2.267419624328613281e+01 2.703843688964843750e+01
-2.813522338867187500e+01 9.430998992919921875e+01
-4.079428100585937500e+01 1.059676437377929688e+02
-1.452774238586425781e+01 1.377565383911132812e+01
-1.796381187438964844e+01 4.839029693603515625e+01
-2.034172630310058594e+01 1.078354873657226562e+02
-6.201086044311523438e+00 8.353748321533203125e+01
1.360256767272949219e+01 1.403192728757858276e-01
5.852621459960937500e+01 -5.815725326538085938e+01
-3.040491294860839844e+01 1.031021423339843750e+02
-2.902454566955566406e+01 1.065953292846679688e+02
-3.850215911865234375e+01 9.081278991699218750e+01
4.583395385742187500e+01 3.699902343750000000e+01
-5.311218261718750000e+01 5.405176925659179688e+01
8.853643798828125000e+01 -1.475267291069030762e+00
8.241720199584960938e+00 3.908518218994140625e+01
-5.054106903076171875e+01 6.821245574951171875e+01
5.893517684936523438e+01 -3.893671417236328125e+01
-2.955882453918457031e+01 9.378946685791015625e+01
-4.669023513793945312e+01 8.560601043701171875e+01
-3.528749084472656250e+01 -2.913823890686035156e+01
9.920185089111328125e+00 5.090692520141601562e+01
-8.590478897094726562e+00 4.181746959686279297e+00
-4.740742492675781250e+01 6.120092010498046875e+01
-6.752587127685546875e+01 -1.012291336059570312e+01
-5.456000137329101562e+01 6.126861953735351562e+01
-7.767369842529296875e+01 2.613637351989746094e+01
6.961701202392578125e+01 -3.197238159179687500e+01
5.298948669433593750e+01 -1.792723083496093750e+01
-3.915797042846679688e+01 1.111921768188476562e+02
1.147229957580566406e+01 9.320277404785156250e+01
-7.407405853271484375e+01 -1.412726211547851562e+01
1.063093852996826172e+01 1.861491966247558594e+01
-3.118587684631347656e+01 9.597482299804687500e+01
-5.079335021972656250e+01 6.968215942382812500e+01
1.443835830688476562e+01 9.341328430175781250e+01
-5.172962570190429688e+01 7.439369201660156250e+01
-2.787235069274902344e+01 1.043070526123046875e+02
-4.014493560791015625e+01 7.675478363037109375e+01
-2.991999053955078125e+01 1.016936340332031250e+02
-6.275164031982421875e+01 -5.478039169311523438e+01
2.735069084167480469e+01 -2.000571060180664062e+01
-4.495444107055664062e+01 7.746835327148437500e+01
-6.593978404998779297e-01 5.347836303710937500e+01
-4.041048812866210938e+01 1.087420501708984375e+02
-4.601054382324218750e+01 7.446524810791015625e+01
5.909571838378906250e+01 2.514603233337402344e+01
-1.588218331336975098e+00 -6.338883209228515625e+01
-2.095957565307617188e+01 -9.929688453674316406e+00
-2.752168083190917969e+01 1.113785018920898438e+02
-3.591613388061523438e+01 -9.422701835632324219e+00
5.423511981964111328e+00 4.903760528564453125e+01
-2.029888725280761719e+01 1.005507736206054688e+02
-3.152230072021484375e+01 7.325816345214843750e+01
-1.112917232513427734e+01 -3.055331420898437500e+01
-9.014515876770019531e+00 5.846438980102539062e+01
-4.640023040771484375e+01 7.445848083496093750e+01
-3.895907211303710938e+01 6.481525421142578125e+01
1.134074974060058594e+01 -2.792321968078613281e+01
-2.044057464599609375e+01 5.364221572875976562e+01
1.332262992858886719e+01 5.224822235107421875e+01
4.690856170654296875e+01 3.497599029541015625e+01
-5.240329742431640625e+01 -1.998611837625503540e-01
-3.204965591430664062e+01 8.204841613769531250e+01
-3.434627532958984375e+01 -7.948860168457031250e+00
-4.766423797607421875e+01 6.455351257324218750e+01
-7.717536926269531250e+01 -3.442200469970703125e+01
-4.309434509277343750e+01 1.079828186035156250e+02
7.992764711380004883e-01 -6.105382919311523438e+01
-5.291067504882812500e+01 5.926077270507812500e+01
-4.973554992675781250e+01 9.143051147460937500e+01
3.884992980957031250e+01 7.928987503051757812e+00
-4.063975143432617188e+01 -3.404997253417968750e+01
4.025333023071289062e+01 4.591819763183593750e+00
4.270415115356445312e+01 -2.549335479736328125e+01
9.281327247619628906e+00 7.855289459228515625e+01
-5.516460418701171875e+01 4.620068359375000000e+01
7.696314239501953125e+01 -4.694942474365234375e+01
-1.991134452819824219e+01 1.039700546264648438e+02
-8.295564651489257812e+00 1.115309715270996094e+01
-3.256570053100585938e+01 1.063008804321289062e+02
-1.772231101989746094e+01 4.072521209716796875e+00
1.168346977233886719e+01 -6.234270858764648438e+01
-6.969181060791015625e+01 1.477672290802001953e+01
-2.114941978454589844e+01 -2.063031435012817383e+00
-3.533524036407470703e+00 -7.925011444091796875e+01
3.878146362304687500e+01 9.726972579956054688e+00
-5.589682388305664062e+01 -4.913056564331054688e+01
-9.455102920532226562e+00 1.013690471649169922e+00
6.186246871948242188e+01 -3.384859848022460938e+01
-1.489051723480224609e+01 6.936022186279296875e+01
-1.495634460449218750e+01 1.054748764038085938e+02
-3.691030883789062500e+01 7.363526153564453125e+01
-3.802385711669921875e+01 -2.722262191772460938e+01
6.377600097656250000e+01 -2.970572948455810547e+00
6.933752441406250000e+01 -3.391575241088867188e+01
5.940201187133789062e+01 -1.055339813232421875e+00
-5.591506958007812500e+01 -6.638678073883056641e+00
-5.478698730468750000e+01 -7.952888965606689453e+00
-8.512230873107910156e+00 -6.178941726684570312e+01
4.374024581909179688e+01 4.676415920257568359e+00
-6.382913970947265625e+01 2.565437126159667969e+01
2.882878494262695312e+01 -1.959097099304199219e+01
8.317095184326171875e+01 -2.484905052185058594e+01
-5.737126159667968750e+01 8.511299896240234375e+01
-3.465763473510742188e+01 8.399024200439453125e+01
4.867380905151367188e+01 5.851726150512695312e+01
-2.753048896789550781e+01 -7.757835388183593750e+00
-6.373643493652343750e+01 1.026759338378906250e+01
4.253071975708007812e+01 5.939665222167968750e+01
-5.047433853149414062e+01 6.211817169189453125e+01
3.537677383422851562e+01 -1.344981765747070312e+01
-3.415358352661132812e+01 7.676301574707031250e+01
1.104008007049560547e+01 5.627332305908203125e+01
1.756549715995788574e+00 -1.962823677062988281e+01
-3.562697601318359375e+01 3.592134714126586914e+00
-6.097219085693359375e+01 -1.245567131042480469e+01
-1.239058303833007812e+01 -7.824107360839843750e+01
5.639063644409179688e+01 -2.110884475708007812e+01
-3.247671127319335938e+01 9.397484588623046875e+01
3.813623809814453125e+01 4.534833145141601562e+01
-3.247102737426757812e+01 1.115350418090820312e+02
1.829136466979980469e+01 -3.448926544189453125e+01
5.538557434082031250e+01 -5.426044845581054688e+01
1.824214363098144531e+01 9.234061431884765625e+01
-5.101273536682128906e+00 6.299011993408203125e+01
2.676624298095703125e+01 -5.246301740407943726e-02
-5.743312835693359375e+00 6.009507751464843750e+01
-7.323130798339843750e+01 -3.113751029968261719e+01
-4.606439590454101562e+01 -1.765959358215332031e+01
-4.983395767211914062e+01 -4.900413131713867188e+01
2.692182350158691406e+01 -4.402108117938041687e-02
-1.475755977630615234e+01 5.225261688232421875e+00
-4.115494537353515625e+01 8.206273651123046875e+01
-3.407938003540039062e+01 -1.241254615783691406e+01
-9.174186706542968750e+00 1.188997364044189453e+01
-2.585345458984375000e+01 9.990557861328125000e+01
-6.318850326538085938e+01 -3.391066360473632812e+01
-4.329043197631835938e+01 8.325894927978515625e+01
-5.199848937988281250e+01 6.481642150878906250e+01
-7.506729125976562500e+01 -2.842655563354492188e+01
-6.583467102050781250e+01 -9.221040725708007812e+00
1.662240791320800781e+01 -1.618204498291015625e+01
-5.337845611572265625e+01 8.591355895996093750e+01
1.432876300811767578e+01 -1.356325864791870117e+00
3.267363357543945312e+01 -5.514433670043945312e+01
5.695713806152343750e+01 -5.502313995361328125e+01
2.357921409606933594e+01 -7.000642395019531250e+01
-7.364750671386718750e+01 5.155106067657470703e+00
1.037289714813232422e+01 4.074758291244506836e-01
-5.334647750854492188e+01 7.711051177978515625e+01
-5.037272262573242188e+01 6.386724472045898438e+01
-1.311145401000976562e+01 3.882361650466918945e+00
6.405987739562988281e+00 3.461966037750244141e+00
-2.345505523681640625e+01 1.745804214477539062e+01
-6.847619628906250000e+01 1.518435668945312500e+01
-2.130313110351562500e+01 9.977637481689453125e+01
2.262940025329589844e+01 1.569466781616210938e+01
-3.371065139770507812e+01 1.027901382446289062e+02
-4.519486999511718750e+01 8.067406463623046875e+01
-3.911629486083984375e+01 1.168739395141601562e+02
1.091211795806884766e+01 -1.954539108276367188e+01
-2.280511665344238281e+01 1.043810958862304688e+02
1.196771979331970215e+00 2.915285873413085938e+01
1.606541824340820312e+01 5.466117477416992188e+01
-2.018855094909667969e+01 1.109556655883789062e+02
-4.206908416748046875e+01 7.463787841796875000e+01
6.346347427368164062e+01 1.769269943237304688e+00
-6.964878082275390625e+01 -2.924084854125976562e+01
-1.309651088714599609e+01 -6.720104217529296875e+01
-4.053770828247070312e+01 -2.045122909545898438e+01
2.014184188842773438e+01 1.654948997497558594e+01
-6.898056030273437500e+01 -1.849720001220703125e+01
-3.390253829956054688e+01 9.541459655761718750e+01
-2.961260414123535156e+01 1.812959861755371094e+01
-6.841786193847656250e+01 1.566190528869628906e+01
-6.635703086853027344e+00 -9.085132598876953125e+00
9.945263862609863281e+00 8.966696166992187500e+01
-5.628239822387695312e+01 -7.429463863372802734e+00
4.562250900268554688e+01 5.676984024047851562e+01
-4.736381912231445312e+01 8.379830169677734375e+01
3.580549621582031250e+01 -5.079166412353515625e+01
-3.592360687255859375e+01 2.190585613250732422e+00
6.090078353881835938e+01 -5.098952865600585938e+01
-4.331883621215820312e+01 1.010920944213867188e+02
1.281410026550292969e+01 1.770848846435546875e+01
-4.781053924560546875e+01 7.195413208007812500e+01
2.095116996765136719e+01 1.341549491882324219e+01
-3.874567413330078125e+01 3.212387561798095703e+00
2.836374473571777344e+01 6.096790695190429688e+01
4.370945358276367188e+01 -5.772696495056152344e+00
-5.823274993896484375e+01 9.104872894287109375e+01
-6.601061248779296875e+01 5.798285484313964844e+00
-5.683940124511718750e+01 8.166281890869140625e+01
6.441782379150390625e+01 -1.886049211025238037e-01
1.745863533020019531e+01 2.205058038234710693e-01
7.560782623291015625e+01 6.441216170787811279e-02
1.920192909240722656e+01 2.393752288818359375e+01
3.743408584594726562e+01 1.595639705657958984e+01
-7.137245178222656250e+01 -2.678648948669433594e+01
-4.394632720947265625e+01 6.161019515991210938e+01
8.472010612487792969e+00 4.527342224121093750e+01
5.538782882690429688e+01 -2.847772216796875000e+01
8.309271240234375000e+01 -1.918851661682128906e+01
-2.005096244812011719e+01 1.073505325317382812e+02
-6.919809722900390625e+01 -2.853206825256347656e+01
4.672351837158203125e+01 3.147949790954589844e+01
-2.017716789245605469e+01 2.144743728637695312e+01
-1.103335189819335938e+01 -6.138661956787109375e+01
1.289580535888671875e+01 -1.794058799743652344e+01
-5.344918060302734375e+01 8.591614532470703125e+01
-4.141157150268554688e+01 -2.691206741333007812e+01
6.029851531982421875e+01 2.504926681518554688e+00
4.099390029907226562e+01 1.501104831695556641e+01
-6.209179306030273438e+01 -2.774941062927246094e+01
1.039316940307617188e+01 9.354914093017578125e+01
-2.775151014328002930e+00 5.189670944213867188e+01
1.099289774894714355e+00 2.908390998840332031e+01
4.849103546142578125e+01 -3.549370956420898438e+01
-5.050064468383789062e+01 1.191350650787353516e+01
-4.596074295043945312e+01 -2.399346828460693359e+00
-7.243926239013671875e+01 -4.465243816375732422e+00
-7.259225463867187500e+01 -2.667115974426269531e+01
-4.597917938232421875e+01 7.777191162109375000e+01
1.650095176696777344e+01 2.834020996093750000e+01
-3.785058975219726562e+01 1.046720886230468750e+02
-6.989168548583984375e+01 1.047279167175292969e+01
-5.761202239990234375e+01 8.561406707763671875e+01
-3.002397537231445312e+01 9.167044830322265625e+01
1.166904735565185547e+01 3.221271753311157227e+00
-5.690834999084472656e+00 -3.400410842895507812e+01
1.613705444335937500e+01 1.966814231872558594e+01
1.243455696105957031e+01 2.112238311767578125e+01
8.066453933715820312e+00 4.981602859497070312e+01
5.590313673019409180e-01 -1.641180229187011719e+01
2.204958534240722656e+01 7.883457946777343750e+01
6.097891330718994141e-01 -6.446377563476562500e+01
-6.985446929931640625e+01 -2.610997009277343750e+01
-3.203158187866210938e+01 6.578784942626953125e+01
-3.797319412231445312e+01 -1.985887718200683594e+01
-4.069536209106445312e+01 6.771792602539062500e+01
2.318116378784179688e+01 -1.146764087677001953e+01
5.139800643920898438e+01 -1.125851917266845703e+01
-2.423504352569580078e+00 -5.239730072021484375e+01
1.508069896697998047e+01 -1.722815704345703125e+01
4.633049011230468750e+01 3.012486696243286133e-01
4.015072250366210938e+01 4.677894115447998047e+00
-2.358816719055175781e+01 1.016707077026367188e+02
-2.915967941284179688e+00 3.223265075683593750e+01
-4.450686645507812500e+01 -9.391803741455078125e+00
1.210414123535156250e+01 -6.381375122070312500e+01
-2.252399444580078125e+01 1.013251724243164062e+02
1.330109691619873047e+01 3.787715911865234375e+01
6.185854721069335938e+01 -3.371545028686523438e+01
-5.453218841552734375e+01 -2.080578422546386719e+01
-5.476013183593750000e+01 4.365636825561523438e+01
6.722106933593750000e+01 -6.174427986145019531e+00
-2.306347084045410156e+01 -5.568006134033203125e+01
-1.378319263458251953e+01 5.287675476074218750e+01
-5.190921020507812500e+01 8.826071929931640625e+01
2.034972190856933594e+01 2.301849365234375000e+01
-6.642238616943359375e+01 6.552314281463623047e+00
6.793952178955078125e+01 -1.696216583251953125e+01
2.650350952148437500e+01 -1.311672401428222656e+01
-5.469127655029296875e+01 -5.891001701354980469e+00
-5.947558975219726562e+01 9.118412780761718750e+01
-5.024526596069335938e+01 5.198682022094726562e+01
6.344717407226562500e+01 -1.551607322692871094e+01
-3.098975563049316406e+01 9.642448425292968750e+01
-2.575010299682617188e+01 1.028227767944335938e+02
8.925538635253906250e+01 -2.620469093322753906e+01
3.731140136718750000e+01 -1.188609218597412109e+01
-2.506119966506958008e+00 8.277981567382812500e+01
4.781325340270996094e+00 1.056244134902954102e+00
-3.950209140777587891e+00 -6.100475692749023438e+01
1.912338066101074219e+01 8.641303253173828125e+01
5.247079849243164062e+01 -5.729479598999023438e+01
-7.895535469055175781e+00 4.986727523803710938e+01
1.137009525299072266e+01 8.467456817626953125e+01
-3.719993209838867188e+01 8.207807922363281250e+01
1.854868698120117188e+01 8.325750732421875000e+01
-2.492520332336425781e+01 8.528629302978515625e+01
-5.090057373046875000e+00 2.796168327331542969e+01
5.559128952026367188e+01 -4.694058895111083984e+00
-4.908703994750976562e+01 8.883091735839843750e+01
-4.946124267578125000e+01 4.839097595214843750e+01
-7.517169952392578125e+01 -2.562741279602050781e+01
-7.839400482177734375e+01 -3.520853424072265625e+01
1.447299671173095703e+01 2.608885002136230469e+01
3.203652191162109375e+01 3.661342239379882812e+01
8.556921958923339844e+00 -4.140251922607421875e+01
1.218176651000976562e+01 8.467786407470703125e+01
-4.539374160766601562e+01 6.482510375976562500e+01
6.621758270263671875e+01 -2.888672351837158203e+00
4.454060077667236328e+00 -4.396286010742187500e+01
-3.963110733032226562e+01 9.346321105957031250e+01
5.122541046142578125e+01 -4.412566757202148438e+01
7.443668365478515625e+01 -2.141053199768066406e+00
1.773559188842773438e+01 1.895718383789062500e+01
2.064350700378417969e+01 1.168299865722656250e+01
-1.852193951606750488e+00 -5.890294647216796875e+01
-7.417250823974609375e+01 -3.279354095458984375e+01
3.915170288085937500e+01 1.694491958618164062e+01
-3.462127685546875000e+01 2.198700523376464844e+01
-2.137471199035644531e+01 -6.027808761596679688e+01
5.805308151245117188e+01 -1.275927352905273438e+01
6.857289886474609375e+01 -1.447913551330566406e+01
-2.699558830261230469e+01 9.604349517822265625e+01
5.868440628051757812e+01 -3.936366271972656250e+01
6.989639282226562500e+00 8.650258636474609375e+01
-4.128680801391601562e+01 -1.713250350952148438e+01
-1.794594383239746094e+01 6.265580368041992188e+01
-6.494902801513671875e+01 6.365581512451171875e+01
5.675168609619140625e+01 -7.402648162841796875e+01
4.480502319335937500e+01 -6.213697433471679688e+01
-7.252193450927734375e+01 4.352799415588378906e+00
-4.691183471679687500e+01 1.756974220275878906e+01
2.575295066833496094e+01 -3.783332061767578125e+01
-1.058795452117919922e+01 6.646196746826171875e+01
-7.282884979248046875e+01 7.958107471466064453e+00
-3.418070983886718750e+01 -1.207033252716064453e+01
-4.941369628906250000e+01 6.811567687988281250e+01
5.113389587402343750e+01 -3.145261764526367188e+01
-7.069159698486328125e+01 6.723997116088867188e+00
-3.380580520629882812e+01 5.567317962646484375e+00
-3.880260467529296875e+01 3.353464126586914062e+01
-4.131111907958984375e+01 -3.004099845886230469e+01
-4.532072830200195312e+01 -4.611394500732421875e+01
-4.564008712768554688e+00 3.687853574752807617e+00
-4.505405426025390625e+01 6.475226593017578125e+01
-2.858979225158691406e+01 7.174304962158203125e+01
1.090046882629394531e+01 9.036719512939453125e+01
-4.558473205566406250e+01 -2.956071662902832031e+01
1.621530342102050781e+01 -2.506362533569335938e+01
5.538782501220703125e+01 -3.017887878417968750e+01
1.801231384277343750e+01 -4.746052742004394531e+00
6.249895095825195312e+01 -3.903334045410156250e+01
-4.338970184326171875e+01 -4.924992752075195312e+01
1.399054145812988281e+01 -3.749659061431884766e+00
7.834183502197265625e+01 -4.442075252532958984e+00
6.046003341674804688e+01 -1.037938833236694336e+00
-5.161859130859375000e+01 4.750610351562500000e+01
6.154800033569335938e+01 -2.596213340759277344e+00
4.550181961059570312e+01 5.162442475557327271e-02
-5.153504943847656250e+01 -4.749617385864257812e+01
5.739531326293945312e+01 -5.643029785156250000e+01
5.334444808959960938e+01 -4.030298614501953125e+01
4.371939468383789062e+01 7.859280586242675781e+00
2.572115135192871094e+01 6.084151077270507812e+01
-1.321673870086669922e+01 1.239213180541992188e+01
6.714063644409179688e+00 9.152838897705078125e+01
-4.361897277832031250e+01 -1.140171241760253906e+01
6.596172332763671875e+01 -2.273674201965332031e+01
1.727819442749023438e+01 -2.889628791809082031e+01
3.260891342163085938e+01 1.019445228576660156e+01
1.523236179351806641e+01 8.109272766113281250e+01
2.854400634765625000e+01 -5.731413364410400391e+00
1.029098892211914062e+01 5.056936645507812500e+01
-4.972039794921875000e+01 -4.897161865234375000e+01
-5.078043365478515625e+01 4.709392166137695312e+01
1.598912620544433594e+01 1.468688869476318359e+01
-1.081686973571777344e+00 -2.881127548217773438e+01
-9.082226753234863281e+00 -2.999956512451171875e+01
-2.562486267089843750e+01 8.550403594970703125e+01
2.001759338378906250e+01 1.200396919250488281e+01
-6.771948242187500000e+01 -2.787669372558593750e+01
8.561717987060546875e+01 -4.365970611572265625e+00
3.841666412353515625e+01 1.077182292938232422e+01
4.182739734649658203e+00 4.437766647338867188e+01
-6.797903442382812500e+01 -3.240358352661132812e+01
-2.336849689483642578e+00 -2.251471328735351562e+01
-6.951721191406250000e+01 -3.173346138000488281e+01
8.796910095214843750e+01 -2.023627281188964844e+01
-5.174148941040039062e+01 -1.339190101623535156e+01
-1.892417526245117188e+01 -1.500493335723876953e+01
-3.975849914550781250e+01 1.455678272247314453e+01
-1.249825477600097656e+01 -2.255827426910400391e+00
1.440795040130615234e+01 -2.965091323852539062e+01
8.798397064208984375e+01 -2.321056175231933594e+01
-2.011133384704589844e+01 6.144839096069335938e+01
-1.605663108825683594e+01 9.669258117675781250e+01
6.120460510253906250e+01 -1.454688739776611328e+01
8.576757812500000000e+01 -1.505953121185302734e+01
-6.957238674163818359e+00 6.829100799560546875e+01
1.006619548797607422e+01 -2.999854087829589844e+00
3.858756780624389648e+00 4.395663070678710938e+01
4.326590728759765625e+01 5.536409378051757812e+01
-4.318399047851562500e+01 1.455097103118896484e+01
-2.964229393005371094e+01 7.231978607177734375e+01
1.317525768280029297e+01 8.437532043457031250e+01
-1.061468219757080078e+01 -7.446737766265869141e+00
-3.052187442779541016e+00 -3.399682235717773438e+01
-5.004829788208007812e+01 -4.138901138305664062e+01
-5.172560501098632812e+01 6.758257293701171875e+01
-7.910202789306640625e+01 1.131471538543701172e+01
-2.002338981628417969e+01 -5.959933280944824219e+00
1.010957908630371094e+01 1.500216484069824219e+01
-1.199594402313232422e+01 6.499070739746093750e+01
7.380406379699707031e+00 -1.713580513000488281e+01
-1.386395168304443359e+01 1.362823772430419922e+01
-2.587075233459472656e+01 9.735462951660156250e+01
-6.202107238769531250e+01 -1.351633548736572266e+00
-1.834611701965332031e+01 1.379959011077880859e+01
-4.380088424682617188e+01 -2.200573730468750000e+01
2.814843416213989258e+00 7.258757019042968750e+01
7.419619083404541016e+00 9.831019401550292969e+00
6.857567310333251953e+00 8.269572448730468750e+01
2.253185653686523438e+01 -4.608901596069335938e+01
-5.102526855468750000e+01 5.290196609497070312e+01
1.522327136993408203e+01 2.736850357055664062e+01
-1.205930042266845703e+01 6.768418312072753906e+00
-1.816271018981933594e+01 5.147265243530273438e+01
-1.656937003135681152e-01 -3.240499877929687500e+01
-9.134804606437683105e-01 3.243912887573242188e+01
-6.649336242675781250e+01 1.766511917114257812e+01
4.496918869018554688e+01 5.451450943946838379e-01
8.198728179931640625e+01 -2.772034645080566406e+01
-2.661003875732421875e+01 -4.592078781127929688e+01
-5.230789184570312500e+01 -5.177247619628906250e+01
6.280611038208007812e+00 8.609586334228515625e+01
-4.812043762207031250e+01 8.015082550048828125e+01
-2.405832862854003906e+01 -5.537839126586914062e+01
-2.385684776306152344e+01 1.034296569824218750e+02
7.541119384765625000e+01 -8.764778375625610352e-01
-5.245100784301757812e+01 5.610077285766601562e+01
-3.033421325683593750e+01 5.416359710693359375e+01
1.106198692321777344e+01 5.173651218414306641e+00
-1.740997695922851562e+01 1.257831859588623047e+01
6.112719726562500000e+01 -4.853864192962646484e+00
6.824060440063476562e+00 -3.131664276123046875e+01
8.083663940429687500e+00 8.776972961425781250e+01
1.425778484344482422e+01 5.086090087890625000e+01
7.796397209167480469e+00 -8.379784584045410156e+00
1.832104873657226562e+01 8.714982604980468750e+01
6.527692413330078125e+01 9.509565830230712891e-01
-5.308499526977539062e+01 -5.717925262451171875e+01
-6.115219879150390625e+01 -3.532725143432617188e+01
8.491110992431640625e+01 -1.894221496582031250e+01
-2.089976119995117188e+01 -7.162725067138671875e+01
7.798373699188232422e+00 4.412712097167968750e+01
2.573778152465820312e+01 3.322099685668945312e+01
-7.419591522216796875e+01 -2.789728546142578125e+01
-1.752301979064941406e+01 -2.450639152526855469e+01
-6.566825103759765625e+01 7.059277057647705078e+00
-6.071116256713867188e+01 -5.449600982666015625e+01
-2.227899551391601562e+01 8.158891677856445312e+00
2.092246055603027344e+01 2.209298896789550781e+01
6.035943222045898438e+01 -5.304719543457031250e+01
1.434752559661865234e+01 2.756044387817382812e+01
-5.478671646118164062e+01 5.235901474952697754e-01
-5.249609375000000000e+01 -5.126961898803710938e+01
-6.687699127197265625e+01 -3.317511367797851562e+01
-8.188280105590820312e+00 6.099904251098632812e+01
-2.879825592041015625e+01 1.011057968139648438e+02
-5.696749496459960938e+01 8.987292480468750000e+01
-1.779354661703109741e-01 -1.517891407012939453e+01
7.047747611999511719e+00 4.718122482299804688e+01
9.394413948059082031e+00 -2.862897872924804688e+01
2.531578636169433594e+01 6.130809783935546875e+01
2.290642929077148438e+01 -6.234755516052246094e+00
7.195570373535156250e+01 -6.642665386199951172e+00
9.089110374450683594e+00 1.140861225128173828e+01
3.272420120239257812e+01 -2.919961547851562500e+01
8.879479980468750000e+01 -2.588782691955566406e+01
-1.330126285552978516e+01 -1.685654449462890625e+01
-4.014067840576171875e+01 -3.952466201782226562e+01
3.302143478393554688e+01 -2.914600563049316406e+01
6.241526794433593750e+01 -4.209086418151855469e+00
5.193470001220703125e+00 -3.536135864257812500e+01
-3.896330261230468750e+01 8.127692413330078125e+01
-4.823511886596679688e+01 -6.411296844482421875e+01
5.232947921752929688e+01 -6.252322006225585938e+01
2.523787117004394531e+01 -1.812277221679687500e+01
-3.027491378784179688e+01 -2.844658279418945312e+01
-2.240576744079589844e+01 -6.553862762451171875e+01
6.024366378784179688e+01 -4.493050575256347656e+00
2.944524192810058594e+01 1.753682971000671387e+00
6.623031616210937500e+01 7.082293987274169922e+00
-1.964471626281738281e+01 8.645542907714843750e+01
-3.982704162597656250e+01 -3.203886413574218750e+01
3.742263412475585938e+01 7.826292991638183594e+00
-5.339041900634765625e+01 6.936305999755859375e+01
4.348324203491210938e+01 -6.293547058105468750e+01
2.709518623352050781e+01 6.150995635986328125e+01
-4.326956558227539062e+01 -3.513325119018554688e+01
7.224326324462890625e+01 -3.627471208572387695e+00
6.284594726562500000e+01 -2.785633850097656250e+01
1.164402103424072266e+01 1.413265228271484375e+01
1.473721790313720703e+01 8.676889801025390625e+01
-1.811102104187011719e+01 4.906607055664062500e+01
3.572649383544921875e+01 1.384428882598876953e+01
-4.071943759918212891e+00 4.229257202148437500e+01
1.214281272888183594e+01 2.061705017089843750e+01
-5.380551910400390625e+01 6.884602355957031250e+01
-5.287924766540527344e+00 5.857109451293945312e+01
-3.924992752075195312e+01 -6.061879348754882812e+01
2.486603736877441406e+01 1.441759467124938965e+00
-7.151160430908203125e+01 -2.876250076293945312e+01
8.846276283264160156e+00 4.521441650390625000e+01
7.882658386230468750e+01 -8.260457038879394531e+00
8.265599060058593750e+01 -6.380486011505126953e+00
4.175303268432617188e+01 8.376728057861328125e+00
-5.594474029541015625e+01 4.675188064575195312e+01
-5.983277130126953125e+01 -1.664469337463378906e+01
-1.682547950744628906e+01 1.083648757934570312e+02
9.585266113281250000e+00 -3.672706985473632812e+01
9.610076904296875000e+00 7.490002441406250000e+01
5.522999954223632812e+01 -3.847643661499023438e+01
7.725202941894531250e+01 -1.219110965728759766e+00
6.637236785888671875e+01 -3.347176742553710938e+01
1.006141853332519531e+01 8.115747070312500000e+01
2.185146713256835938e+01 2.517160224914550781e+01
4.741191864013671875e+01 -3.064838981628417969e+01
-6.052779197692871094e+00 6.338242721557617188e+01
5.003459930419921875e+01 5.881049728393554688e+01
2.075881767272949219e+01 2.407826995849609375e+01
-7.284792327880859375e+01 -2.646515846252441406e+01
-1.026043987274169922e+01 4.786094284057617188e+01
8.700041198730468750e+01 2.342055082321166992e+00
3.016439676284790039e-01 -2.375678825378417969e+01
6.879463195800781250e+01 -9.532538414001464844e+00
1.737839818000793457e+00 7.593704700469970703e+00
-2.191541862487792969e+01 -6.075858306884765625e+01
1.038212013244628906e+01 7.929808807373046875e+01
-2.956675529479980469e+01 1.165793533325195312e+02
-3.675360488891601562e+01 1.129673957824707031e+00
-2.231622934341430664e+00 -9.349153518676757812e+00
-6.838144683837890625e+01 -2.102207374572753906e+01
-5.542514324188232422e+00 -7.505557250976562500e+01
-4.967011642456054688e+01 4.896603393554687500e+01
1.005431747436523438e+01 8.415995025634765625e+01
-1.731785202026367188e+01 8.849185943603515625e+00
-6.587203216552734375e+01 -4.074575901031494141e+00
9.024842262268066406e+00 8.518872070312500000e+01
-1.213701486587524414e+00 3.234867477416992188e+01
5.527604579925537109e+00 7.783460235595703125e+01
-1.354981517791748047e+01 6.309586715698242188e+01
-4.766969299316406250e+01 7.704931640625000000e+01
-2.737918663024902344e+01 8.489482116699218750e+01
1.888303184509277344e+01 8.928733825683593750e+01
9.077820587158203125e+01 -3.663253402709960938e+01
5.934286117553710938e+01 -1.024321460723876953e+01
-3.716405868530273438e+01 -2.840363383293151855e-01
-3.474920272827148438e+01 9.051368713378906250e+01
-8.825319290161132812e+00 1.073242950439453125e+01
-6.747600555419921875e+01 1.260324573516845703e+01
-1.419057846069335938e+01 6.580522155761718750e+01
-5.172025680541992188e+01 4.881915664672851562e+01
4.798028469085693359e+00 3.963547515869140625e+01
-5.420820713043212891e+00 8.295600128173828125e+01
4.560884857177734375e+01 -4.998540878295898438e+01
-4.496498489379882812e+01 -6.669245147705078125e+01
-3.549478292465209961e+00 8.203910827636718750e+01
2.680104827880859375e+01 5.330827331542968750e+01
-3.155426025390625000e+01 -3.971466445922851562e+01
-6.941732025146484375e+01 -1.651266694068908691e+00
-5.787453174591064453e+00 -4.297238826751708984e+00
1.803076934814453125e+01 7.544788360595703125e+01
4.550893402099609375e+01 -3.837558984756469727e+00
8.694881439208984375e+01 -3.031887054443359375e+01
3.587932586669921875e+01 -4.981409454345703125e+01
-6.686184692382812500e+01 -1.781615447998046875e+01
2.360714149475097656e+01 -9.094260931015014648e-01
2.733136177062988281e+01 6.042380142211914062e+01
4.440889739990234375e+01 -6.522674560546875000e+01
-4.807471847534179688e+01 7.128163146972656250e+01
-2.623844909667968750e+01 9.104174041748046875e+01
-3.251089096069335938e+01 8.716473388671875000e+01
1.056972694396972656e+01 -4.108709716796875000e+01
-1.794650840759277344e+01 1.004552154541015625e+02
9.359173178672790527e-01 -1.893728446960449219e+01
5.645711898803710938e+01 -1.984395980834960938e+00
8.973079681396484375e+01 6.683551788330078125e+00
-6.365144729614257812e+01 -1.607019042968750000e+01
8.472285270690917969e+00 9.301700592041015625e+01
8.372814178466796875e+00 9.153666496276855469e+00
3.977388381958007812e+01 -2.849396133422851562e+01
4.708633422851562500e+00 8.224809265136718750e+01
-2.474282455444335938e+01 -3.860011672973632812e+01
5.164393615722656250e+01 -1.146290111541748047e+01
5.912898540496826172e+00 -1.672096443176269531e+01
3.326610565185546875e+01 7.693669319152832031e+00
7.980910491943359375e+01 -2.115888595581054688e+00
1.690301322937011719e+01 8.079409027099609375e+01
-2.218875503540039062e+01 -8.707881927490234375e+00
5.494241714477539062e+00 7.775866699218750000e+01
6.899703025817871094e+00 -3.034070968627929688e+01
-7.454777240753173828e+00 -7.411934661865234375e+01
-3.891724014282226562e+01 5.216767311096191406e+00
-7.151691436767578125e+01 -3.210831069946289062e+01
-5.239698791503906250e+01 4.622775650024414062e+01
-1.673181343078613281e+01 4.758944320678710938e+01
9.804451942443847656e+00 -2.201337623596191406e+01
-7.433874511718750000e+01 -1.451103687286376953e+01
-4.757194137573242188e+01 -2.816444396972656250e+01
7.015563488006591797e+00 -1.976949310302734375e+01
1.208244132995605469e+01 7.745764923095703125e+01
-4.947467422485351562e+01 -4.585055923461914062e+01
-5.749639511108398438e+01 -2.211830139160156250e+01
5.423971652984619141e+00 8.776452636718750000e+01
1.707242202758789062e+01 8.412834167480468750e+01
-1.257202148437500000e+01 4.946631622314453125e+01
1.317726707458496094e+01 3.577609634399414062e+01
1.503704166412353516e+01 -3.475457382202148438e+01
-1.505131912231445312e+01 4.144829940795898438e+01
2.563251495361328125e+01 2.203824234008789062e+01
-5.211034774780273438e+01 -5.355693435668945312e+01
1.202833938598632812e+01 -6.130198669433593750e+01
-4.286159133911132812e+01 -3.216448211669921875e+01
3.789256668090820312e+01 1.779414558410644531e+01
-5.158034324645996094e+00 -4.576156616210937500e+00
5.777203369140625000e+01 1.794016599655151367e+00
5.711394119262695312e+01 1.044428348541259766e+00
9.002262115478515625e+01 6.206672191619873047e+00
1.986065101623535156e+01 7.940219879150390625e+01
1.375224304199218750e+01 -5.664085865020751953e+00
-7.842877388000488281e+00 1.143988895416259766e+01
3.612915802001953125e+01 4.650396347045898438e+01
-3.097867727279663086e+00 -3.077716255187988281e+01
5.732948684692382812e+01 -6.139338493347167969e+00
-1.388396549224853516e+01 6.421832275390625000e+01
-3.816235351562500000e+01 1.135171813964843750e+02
8.050753593444824219e+00 7.334284210205078125e+01
-5.254265975952148438e+01 4.275111389160156250e+01
5.972606277465820312e+01 2.455294036865234375e+01
-4.631229019165039062e+01 1.717960739135742188e+01
3.768934249877929688e+01 -7.873329162597656250e+00
-7.962593078613281250e+01 -1.513243293762207031e+01
1.411968231201171875e+01 2.873971557617187500e+01
5.002652740478515625e+01 -8.790048599243164062e+00
-3.463264703750610352e+00 2.302550506591796875e+01
-2.390294647216796875e+01 2.673633575439453125e+01
-4.788797760009765625e+01 -6.170801162719726562e+01
2.000841331481933594e+01 -4.696070480346679688e+01
1.605945014953613281e+01 -7.331745624542236328e+00
-3.594178009033203125e+01 1.042065620422363281e+01
4.851007461547851562e+00 -3.270058631896972656e+00
4.091783523559570312e+00 8.562732696533203125e+01
5.751855087280273438e+01 -5.505590915679931641e+00
-4.192195129394531250e+01 -4.816477584838867188e+01
1.638092422485351562e+01 2.688439559936523438e+01
9.674224853515625000e+00 9.125106811523437500e+01
8.078529357910156250e+01 1.427134799957275391e+01
1.861167907714843750e+01 1.261602783203125000e+01
4.796712493896484375e+01 -1.462179565429687500e+01
2.370229530334472656e+01 7.248558807373046875e+01
-1.183058834075927734e+01 1.482742309570312500e+01
1.320313572883605957e+00 -2.595077705383300781e+01
-3.694420623779296875e+01 -5.509849166870117188e+01
1.699500274658203125e+01 -1.240001964569091797e+01
8.200214385986328125e+00 8.025551605224609375e+01
1.304855060577392578e+01 8.682836914062500000e+01
-1.817388653755187988e+00 -2.191032218933105469e+01
-5.711079025268554688e+01 3.660956382751464844e+00
1.864752960205078125e+01 7.570414733886718750e+01
5.985607624053955078e+00 9.193045806884765625e+01
7.066256713867187500e+01 -6.398217201232910156e+00
-2.464684009552001953e+00 4.029690170288085938e+01
-1.072774982452392578e+01 4.344927978515625000e+01
-1.807450294494628906e+01 6.003231525421142578e+00
-5.837274169921875000e+01 1.336869430541992188e+01
6.539629364013671875e+01 4.690263271331787109e+00
-3.221429061889648438e+01 7.449903964996337891e+00
-5.244264984130859375e+01 -1.448676776885986328e+01
-3.907603073120117188e+01 1.047845306396484375e+02
-1.152223968505859375e+01 -3.203644943237304688e+01
-7.052235412597656250e+01 -1.741862678527832031e+01
-5.545871734619140625e+01 -3.428742408752441406e+00
2.407642364501953125e+01 -9.534697532653808594e+00
-4.983677673339843750e+01 2.548648262023925781e+01
-2.033740615844726562e+01 5.665891265869140625e+01
-6.580363464355468750e+01 8.089153289794921875e+00
-3.955396652221679688e+01 8.854435729980468750e+01
-6.999410247802734375e+01 1.470831012725830078e+01
-2.385949897766113281e+01 -7.051846027374267578e+00
-3.160444068908691406e+01 7.208501434326171875e+01
9.249236106872558594e+00 -5.499678039550781250e+01
2.473798370361328125e+01 -1.232426452636718750e+01
7.899635314941406250e+00 -1.989718437194824219e+01
-5.326815414428710938e+01 7.170513916015625000e+01
-3.887221097946166992e+00 -1.522732925415039062e+01
1.566088771820068359e+01 2.672500419616699219e+01
-2.229602098464965820e+00 -7.963063812255859375e+01
7.222545623779296875e+01 -2.739340972900390625e+01
7.767872333526611328e+00 8.247750854492187500e+01
-1.659179115295410156e+01 2.247538566589355469e+01
-2.273736572265625000e+01 -5.631711196899414062e+01
-4.668060684204101562e+01 -4.189544296264648438e+01
-2.095178413391113281e+01 -6.150862121582031250e+01
-2.484035301208496094e+01 -6.181454467773437500e+01
-4.097330093383789062e+00 1.187871932983398438e+01
1.813769531250000000e+01 -3.424285507202148438e+01
-1.060258674621582031e+01 -6.320296096801757812e+01
2.122138977050781250e+01 -3.848040008544921875e+01
4.490477752685546875e+01 -5.335358810424804688e+01
4.191129302978515625e+01 -2.503875160217285156e+01
3.397595214843750000e+01 -1.461368179321289062e+01
-8.775854110717773438e+00 -1.233924579620361328e+01
6.651177978515625000e+01 3.034061908721923828e+00
-6.040965652465820312e+01 -3.543029022216796875e+01
2.391763877868652344e+01 2.180602645874023438e+01
8.334910583496093750e+01 -1.772233605384826660e+00
3.391197967529296875e+01 -5.541724777221679688e+01
8.000538635253906250e+01 -1.705235123634338379e+00
-4.905700302124023438e+01 -6.095917510986328125e+01
3.068627357482910156e+01 6.354909420013427734e+00
4.204009246826171875e+01 1.935692214965820312e+01
2.559448432922363281e+01 2.211006164550781250e+01
1.709892463684082031e+01 8.263018035888671875e+01
2.273202419281005859e+00 3.386681365966796875e+01
2.020661592483520508e+00 8.011064147949218750e+01
2.014402961730957031e+01 7.669441986083984375e+01
1.404309368133544922e+01 -9.850798845291137695e-01
-7.949673461914062500e+01 -2.922872161865234375e+01
-2.805888175964355469e+00 1.029645538330078125e+01
3.134168624877929688e+00 3.307402801513671875e+01
-1.310365486145019531e+01 3.503391027450561523e+00
-4.832627868652343750e+01 8.036930084228515625e+01
-4.056532669067382812e+01 -1.603680229187011719e+01
4.531071090698242188e+01 -3.361358642578125000e+01
5.365550231933593750e+01 1.726886868476867676e+00
1.002973079681396484e+01 -1.468799400329589844e+01
2.873931121826171875e+01 -5.392488861083984375e+01
-3.379723358154296875e+01 1.267047595977783203e+01
7.860678100585937500e+01 -2.939186096191406250e+00
3.809193038940429688e+01 2.271929502487182617e+00
4.030966567993164062e+01 -2.792063713073730469e+01
-7.540571594238281250e+01 7.239348411560058594e+00
-3.705799102783203125e+01 7.943596649169921875e+01
-8.047366333007812500e+01 -5.889614105224609375e+01
6.198158264160156250e+00 1.290923976898193359e+01
4.478390121459960938e+01 -6.119363784790039062e+01
5.750725555419921875e+01 2.381648272275924683e-01
-7.862777233123779297e+00 -2.978220176696777344e+01
-1.458626651763916016e+01 1.100406932830810547e+01
-6.370842361450195312e+01 -2.079547309875488281e+01
-4.235231781005859375e+01 1.713711166381835938e+01
-6.440431118011474609e+00 -2.515324020385742188e+01
-9.413579940795898438e+00 -3.061927032470703125e+01
1.442284393310546875e+01 8.871038055419921875e+01
8.251460266113281250e+01 -4.747003555297851562e+00
1.805077672004699707e+00 3.669527816772460938e+01
-6.331808471679687500e+01 -1.396795463562011719e+01
-2.110302925109863281e+00 5.279042816162109375e+01
-3.796958923339843750e+01 -1.601591110229492188e+01
-5.323609542846679688e+01 5.205001449584960938e+01
-7.388080596923828125e+01 -1.577108669281005859e+01
-4.054875373840332031e+00 5.706951141357421875e+01
-1.504025745391845703e+01 2.574617624282836914e+00
7.198319244384765625e+01 9.713167190551757812e+00
5.783895492553710938e+01 -1.987954139709472656e+00
-1.637078285217285156e+01 -3.697220230102539062e+01
4.674071884155273438e+01 5.599011230468750000e+01
8.198358917236328125e+01 -3.338698196411132812e+01
-5.966673278808593750e+01 8.963253021240234375e+01
5.844385910034179688e+01 -3.344317245483398438e+01
4.475027084350585938e+01 -2.567544937133789062e+01
6.176683425903320312e+01 -2.649619102478027344e+01
-3.298133468627929688e+01 5.986926269531250000e+01
-7.829475879669189453e+00 5.889326477050781250e+01
2.919424629211425781e+01 1.014568233489990234e+01
3.031563186645507812e+01 3.546319961547851562e+01
-7.366349792480468750e+01 -9.413823127746582031e+00
2.263813209533691406e+01 8.351714324951171875e+01
-2.263817405700683594e+01 -5.628260040283203125e+01
-3.748054885864257812e+01 -6.246689987182617188e+01
6.229578781127929688e+01 -2.183162689208984375e+00
-8.047437286376953125e+01 -5.889678192138671875e+01
-2.148840522766113281e+01 -1.752279090881347656e+01
-1.389530944824218750e+01 -1.888979196548461914e+00
3.964610671997070312e+01 -2.992614364624023438e+01
-1.533073043823242188e+01 4.216765975952148438e+01
-3.559370803833007812e+01 -1.484351730346679688e+01
-3.520895767211914062e+01 -2.464977073669433594e+01
8.226041412353515625e+01 -2.801114273071289062e+01
4.458218383789062500e+01 5.815391921997070312e+01
8.277196502685546875e+01 -2.495979690551757812e+01
-1.724370002746582031e+01 -3.209181213378906250e+01
7.072065353393554688e+00 7.200877666473388672e+00
5.448477935791015625e+01 9.601688385009765625e+00
2.041405487060546875e+01 -4.178922271728515625e+01
8.431043624877929688e+00 8.624427795410156250e+01
5.378855133056640625e+01 -3.975353622436523438e+01
1.739885711669921875e+01 2.053138923645019531e+01
-6.838690185546875000e+01 7.840647697448730469e+00
3.961058807373046875e+01 -4.917327117919921875e+01
-2.654963493347167969e+01 -2.748212099075317383e+00
-1.215629673004150391e+01 -3.879381561279296875e+01
-1.311601161956787109e+00 2.178210258483886719e+00
-5.041109561920166016e+00 8.108019256591796875e+01
-1.332659816741943359e+01 -3.598425674438476562e+01
9.704457092285156250e+01 -3.123208808898925781e+01
-3.823310852050781250e+01 1.181624755859375000e+02
-6.888563537597656250e+01 -6.243556499481201172e+00
-1.632731819152832031e+01 9.531151771545410156e+00
-5.052523422241210938e+01 -2.023715591430664062e+01
-9.249213218688964844e+00 1.789566230773925781e+01
5.509386825561523438e+01 1.778645396232604980e+00
-6.707742691040039062e+00 5.769252395629882812e+01
1.955164146423339844e+01 -3.290628814697265625e+01
-1.308849143981933594e+01 -2.894729614257812500e+01
7.932443237304687500e+01 -3.976266384124755859e+00
-7.377614021301269531e+00 5.238432312011718750e+01
7.451549530029296875e+01 -2.919239759445190430e+00
6.561687469482421875e+01 3.175085306167602539e+00
-7.343872070312500000e+01 -3.040374946594238281e+01
4.527631759643554688e+00 -1.637862586975097656e+01
-7.091529846191406250e+01 9.117821693420410156e+00
1.998657608032226562e+01 4.046008300781250000e+01
-3.825825929641723633e+00 -6.325777053833007812e+01
8.351368713378906250e+01 -3.019672966003417969e+01
-6.864279937744140625e+01 -4.507805824279785156e+00
-1.050033283233642578e+01 -3.142534255981445312e+01
5.390277862548828125e+00 -1.045443248748779297e+01
8.997674560546875000e+01 -4.807660281658172607e-01
-1.386238861083984375e+01 -9.575359344482421875e+00
2.948779678344726562e+01 -5.365663146972656250e+01
8.037250518798828125e+01 -2.424301385879516602e+00
-1.218691825866699219e+01 -2.912616157531738281e+01
1.558504581451416016e+01 -5.296629714965820312e+01
-3.032514381408691406e+01 -4.089201354980468750e+01
6.017286300659179688e+01 -1.001571941375732422e+01
9.039460182189941406e+00 -2.946051788330078125e+01
2.352928352355957031e+01 7.420571899414062500e+01
