5.886446380615234375e+01 -6.977913665771484375e+01
6.461920928955078125e+01 -2.176217079162597656e+01
-6.150643539428710938e+01 -2.362538719177246094e+01
8.732527160644531250e+01 -1.054995727539062500e+01
7.612158203125000000e+01 -5.362159252166748047e+00
7.014266204833984375e+01 -5.053647232055664062e+01
8.919686126708984375e+01 -2.977324295043945312e+01
-8.180194854736328125e+01 -2.245802879333496094e+01
4.270861434936523438e+01 3.039080047607421875e+01
4.753506088256835938e+01 3.630258941650390625e+01
7.623861694335937500e+01 -9.098354339599609375e+00
6.801992797851562500e+01 -2.083332443237304688e+01
8.122581481933593750e+00 -9.807226181030273438e+00
7.000925445556640625e+01 -4.514662170410156250e+01
5.656891250610351562e+01 -6.465335083007812500e+01
-6.958038330078125000e+01 9.446671485900878906e+00
6.632118225097656250e+01 -1.633136749267578125e+01
-4.145172238349914551e-01 -7.398999023437500000e+01
1.115488243103027344e+01 3.661452484130859375e+01
7.409615325927734375e+01 -4.494469451904296875e+01
6.080111312866210938e+01 -1.793728065490722656e+01
7.359986782073974609e+00 -7.507433319091796875e+01
4.977666854858398438e+01 -6.497396087646484375e+01
3.137112617492675781e+01 3.748062515258789062e+01
5.238021087646484375e+01 -2.863483428955078125e+01
9.560004425048828125e+01 -4.200493335723876953e+00
9.325672912597656250e+01 -4.483261108398437500e+00
7.123495483398437500e+01 -1.569973373413085938e+01
-4.932160949707031250e+01 -5.806989288330078125e+01
4.667010498046875000e+01 -6.353220748901367188e+01
6.017737960815429688e+01 -2.039705085754394531e+01
-5.829273986816406250e+01 -5.516114807128906250e+01
9.360408020019531250e+01 -3.246708297729492188e+01
1.318663787841796875e+01 -1.819906044006347656e+01
6.365874481201171875e+01 -6.374417877197265625e+01
5.858326339721679688e+01 -6.408126831054687500e+01
9.083290100097656250e+01 -2.988752841949462891e+00
6.229933166503906250e+01 -6.489574432373046875e+01
7.341737365722656250e+01 -1.638122940063476562e+01
-3.687076187133789062e+01 -1.091045665740966797e+01
4.410485839843750000e+01 1.205667304992675781e+01
7.530051422119140625e+01 -4.759754562377929688e+01
9.440742492675781250e+01 -5.352210521697998047e+00
3.286553573608398438e+01 3.559556198120117188e+01
7.013446044921875000e+01 -5.625959777832031250e+01
-2.356784248352050781e+01 -4.508282089233398438e+01
6.263357925415039062e+01 -6.390527343750000000e+01
5.989341735839843750e+01 -5.853346252441406250e+01
-1.759888648986816406e+01 -2.682090520858764648e+00
6.982199096679687500e+01 -4.524399185180664062e+01
7.969518661499023438e+00 4.737036514282226562e+01
-6.865370178222656250e+01 2.964320659637451172e+00
6.229273986816406250e+01 -6.471541595458984375e+01
9.129914093017578125e+01 -4.764956951141357422e+00
9.393126678466796875e+01 -3.686458349227905273e+00
7.605939483642578125e+01 -8.658751487731933594e+00
7.079327392578125000e+01 -1.630209350585937500e+01
1.087411308288574219e+01 4.805688476562500000e+01
5.911542510986328125e+01 -5.249576091766357422e+00
9.397381591796875000e+01 -5.430528149008750916e-02
2.878756141662597656e+01 3.468112182617187500e+01
7.972746849060058594e+00 -1.875414657592773438e+01
5.956065750122070312e+01 -5.708816909790039062e+01
7.191984558105468750e+01 -4.761280059814453125e+01
4.845574569702148438e+01 3.710468292236328125e+01
-6.132889175415039062e+01 -3.823973846435546875e+01
2.829617309570312500e+01 2.846041870117187500e+01
7.042401123046875000e+01 -3.009200286865234375e+01
3.361065149307250977e+00 -7.192324066162109375e+01
9.402825164794921875e+01 -4.319689750671386719e+00
4.135803604125976562e+01 -4.616606903076171875e+01
6.987474060058593750e+01 -5.281887054443359375e+01
-4.242613220214843750e+01 -4.033798980712890625e+01
-5.101319885253906250e+01 -5.635976028442382812e+01
-3.935411071777343750e+01 8.755872726440429688e+00
2.790390729904174805e+00 6.431049346923828125e+01
-3.715747070312500000e+01 -4.642282104492187500e+01
7.094400787353515625e+01 -5.423933029174804688e+01
2.594158887863159180e+00 2.166905784606933594e+01
9.365195465087890625e+01 -2.908364295959472656e+01
-7.849824523925781250e+01 -1.342077732086181641e+01
-5.028099441528320312e+01 2.625285148620605469e+01
4.436241912841796875e+01 -2.342677879333496094e+01
-5.830123519897460938e+01 1.628791046142578125e+01
6.606795501708984375e+01 -1.062984275817871094e+01
-1.500400352478027344e+01 6.955304718017578125e+01
-3.872395324707031250e+01 3.312045288085937500e+01
1.220516300201416016e+01 -2.526614952087402344e+01
7.015900135040283203e+00 -5.906461715698242188e+01
6.785990905761718750e+01 -5.284754943847656250e+01
-5.076277923583984375e+01 4.192170202732086182e-01
4.400397109985351562e+01 3.584186553955078125e+01
6.548468780517578125e+01 -4.249954986572265625e+01
-7.758451843261718750e+01 -3.101651000976562500e+01
-4.976154708862304688e+01 -2.334081649780273438e+01
-5.057603073120117188e+01 -2.902442169189453125e+01
5.990584945678710938e+01 -6.592205047607421875e+01
6.608026123046875000e+01 -5.863627243041992188e+01
-7.558172607421875000e+01 -2.395553398132324219e+01
-2.845874023437500000e+01 -3.315875625610351562e+01
4.762878799438476562e+01 3.805945968627929688e+01
-4.301654434204101562e+01 7.074040985107421875e+01
-2.964691352844238281e+01 1.098101425170898438e+02
-3.612145185470581055e+00 -8.271450805664062500e+01
1.217237758636474609e+01 -9.407009124755859375e+00
-6.494809722900390625e+01 8.870034790039062500e+01
9.075024414062500000e+01 -3.250523757934570312e+01
2.974221038818359375e+01 -2.748421669006347656e+01
3.420199584960937500e+01 -5.387181854248046875e+01
-2.915704727172851562e+01 -3.427798461914062500e+01
-2.809171295166015625e+01 -5.350614547729492188e+01
6.137463378906250000e+01 -5.644433593750000000e+01
-6.279687881469726562e+01 8.956140899658203125e+01
2.125619649887084961e+00 -4.160843658447265625e+01
3.817967224121093750e+01 -4.623805618286132812e+01
-3.937697219848632812e+01 3.386444473266601562e+01
-4.673288726806640625e+01 -5.296675872802734375e+01
-2.455519485473632812e+01 -6.161747360229492188e+01
-4.131306076049804688e+01 8.800507354736328125e+01
3.681325674057006836e+00 4.764544963836669922e+00
9.105780792236328125e+01 -6.607297897338867188e+00
-4.816877365112304688e+01 -5.488512802124023438e+01
-5.817938232421875000e+01 4.860538959503173828e+00
5.373764038085937500e+01 -3.194872474670410156e+01
4.728044128417968750e+01 4.132333374023437500e+01
7.101541137695312500e+01 -4.759072875976562500e+01
6.887034606933593750e+01 -5.502030944824218750e+01
7.174573516845703125e+01 -3.888817596435546875e+01
3.497472381591796875e+01 -5.682044601440429688e+01
4.239813804626464844e+00 -4.293988418579101562e+01
4.772303104400634766e+00 -3.899180984497070312e+01
6.008694648742675781e+00 -1.822057151794433594e+01
5.045125198364257812e+01 3.465681457519531250e+01
6.149416351318359375e+01 -5.944750595092773438e+01
4.891722488403320312e+01 3.663689804077148438e+01
4.933806610107421875e+01 -7.180411529541015625e+01
6.617272186279296875e+01 -6.155493164062500000e+01
-1.482053184509277344e+01 -3.051180648803710938e+01
-1.890746498107910156e+01 1.094724273681640625e+02
7.210567474365234375e+01 -5.616586303710937500e+01
-7.606330871582031250e+01 -2.461227416992187500e+01
-1.148202046751976013e-01 -7.576939392089843750e+01
-4.221674728393554688e+01 -6.300144958496093750e+01
-5.558956527709960938e+01 4.763921737670898438e+01
9.108357429504394531e+00 -2.692185401916503906e+01
-1.277109050750732422e+01 -6.360424041748046875e+01
-5.449894428253173828e+00 -6.422415161132812500e+01
6.333817291259765625e+01 -6.786695098876953125e+01
7.113555908203125000e+01 -5.276248550415039062e+01
-4.525520324707031250e+01 -4.729989242553710938e+01
-3.831096649169921875e+01 2.828865623474121094e+01
-5.739009475708007812e+01 -5.223583698272705078e+00
9.163382720947265625e+01 4.837166309356689453e+00
2.514649963378906250e+01 -1.221868705749511719e+01
5.503530502319335938e+01 -6.487324523925781250e+01
3.398710632324218750e+01 3.645301818847656250e+01
-8.752949237823486328e-01 3.738706970214843750e+01
-4.326215744018554688e+00 -7.738413238525390625e+01
4.760392761230468750e+01 3.475613784790039062e+01
2.715969085693359375e+01 -2.706058692932128906e+01
-4.391510391235351562e+01 7.038327789306640625e+01
-3.718463659286499023e+00 -7.574588012695312500e+01
-7.959893798828125000e+01 -1.776220321655273438e+01
2.096507787704467773e+00 6.711363315582275391e+00
-4.012398147583007812e+01 -4.958484649658203125e+01
-1.341401576995849609e+01 -3.304025411605834961e+00
-3.791123962402343750e+01 5.043895339965820312e+01
9.231765747070312500e+00 3.849927520751953125e+01
7.379280090332031250e+01 -5.155636215209960938e+01
5.029564285278320312e+01 -3.290209579467773438e+01
-1.791462707519531250e+01 9.537483978271484375e+01
4.727606964111328125e+01 3.989375305175781250e+01
4.858426284790039062e+01 -7.230004882812500000e+01
6.569802093505859375e+01 -5.471934890747070312e+01
-4.236277770996093750e+01 9.855705261230468750e+01
6.385575485229492188e+01 -4.737714767456054688e+01
9.319992828369140625e+01 -5.523780822753906250e+00
-6.293365859985351562e+01 8.800885772705078125e+01
3.631517410278320312e+01 2.269233465194702148e+00
4.448194980621337891e+00 2.190504264831542969e+01
6.168490982055664062e+01 -2.643410873413085938e+01
1.366816711425781250e+01 -1.064106464385986328e+01
-6.273151779174804688e+01 8.674346923828125000e+01
2.761022949218750000e+01 -2.768815231323242188e+01
1.341714668273925781e+01 9.068003082275390625e+01
-6.060270309448242188e+01 6.959597778320312500e+01
2.491958236694335938e+01 -2.541448211669921875e+01
6.801625061035156250e+01 -3.924666213989257812e+01
-3.684137344360351562e+01 7.662823486328125000e+01
1.266731834411621094e+01 9.507650375366210938e+00
7.385581493377685547e+00 2.056259727478027344e+01
5.521726989746093750e+01 -6.153842544555664062e+01
-5.537767410278320312e+00 -2.890574264526367188e+01
4.481019496917724609e+00 -6.143963241577148438e+01
6.939513397216796875e+01 -5.360157775878906250e+01
-2.142912149429321289e+00 -7.697919464111328125e+01
-5.526194763183593750e+01 9.357521820068359375e+01
3.931890106201171875e+01 2.144284629821777344e+01
-6.166150283813476562e+01 1.513574886322021484e+01
-7.093135070800781250e+01 3.178536176681518555e+00
6.505863952636718750e+01 -5.471899795532226562e+01
-9.119560241699218750e+00 -6.588668823242187500e+01
-5.898145198822021484e+00 -4.612828445434570312e+01
6.880464935302734375e+01 -3.596133041381835938e+01
2.572779655456542969e+01 -2.062946128845214844e+01
1.090861320495605469e+00 -6.786839294433593750e+01
4.982635116577148438e+01 3.709043502807617188e+01
9.657061004638671875e+01 -7.595603942871093750e+00
-4.068459320068359375e+01 6.778220367431640625e+01
-5.381876373291015625e+01 -4.752064704895019531e+00
-5.876498794555664062e+01 8.342793273925781250e+01
-5.815832138061523438e+01 -5.514345169067382812e+01
5.995670318603515625e+01 -5.920820617675781250e+01
1.083547306060791016e+01 -6.936455535888671875e+01
-5.594545745849609375e+01 -3.247459411621093750e+01
3.482329559326171875e+01 -1.226977443695068359e+01
-3.907498168945312500e+01 3.848697423934936523e+00
-6.243429946899414062e+01 8.032981109619140625e+01
-5.194559478759765625e+01 -2.556576728820800781e+01
-3.843024444580078125e+01 2.903802871704101562e+01
-6.343116378784179688e+01 1.857321977615356445e+00
-6.283847689628601074e-01 -7.232287597656250000e+01
-2.361719131469726562e+01 -2.664044761657714844e+01
5.435736846923828125e+01 -5.984360122680664062e+01
-1.249144077301025391e+01 6.508608245849609375e+01
-2.438694763183593750e+01 5.811615753173828125e+01
-7.022024536132812500e+01 -1.364516830444335938e+01
1.936570739746093750e+01 -4.472714614868164062e+01
-5.006451797485351562e+01 6.718601989746093750e+01
-6.027379608154296875e+01 -5.576764678955078125e+01
-2.139418029785156250e+01 1.090429763793945312e+02
9.015566253662109375e+01 2.083209514617919922e+00
5.687319564819335938e+01 -1.986178970336914062e+01
3.711001586914062500e+01 -5.601189422607421875e+01
5.033103561401367188e+01 3.554752349853515625e+01
-6.231727600097656250e+01 1.219906234741210938e+01
-6.798891448974609375e+01 6.272307395935058594e+00
3.092206192016601562e+01 -5.253986835479736328e+00
-4.165260696411132812e+01 -3.632591247558593750e+01
-4.640467166900634766e+00 6.447826385498046875e+01
6.409563446044921875e+01 -5.032819747924804688e+01
-4.046139907836914062e+01 9.594591522216796875e+01
6.997726440429687500e+01 -2.541356277465820312e+01
-1.504297447204589844e+01 5.766575622558593750e+01
4.187197875976562500e+01 2.773966789245605469e+01
-2.953684329986572266e+00 -7.619084167480468750e+01
1.973199844360351562e+01 8.020548820495605469e+00
6.754026031494140625e+01 -5.040588378906250000e+01
-7.396440124511718750e+01 1.105249404907226562e+01
-5.767780685424804688e+01 2.166748279705643654e-03
-4.908982849121093750e+01 6.653856658935546875e+01
6.469550323486328125e+01 -4.997207260131835938e+01
3.375747299194335938e+01 -4.884304809570312500e+01
5.802935409545898438e+01 -1.879415321350097656e+01
5.885998916625976562e+01 -6.089579010009765625e+01
-5.134199619293212891e+00 -4.844597625732421875e+01
-6.840898513793945312e+00 -6.930606842041015625e+01
2.657336044311523438e+01 -2.527241134643554688e+01
6.220114517211914062e+01 -1.865057563781738281e+01
5.406227874755859375e+01 -6.393493270874023438e+01
5.140961074829101562e+01 -6.430924987792968750e+01
-7.659405517578125000e+01 -1.934688949584960938e+01
6.960315704345703125e+01 -5.493325042724609375e+01
6.602871704101562500e+01 -4.276854324340820312e+01
9.590010833740234375e+01 -2.924264526367187500e+01
7.225221252441406250e+01 -5.354119110107421875e+01
-1.024200344085693359e+01 -6.816161346435546875e+01
2.118597984313964844e+01 3.249997854232788086e+00
-5.937216567993164062e+01 -1.662416648864746094e+01
-6.166346359252929688e+01 8.959955596923828125e+01
-4.186939239501953125e+01 -6.193251419067382812e+01
9.118017578125000000e+01 -3.559233546257019043e-01
1.566734600067138672e+01 -4.228909301757812500e+01
6.622707366943359375e+01 -4.806100082397460938e+01
-1.905900764465332031e+01 4.579071807861328125e+01
-6.909241485595703125e+01 7.160919308662414551e-01
-2.756552314758300781e+01 9.857569122314453125e+01
6.186190032958984375e+01 -5.360142898559570312e+01
6.603833007812500000e+01 -6.214599990844726562e+01
3.689729690551757812e+00 -6.201592254638671875e+01
-5.811423778533935547e+00 -7.787840270996093750e+01
2.600285339355468750e+01 -2.444226264953613281e+01
-5.951423263549804688e+01 4.320463943481445312e+01
4.634364700317382812e+01 -6.769638061523437500e+01
7.513391113281250000e+01 -1.429540634155273438e+01
-7.588007926940917969e+00 -3.720153045654296875e+01
4.824881362915039062e+01 -5.995485305786132812e+01
-7.563337707519531250e+01 -2.821841621398925781e+01
-1.105452728271484375e+01 -5.688538742065429688e+01
9.121423339843750000e+01 -3.059899711608886719e+01
1.741679954528808594e+01 -4.276692962646484375e+01
2.077896881103515625e+01 3.049938678741455078e+00
-7.053334808349609375e+01 1.909954261779785156e+01
3.033739030361175537e-01 -4.878312110900878906e+00
2.650314521789550781e+01 -2.134975242614746094e+01
1.803738713264465332e+00 -6.117064476013183594e+00
-3.926453781127929688e+01 -1.876354026794433594e+01
9.307353210449218750e+01 -2.682406616210937500e+01
-5.225599288940429688e+01 -3.250499725341796875e+00
-7.655111312866210938e+00 -6.673418426513671875e+01
-3.702401733398437500e+01 9.886463165283203125e+01
9.291698455810546875e+01 -3.540146255493164062e+01
-1.351462650299072266e+01 -5.453050231933593750e+01
-1.923712158203125000e+01 8.810203552246093750e+01
-3.709424591064453125e+01 9.890649414062500000e+01
-2.872083854675292969e+01 1.118245925903320312e+02
5.017861557006835938e+01 -3.457535552978515625e+01
8.583338165283203125e+01 -2.677522850036621094e+01
-5.025112533569335938e+01 -2.887358665466308594e+01
4.246866989135742188e+01 -4.935889434814453125e+01
5.398586273193359375e+00 -4.201495361328125000e+01
4.945924758911132812e+01 -7.217622375488281250e+01
-7.318255615234375000e+01 -2.936114120483398438e+01
7.342160797119140625e+01 -1.641598701477050781e+01
-8.221272468566894531e+00 -4.686690139770507812e+01
-4.318736267089843750e+01 -3.680774307250976562e+01
3.203529357910156250e+01 3.474041366577148438e+01
-7.825027465820312500e+01 -2.560309219360351562e+01
9.214710998535156250e+01 -1.895310640335083008e+00
-4.528793334960937500e+01 6.915371704101562500e+01
4.254904937744140625e+01 -5.342450332641601562e+01
1.653133392333984375e+01 5.451237678527832031e+00
-1.248897933959960938e+01 -5.998521804809570312e+01
-7.144696044921875000e+01 6.870262145996093750e+00
4.239910507202148438e+01 -1.970397186279296875e+01
-3.899338150024414062e+01 -3.768011474609375000e+01
9.262949371337890625e+01 -2.907955932617187500e+01
-7.251204681396484375e+01 1.066392040252685547e+01
-3.761454010009765625e+01 7.656932830810546875e+01
1.052674531936645508e+00 -7.230628204345703125e+01
-4.498144912719726562e+01 -3.544123458862304688e+01
-2.066646003723144531e+01 9.446943664550781250e+01
1.334880352020263672e+01 7.443112945556640625e+01
-1.751330757141113281e+01 -8.849020957946777344e+00
6.406521606445312500e+01 -5.418402481079101562e+01
-3.781288909912109375e+01 9.355664062500000000e+01
-5.105924224853515625e+01 1.707551383972167969e+01
-4.023637008666992188e+01 1.008755950927734375e+02
2.599149513244628906e+01 5.665802764892578125e+01
2.590517425537109375e+01 -2.203289794921875000e+01
-2.983464241027832031e+01 9.658126068115234375e+01
-4.102812576293945312e+01 -3.731524276733398438e+01
9.780027770996093750e+01 -7.825334548950195312e+00
-1.271924209594726562e+01 -5.831417465209960938e+01
9.693645834922790527e-01 -6.531789398193359375e+01
-1.257495045661926270e+00 -6.885208129882812500e+01
-1.355593013763427734e+01 -6.745716929435729980e-01
-2.810487937927246094e+01 -2.842115020751953125e+01
1.692440605163574219e+01 1.243263959884643555e+00
2.080849456787109375e+01 5.942876815795898438e+00
-4.508368682861328125e+01 9.331645965576171875e+01
4.847719955444335938e+01 3.565885162353515625e+01
6.211843490600585938e+01 -5.419265747070312500e+01
-4.538267517089843750e+01 -6.310104751586914062e+01
-3.920820236206054688e+01 9.443635559082031250e+01
2.848765611648559570e+00 -7.728628540039062500e+01
-3.947940063476562500e+01 1.223045825958251953e+01
1.857774543762207031e+01 -4.744948196411132812e+01
8.110060119628906250e+01 -5.956949710845947266e+00
-5.913800048828125000e+01 -5.814787673950195312e+01
-5.921183395385742188e+01 8.868037414550781250e+01
7.226110076904296875e+01 -3.402175903320312500e+01
7.234156036376953125e+01 -1.038015556335449219e+01
9.290582275390625000e+01 -3.539501953125000000e+01
6.009855651855468750e+01 -2.094631958007812500e+01
-4.711983871459960938e+01 6.038354492187500000e+01
-2.038466072082519531e+01 5.084877777099609375e+01
2.146102523803710938e+01 8.979458618164062500e+01
-1.341720008850097656e+01 -5.410106277465820312e+01
-4.982345199584960938e+01 -5.189340209960937500e+01
-7.350818634033203125e+01 -1.674382400512695312e+01
8.500121307373046875e+01 -2.723796844482421875e+00
-1.008091259002685547e+01 -7.161772155761718750e+01
4.479267501831054688e+01 3.530885696411132812e+01
3.601836919784545898e+00 -2.558235740661621094e+01
4.614871597290039062e+01 -7.295671844482421875e+01
9.160573577880859375e+01 -3.171585655212402344e+01
-2.464793586730957031e+01 8.753376007080078125e+01
6.998839569091796875e+01 -5.207352828979492188e+01
-2.379712104797363281e+01 9.545886993408203125e+01
-5.307885360717773438e+01 -2.435188293457031250e+01
-1.272639846801757812e+01 -6.741333770751953125e+01
-4.153909683227539062e+01 -6.383768844604492188e+01
3.194344758987426758e+00 4.036600112915039062e+01
-2.926815605163574219e+01 -3.506669998168945312e+01
-3.701735496520996094e+00 -7.732199096679687500e+01
2.225798225402832031e+01 6.888533115386962891e+00
-6.086837387084960938e+01 8.839631652832031250e+01
9.705889129638671875e+01 -3.130073165893554688e+01
-3.939173507690429688e+01 9.827593994140625000e+01
2.699753522872924805e+00 4.263763427734375000e+01
-4.334418106079101562e+01 1.085793380737304688e+02
-4.853866958618164062e+01 6.837181854248046875e+01
-5.107187652587890625e+01 -2.294781208038330078e+00
2.365764045715332031e+01 -1.257469272613525391e+01
-6.169488525390625000e+01 7.005426025390625000e+01
-9.958067893981933594e+00 -9.966529846191406250e+00
-3.729663085937500000e+01 1.009543380737304688e+02
-4.680677413940429688e+01 -5.926933288574218750e+01
1.524702787399291992e+00 -7.636445617675781250e+01
-3.864439392089843750e+01 9.840450286865234375e+01
-5.938280487060546875e+01 -5.405212402343750000e+00
-5.431946945190429688e+01 8.965202331542968750e+01
4.727150344848632812e+01 4.084632873535156250e+01
-6.275156402587890625e+01 5.091618537902832031e+00
-3.511371612548828125e+00 -7.398427581787109375e+01
-2.113528013229370117e+00 -7.581964874267578125e+01
8.562675476074218750e+01 -2.676882553100585938e+01
7.813140869140625000e+01 -4.835895156860351562e+01
2.080529928207397461e+00 3.573299789428710938e+01
2.745180368423461914e+00 -2.792439651489257812e+01
-8.100531005859375000e+01 -2.880747604370117188e+01
6.865090942382812500e+01 -5.198537826538085938e+01
-6.037186145782470703e+00 -6.731239318847656250e+01
3.289192581176757812e+01 -4.605959320068359375e+01
-7.835411834716796875e+01 2.452126884460449219e+01
3.945188140869140625e+01 1.806750106811523438e+01
5.823337554931640625e+01 -2.922794342041015625e+01
-4.424946784973144531e+00 -4.628507995605468750e+01
5.191063308715820312e+01 -6.170354843139648438e+01
2.835644721984863281e+00 -6.826893615722656250e+01
5.938355922698974609e+00 -4.912694168090820312e+01
4.535418319702148438e+01 -2.163340759277343750e+01
-2.141005516052246094e+01 -6.630184173583984375e+01
-3.604249954223632812e+01 -2.104605293273925781e+01
3.290298879146575928e-01 -7.390180206298828125e+01
9.248036193847656250e+01 -9.322957396507263184e-01
9.221244812011718750e+01 8.776966929435729980e-01
-2.928445243835449219e+01 -1.714477539062500000e+01
-8.305974960327148438e+00 -7.359814453125000000e+01
-3.797650909423828125e+01 6.769225311279296875e+01
-1.980010414123535156e+01 5.314422225952148438e+01
6.658808135986328125e+01 -9.061224937438964844e+00
-3.452228927612304688e+01 7.324284362792968750e+01
-4.500756454467773438e+01 1.312012481689453125e+01
1.926403236389160156e+01 4.719424247741699219e+00
6.106978225708007812e+01 -7.361054992675781250e+01
-4.424893188476562500e+01 -6.344138717651367188e+01
9.127635955810546875e+01 -2.833817291259765625e+01
1.459039211273193359e+01 -2.042950820922851562e+01
-9.329629898071289062e+00 -6.477462005615234375e+01
8.927060127258300781e+00 -2.579034233093261719e+01
-3.631323242187500000e+01 3.526311111450195312e+01
-7.171269226074218750e+01 9.575253486633300781e+00
-6.414727020263671875e+01 -1.129566669464111328e+01
3.061210393905639648e+00 -6.501019287109375000e+01
-2.941700744628906250e+01 1.110338211059570312e+02
-1.439365673065185547e+01 -5.778398513793945312e+01
-1.011690974235534668e+00 -7.606797027587890625e+01
-4.798056030273437500e+01 -6.696758270263671875e+01
-4.172506713867187500e+01 -3.533360671997070312e+01
-7.247102355957031250e+01 -9.096560478210449219e-01
8.999045562744140625e+01 2.889207363128662109e+00
2.291581916809082031e+01 -2.717721748352050781e+01
-7.037062072753906250e+01 -1.492598342895507812e+01
-5.491369628906250000e+01 9.128433990478515625e+01
-2.958028030395507812e+01 1.086783523559570312e+02
5.083126449584960938e+01 -6.704838275909423828e+00
1.429170322418212891e+01 4.607395935058593750e+01
-4.382321929931640625e+01 -3.768891143798828125e+01
7.186123657226562500e+01 -3.545315170288085938e+01
-1.542304897308349609e+01 -5.529125595092773438e+01
-5.808692455291748047e+00 -6.280554580688476562e+01
-5.728253841400146484e+00 6.099903488159179688e+01
-4.129273414611816406e+00 -7.651541900634765625e+01
7.070085906982421875e+01 -3.507765579223632812e+01
-1.176613235473632812e+01 -5.752761077880859375e+01
-4.936995315551757812e+01 -5.922640609741210938e+01
-2.640080261230468750e+01 1.064127655029296875e+02
2.761356544494628906e+01 5.493263244628906250e+01
6.704426574707031250e+01 -5.234631347656250000e+01
4.335281372070312500e+01 -2.583132553100585938e+01
1.908306503295898438e+01 -4.629533004760742188e+01
-2.917333793640136719e+01 9.688225555419921875e+01
7.161900329589843750e+01 -3.872976303100585938e+01
-3.706736755371093750e+01 1.020461654663085938e+02
4.636142730712890625e+01 -6.651263427734375000e+01
-4.013097381591796875e+01 7.482046508789062500e+01
-1.940686607360839844e+01 2.064030885696411133e+00
-4.339503479003906250e+01 9.464880371093750000e+01
-4.087288665771484375e+01 -6.075518798828125000e+01
2.453831863403320312e+01 -1.122927284240722656e+01
-8.218976020812988281e+00 -1.581716156005859375e+01
-4.091444396972656250e+01 1.075932025909423828e+01
2.259413909912109375e+01 -2.116125679016113281e+01
1.950337886810302734e-01 -7.839646148681640625e+01
-9.924894571304321289e-01 -6.957240295410156250e+01
-7.629476928710937500e+01 -1.753218412399291992e+00
-3.796676254272460938e+01 7.131922912597656250e+01
-7.625408935546875000e+01 -1.587645912170410156e+01
1.065101051330566406e+01 -6.941607666015625000e+01
3.576741409301757812e+01 -5.591257476806640625e+01
1.891903686523437500e+01 -4.326917648315429688e+01
-3.168779754638671875e+01 1.090813674926757812e+02
4.311661243438720703e+00 -2.103573989868164062e+01
1.433809471130371094e+01 5.545968246459960938e+01
-5.134892272949218750e+01 -4.753535079956054688e+01
6.290316772460937500e+01 -5.152268218994140625e+01
7.174131774902343750e+01 3.742673635482788086e+00
8.673436164855957031e+00 9.343140411376953125e+01
-2.170561790466308594e+01 9.643359375000000000e+01
5.929682159423828125e+01 5.529086589813232422e+00
8.661585998535156250e+01 -2.128844451904296875e+01
1.011609554290771484e+00 -5.545496463775634766e+00
-2.024700546264648438e+01 -6.447714233398437500e+01
-1.099798774719238281e+01 -6.249362182617187500e+01
-6.516386985778808594e+00 -3.236768722534179688e+01
3.901774978637695312e+01 -5.230715942382812500e+01
9.336688995361328125e+00 -5.498190689086914062e+01
-4.203375244140625000e+01 1.393624591827392578e+01
5.707984924316406250e+01 -6.217627716064453125e+01
-5.964005661010742188e+01 6.932512664794921875e+01
6.420190429687500000e+01 -5.681682205200195312e+01
4.534112167358398438e+01 5.535291290283203125e+01
7.349111938476562500e+01 -4.835938262939453125e+01
-2.705410194396972656e+01 1.058395004272460938e+02
3.730207204818725586e+00 -7.271260833740234375e+01
-3.606007385253906250e+01 -5.839922714233398438e+01
-2.793609809875488281e+01 2.380765724182128906e+01
-8.015614509582519531e+00 -2.317386054992675781e+01
-2.464493751525878906e+01 -4.582656478881835938e+01
-5.982312393188476562e+01 -5.518556594848632812e+01
-5.822067642211914062e+01 8.878540802001953125e+01
-7.237966156005859375e+01 1.485099506378173828e+01
-2.019535636901855469e+01 -5.006050586700439453e+00
-5.580207061767578125e+01 4.497615814208984375e+01
1.163961124420166016e+01 3.822664642333984375e+01
3.049563789367675781e+01 1.902564811706542969e+01
6.022241210937500000e+01 -6.332501220703125000e+01
-1.166487026214599609e+01 -1.840929222106933594e+01
4.752611160278320312e+01 -6.766424560546875000e+01
-5.965111541748046875e+01 8.911192321777343750e+01
-4.178810501098632812e+01 -6.029293060302734375e+01
-5.158882522583007812e+01 -1.651975274085998535e+00
9.042240142822265625e+01 -2.249107360839843750e+01
-2.553505325317382812e+01 1.878907012939453125e+01
-3.371359348297119141e+00 6.477827453613281250e+01
7.304072570800781250e+01 -5.653200912475585938e+01
5.706664562225341797e+00 9.120256423950195312e+00
-6.920192241668701172e+00 -6.396815109252929688e+01
6.127051162719726562e+01 2.176309347152709961e+00
6.345943069458007812e+01 -5.054241561889648438e+01
5.387298583984375000e+01 -4.475213623046875000e+01
5.910152816772460938e+01 -1.723485565185546875e+01
1.394933605194091797e+01 8.588730621337890625e+01
-4.515993499755859375e+01 -6.570060729980468750e+01
-3.401090240478515625e+01 9.434944152832031250e+01
-1.370158672332763672e+01 5.513074493408203125e+01
-2.600340652465820312e+01 9.735095214843750000e+01
1.308450222015380859e+01 -1.626374053955078125e+01
5.429849147796630859e+00 1.620666694641113281e+01
8.871603393554687500e+01 1.391265034675598145e+00
-6.919229888916015625e+01 1.279681777954101562e+01
7.390055847167968750e+01 -3.456444931030273438e+01
-4.842064285278320312e+01 -2.971364593505859375e+01
-3.123145675659179688e+01 -5.241987609863281250e+01
7.024748992919921875e+01 -1.368175506591796875e+01
9.345062255859375000e+01 -3.084576034545898438e+01
-1.202001476287841797e+01 -5.446277999877929688e+01
8.623997497558593750e+01 -2.225305938720703125e+01
-5.836217403411865234e+00 -7.730989074707031250e+01
-2.182662582397460938e+01 7.362648487091064453e+00
6.939811706542968750e+00 4.454144001007080078e+00
6.438471984863281250e+01 5.430014610290527344e+00
-3.722225570678710938e+01 -1.957187271118164062e+01
-3.805833816528320312e+01 -2.560095977783203125e+01
3.562549114227294922e+00 9.724479675292968750e+00
3.653440952301025391e+00 -4.253128051757812500e+01
-2.761909294128417969e+01 -3.908227920532226562e+01
-7.128050994873046875e+01 3.733506202697753906e+00
9.077333068847656250e+01 -3.556674957275390625e+01
4.396839904785156250e+01 3.045695114135742188e+01
-5.137708282470703125e+01 -5.609541320800781250e+01
1.900784873962402344e+01 -4.179124832153320312e+01
-3.237047195434570312e+01 7.740886688232421875e+01
-4.683732604980468750e+01 -4.671154022216796875e+01
1.565471649169921875e+01 7.963066864013671875e+01
-5.139004898071289062e+01 -2.828556776046752930e+00
-1.935084533691406250e+01 1.066609420776367188e+02
-4.236500549316406250e+01 1.639194679260253906e+01
5.979684066772460938e+01 -7.227620697021484375e+01
-3.549287033081054688e+01 9.367876434326171875e+01
-2.080940961837768555e+00 -7.833235168457031250e+01
4.848938369750976562e+01 -3.052748298645019531e+01
-3.384631347656250000e+01 -2.394525527954101562e+01
-5.000297546386718750e+01 -2.945931816101074219e+01
4.481389236450195312e+01 -7.004240417480468750e+01
-4.303277587890625000e+01 7.100828552246093750e+01
3.934041976928710938e+01 2.164432144165039062e+01
-7.685968017578125000e+01 -2.100149154663085938e+01
-1.650825119018554688e+01 1.027319717407226562e+01
6.151198196411132812e+01 -7.462529754638671875e+01
6.479380035400390625e+01 -5.193119812011718750e+01
1.691894650459289551e+00 -7.511398315429687500e+01
-1.870986175537109375e+01 4.954443740844726562e+01
-3.913853073120117188e+01 8.016632843017578125e+01
3.013375854492187500e+01 1.867306137084960938e+01
-1.421006870269775391e+01 -5.498639297485351562e+01
4.337287902832031250e+01 -3.565723037719726562e+01
7.743555903434753418e-01 1.915211868286132812e+01
-1.765888595581054688e+01 1.086387863159179688e+02
-6.134749412536621094e+00 3.293998718261718750e+01
-6.698348236083984375e+01 1.053102779388427734e+01
-5.041496658325195312e+01 -3.278041076660156250e+01
4.020757675170898438e+01 -5.188198852539062500e+01
4.122060298919677734e+00 3.500923156738281250e+01
-4.917001342773437500e+01 -2.987513923645019531e+01
-6.808002471923828125e+01 -3.647056961059570312e+01
6.383572006225585938e+01 4.533690452575683594e+00
-3.912110137939453125e+01 -5.711375236511230469e+00
-5.914060211181640625e+01 1.057290840148925781e+01
-2.931550979614257812e+01 2.892974090576171875e+01
1.799821472167968750e+01 -4.638526535034179688e+01
3.643221664428710938e+01 -3.102594137191772461e+00
9.170027160644531250e+01 -3.472094726562500000e+01
6.117321395874023438e+01 -7.335186767578125000e+01
-2.688727951049804688e+01 1.025339126586914062e+02
6.519295501708984375e+01 -5.622266769409179688e+01
3.359625577926635742e+00 5.162961483001708984e-01
8.967233276367187500e+01 -2.834034347534179688e+01
5.593072128295898438e+01 -6.277024078369140625e+01
6.042907238006591797e+00 1.018994140625000000e+01
7.323536872863769531e+00 2.880653190612792969e+01
3.638323545455932617e+00 -3.426859283447265625e+01
-3.911403274536132812e+01 -5.816426467895507812e+01
4.706683349609375000e+01 1.349357128143310547e+01
-5.777703857421875000e+01 4.232001781463623047e+00
-2.482656669616699219e+01 -5.862294387817382812e+01
3.856945419311523438e+01 -2.999287796020507812e+01
-4.826235580444335938e+01 9.624004364013671875e+01
-4.421134567260742188e+01 -4.654628753662109375e+01
1.273016643524169922e+01 2.539988136291503906e+01
-1.875070762634277344e+01 1.061724548339843750e+02
-3.481320571899414062e+01 7.133644104003906250e+01
-2.136094856262207031e+01 8.672941589355468750e+01
-4.238725280761718750e+01 -5.505728912353515625e+01
-3.518035888671875000e+01 -3.996674346923828125e+01
-1.546928405761718750e+01 9.409757232666015625e+01
2.281621551513671875e+01 -4.307489395141601562e+01
-3.707398605346679688e+01 7.397564697265625000e+01
-1.846595764160156250e+01 -5.814712905883789062e+01
1.347647190093994141e+01 7.010698318481445312e-01
7.299490451812744141e+00 5.654430770874023438e+01
-4.147299194335937500e+01 -2.055954742431640625e+01
-5.228359985351562500e+01 -2.292005062103271484e+00
5.238355255126953125e+01 -8.142663955688476562e+00
-5.063975906372070312e+01 -3.847377014160156250e+01
-2.492833852767944336e+00 -8.147794342041015625e+01
5.117319488525390625e+01 -7.130698394775390625e+01
-8.004685974121093750e+01 -2.891342544555664062e+01
-3.541609191894531250e+01 7.849532318115234375e+01
-4.174765014648437500e+01 1.051305007934570312e+02
-4.145132446289062500e+01 -5.658453369140625000e+01
-5.507225513458251953e+00 -7.946188354492187500e+01
7.057163238525390625e+01 -4.154379272460937500e+01
4.603447341918945312e+01 -6.544472503662109375e+01
-3.196791839599609375e+01 3.107120513916015625e+01
-4.995355987548828125e+01 6.575752258300781250e+01
-2.772549629211425781e+01 -8.613477706909179688e+00
-6.088402271270751953e+00 -6.118337631225585938e+01
3.103750610351562500e+01 1.719452857971191406e+01
-6.203347396850585938e+01 1.427150154113769531e+01
1.786160850524902344e+01 -3.583566284179687500e+01
9.356512451171875000e+01 -2.529097747802734375e+01
-3.466056060791015625e+01 -2.111509323120117188e+01
-4.778143692016601562e+01 -3.042522048950195312e+01
1.970656871795654297e+00 -7.618926239013671875e+01
-3.197577667236328125e+01 1.040971679687500000e+02
8.691996574401855469e+00 4.999501228332519531e+00
9.125077056884765625e+01 2.338834047317504883e+00
-1.443420886993408203e+01 4.945277023315429688e+01
-3.315254974365234375e+01 -1.617533683776855469e+01
-2.367496681213378906e+01 -2.177759933471679688e+01
-9.531185150146484375e+00 2.927983093261718750e+01
4.293162155151367188e+01 3.145835494995117188e+01
-4.620255279541015625e+01 -4.827721405029296875e+01
-3.069089508056640625e+01 -5.666350936889648438e+01
6.683241271972656250e+01 -2.561390876770019531e+01
9.592326354980468750e+01 -3.664904785156250000e+01
-1.635910034179687500e+01 1.292511558532714844e+01
1.112227320671081543e+00 1.221522903442382812e+01
-3.027955245971679688e+01 7.633332061767578125e+01
-1.804726982116699219e+01 9.522431945800781250e+01
5.256744384765625000e+01 -6.757817268371582031e+00
5.261110305786132812e+01 -6.092203140258789062e+01
-4.274184417724609375e+01 -4.609999084472656250e+01
-3.168688011169433594e+01 -1.862738227844238281e+01
5.210074615478515625e+01 -7.076850128173828125e+01
-5.813536071777343750e+01 8.753862762451171875e+01
4.429321289062500000e+00 3.324164581298828125e+01
3.792887115478515625e+01 -4.621150588989257812e+01
2.041639900207519531e+01 8.431991577148437500e+01
-4.151147842407226562e+01 9.301903533935546875e+01
-6.233498001098632812e+01 8.371736145019531250e+01
7.052731037139892578e+00 -4.820265579223632812e+01
-5.656846523284912109e+00 -1.190588116645812988e+00
5.976616668701171875e+01 -7.514778137207031250e+01
1.200352668762207031e+01 5.278390121459960938e+01
-4.487458801269531250e+01 -3.253278732299804688e+01
9.041430664062500000e+01 2.658634185791015625e-01
-3.278068923950195312e+01 -3.852622985839843750e+01
7.224942779541015625e+01 -4.926353454589843750e+01
-6.624880981445312500e+01 -3.145720005035400391e+00
-3.288587188720703125e+01 1.644175171852111816e+00
6.651845550537109375e+01 -4.402312469482421875e+01
-1.197278690338134766e+01 6.355144882202148438e+01
-1.524220561981201172e+01 3.758398818969726562e+01
6.433834552764892578e+00 -2.750909042358398438e+01
7.078903961181640625e+01 -3.642955780029296875e+01
-6.675837039947509766e+00 5.901219177246093750e+01
-2.044423675537109375e+01 9.208215332031250000e+01
-4.575417327880859375e+01 -2.728471565246582031e+01
1.499314212799072266e+01 5.078163743019104004e-01
-5.330689620971679688e+01 9.147640228271484375e+01
-3.916388273239135742e+00 6.333964538574218750e+01
-1.295559120178222656e+01 -5.494488525390625000e+01
-2.877537536621093750e+01 -3.375185012817382812e+01
-6.240805816650390625e+01 8.283656311035156250e+01
6.290594863891601562e+01 -1.273174381256103516e+01
-7.748039245605468750e+00 1.707975578308105469e+01
-5.124986267089843750e+01 8.386108398437500000e+01
1.137168502807617188e+01 1.269990205764770508e+00
2.312980651855468750e+01 2.499090909957885742e+00
2.563068389892578125e+01 -5.428738021850585938e+01
-5.035203552246093750e+01 -2.246015548706054688e+00
-4.744285202026367188e+01 1.336683177947998047e+01
6.924470520019531250e+01 -5.645547103881835938e+01
-7.835055541992187500e+01 2.454007148742675781e+01
3.331389278173446655e-02 -3.866112899780273438e+01
-4.969394683837890625e+00 -1.805231285095214844e+01
-2.436393976211547852e+00 -2.975157356262207031e+01
-7.082709503173828125e+01 -7.176855206489562988e-02
-1.953592181205749512e+00 -6.676889801025390625e+01
-5.236380767822265625e+01 5.999843978881835938e+01
-1.353376960754394531e+01 -6.246027374267578125e+01
-1.681478309631347656e+01 1.026518402099609375e+02
-5.996399688720703125e+01 -4.022154617309570312e+01
9.121047210693359375e+01 -4.453252315521240234e+00
5.387507247924804688e+01 -4.787603759765625000e+01
-5.287311172485351562e+01 7.556058502197265625e+01
-6.830379486083984375e+01 -2.570808029174804688e+01
-6.732396697998046875e+01 1.104216194152832031e+01
-3.421771240234375000e+01 -1.019868850708007812e+01
2.381535768508911133e+00 -7.298693847656250000e+01
5.051226425170898438e+01 -4.731855010986328125e+01
2.401885223388671875e+01 6.232113242149353027e-01
1.577130889892578125e+01 -7.024419307708740234e+00
-3.734598541259765625e+01 -7.769673347473144531e+00
4.393402862548828125e+01 8.502341270446777344e+00
6.061068344116210938e+01 -6.099122238159179688e+01
3.260217285156250000e+01 1.524822711944580078e+01
4.448982620239257812e+01 5.970469665527343750e+01
-2.990427255630493164e+00 6.269415283203125000e+01
1.472220134735107422e+01 2.737676382064819336e+00
1.152357769012451172e+01 5.425309538841247559e-01
-2.068257904052734375e+01 1.010596694946289062e+02
6.647917938232421875e+01 -4.386607360839843750e+01
-4.674479675292968750e+01 -2.539288139343261719e+01
-1.769767951965332031e+01 -1.513254642486572266e+01
3.375630187988281250e+01 -2.018553161621093750e+01
5.144932556152343750e+01 -6.787430572509765625e+01
-3.443927764892578125e+01 6.447705841064453125e+01
4.081948471069335938e+01 1.290329647064208984e+01
4.917554092407226562e+01 -6.780792999267578125e+01
-3.928776168823242188e+01 -2.467840385437011719e+01
4.421096420288085938e+01 -2.688072776794433594e+01
-3.190965843200683594e+01 3.150115203857421875e+01
-3.981156158447265625e+01 8.324871063232421875e+01
-3.752968597412109375e+01 3.231404113769531250e+01
-1.415658950805664062e+00 -6.442292785644531250e+01
4.584361648559570312e+01 -2.548343658447265625e+01
-5.007606506347656250e+00 -5.235485458374023438e+01
4.116798400878906250e+01 2.075242996215820312e+00
1.389770984649658203e+01 8.015395355224609375e+01
1.204288721084594727e+00 3.580741119384765625e+01
3.160658073425292969e+01 -2.106764793395996094e+00
6.246223926544189453e+00 -1.443116950988769531e+01
-6.301551342010498047e+00 2.846320533752441406e+01
-4.902091026306152344e-01 -7.682167816162109375e+01
6.468154144287109375e+01 -5.378535270690917969e+00
-2.214046859741210938e+01 -5.356738281250000000e+01
5.042009735107421875e+01 -4.559856033325195312e+01
5.116668343544006348e-01 -3.106612586975097656e+01
3.124518966674804688e+01 -3.902037382125854492e+00
1.557314777374267578e+01 8.973622894287109375e+01
-2.055288124084472656e+01 9.677515411376953125e+01
-4.146508693695068359e+00 6.055410003662109375e+01
9.756557464599609375e+00 3.547540283203125000e+01
6.416796875000000000e+01 2.464394569396972656e+00
-3.484656143188476562e+01 -2.330682373046875000e+01
9.019664764404296875e+01 -1.975441360473632812e+01
-6.828641510009765625e+01 -1.645908164978027344e+01
-3.716029357910156250e+01 -2.929228401184082031e+01
-5.947424697875976562e+01 -5.786128616333007812e+01
-3.354070281982421875e+01 -2.386105537414550781e+01
-5.939694213867187500e+01 1.067830753326416016e+01
3.025473785400390625e+01 1.458798408508300781e+01
-1.225712394714355469e+01 -2.449373245239257812e+00
-5.461356163024902344e+00 -6.421709442138671875e+01
-5.709418487548828125e+01 -3.166951560974121094e+01
1.026225662231445312e+01 -1.820323562622070312e+01
1.937786483764648438e+01 2.398346519470214844e+01
1.517364692687988281e+01 -4.216124725341796875e+01
1.313213634490966797e+01 -1.686509132385253906e+01
3.546927928924560547e+00 -7.586763763427734375e+01
-1.148281383514404297e+01 2.416379356384277344e+01
1.124448680877685547e+01 -6.365193367004394531e+00
-4.413394165039062500e+01 -1.009881687164306641e+01
-5.593889236450195312e+01 3.411029577255249023e-01
-8.753205299377441406e+00 -1.655911445617675781e+01
-1.581431674957275391e+01 4.948426055908203125e+01
-2.157042503356933594e+01 7.030630588531494141e+00
2.692460298538208008e+00 -7.489656066894531250e+01
5.661977767944335938e+01 -2.451060485839843750e+01
2.599490737915039062e+01 -6.103130340576171875e+01
4.250522232055664062e+01 -5.109252548217773438e+01
4.572950363159179688e+00 -2.003853797912597656e+01
2.412969207763671875e+01 -1.457654476165771484e+01
6.560688018798828125e+01 -5.707712936401367188e+01
-6.267569541931152344e+00 2.489533233642578125e+01
-3.910618209838867188e+01 -4.160723114013671875e+01
-1.128045368194580078e+01 3.529938507080078125e+01
-7.613306427001953125e+01 -1.608165144920349121e+00
7.260972595214843750e+01 -4.581495285034179688e+01
7.597505092620849609e+00 -4.124569320678710938e+01
-1.247117519378662109e+01 -5.590863037109375000e+01
-1.278342628479003906e+01 5.459529495239257812e+01
6.177110671997070312e+00 -7.003998565673828125e+01
5.242523670196533203e+00 -4.042228698730468750e+01
-3.652658843994140625e+01 -4.624330520629882812e+01
5.494655609130859375e+01 6.384429931640625000e+00
8.708503723144531250e+01 -2.946122360229492188e+01
9.103977203369140625e+01 -2.926063156127929688e+01
1.058323097229003906e+01 -1.167063426971435547e+01
6.734584808349609375e+01 -2.658009147644042969e+01
-7.608082580566406250e+01 -2.691773796081542969e+01
7.340026092529296875e+01 -4.690327835083007812e+01
-1.511726474761962891e+01 5.776032638549804688e+01
-3.184591674804687500e+01 -2.572143363952636719e+01
-4.758620071411132812e+01 -2.346207809448242188e+01
-2.474553108215332031e+01 9.411543273925781250e+01
9.283744049072265625e+01 2.646896839141845703e+00
-1.298691844940185547e+01 -2.327339744567871094e+01
-3.027105093002319336e+00 2.542934226989746094e+01
-2.180983924865722656e+01 9.444680786132812500e+01
4.752503967285156250e+01 3.284798431396484375e+01
5.044683456420898438e+01 -3.017719459533691406e+01
8.850954437255859375e+01 -3.684996795654296875e+01
2.787700843811035156e+01 -1.116528224945068359e+01
-3.148591423034667969e+01 1.033221435546875000e+02
-5.267499923706054688e+01 4.287964248657226562e+01
1.137723827362060547e+01 7.958880615234375000e+01
3.263272476196289062e+01 -4.539966201782226562e+01
-2.616688537597656250e+01 9.132108306884765625e+01
2.355577707290649414e+00 8.622869873046875000e+01
5.192057043313980103e-02 8.467240333557128906e+00
-3.806907653808593750e+00 -3.468033218383789062e+01
-6.037220001220703125e+01 -2.699932861328125000e+01
-2.331431388854980469e+01 1.172358512878417969e+01
-5.542380809783935547e+00 3.115157508850097656e+01
5.307789230346679688e+01 1.836931467056274414e+00
-3.368094253540039062e+01 6.845472717285156250e+01
1.930343627929687500e+01 9.298418998718261719e+00
-1.894584465026855469e+01 4.827538681030273438e+01
-2.061466217041015625e+01 8.597254753112792969e+00
-3.043106317520141602e+00 2.543670654296875000e+01
-5.620277023315429688e+01 8.680175018310546875e+01
-5.179312896728515625e+01 9.012678527832031250e+01
3.915045499801635742e+00 1.237043666839599609e+01
-2.601973533630371094e+00 -7.498412322998046875e+01
3.259857940673828125e+01 1.683812141418457031e+01
6.264513778686523438e+01 7.639948844909667969e+00
8.863183593750000000e+01 3.931534528732299805e+00
6.451306939125061035e-01 -6.729408264160156250e+01
-5.534864425659179688e+01 6.187737274169921875e+01
3.074555873870849609e+00 -2.831298065185546875e+01
-3.895175552368164062e+01 -2.365910911560058594e+01
-6.028055667877197266e+00 -3.536330413818359375e+01
-1.381155872344970703e+01 -2.505677604675292969e+01
-4.327865600585937500e+01 -6.280650329589843750e+01
-5.812676620483398438e+01 8.606723785400390625e+01
-2.221563529968261719e+01 3.520264148712158203e+00
-7.543153381347656250e+01 -3.082151603698730469e+01
-5.375945281982421875e+01 8.376336669921875000e+01
-5.002583694458007812e+01 9.082672119140625000e+01
-6.559469223022460938e+00 -7.655416107177734375e+01
-5.887521743774414062e+01 8.280558013916015625e+01
9.003625488281250000e+01 -2.187204933166503906e+01
8.829242706298828125e+00 2.109654998779296875e+01
-6.583943176269531250e+01 -3.126291465759277344e+01
-5.749184131622314453e+00 6.419689941406250000e+01
4.115225219726562500e+01 2.719012069702148438e+01
6.709140777587890625e+01 -5.476580619812011719e+00
3.172914123535156250e+01 1.865358543395996094e+01
-3.923027038574218750e+01 1.167470245361328125e+02
-1.017396450042724609e+01 -3.212673568725585938e+01
9.493894195556640625e+01 -3.008885383605957031e+01
-2.656226921081542969e+01 2.292825889587402344e+01
-6.147365951538085938e+01 -3.921976852416992188e+01
1.398554039001464844e+01 1.135261631011962891e+01
-8.759243965148925781e+00 5.194911479949951172e+00
1.247302341461181641e+01 8.944822692871093750e+01
2.664348220825195312e+01 -2.007480812072753906e+01
-3.008946800231933594e+01 -5.180987548828125000e+01
-3.443982315063476562e+01 2.766757583618164062e+01
3.949813842773437500e+01 -5.407371139526367188e+01
-1.875882339477539062e+01 9.665876007080078125e+01
5.089785385131835938e+01 3.019474029541015625e+01
1.435166358947753906e+00 -3.733012008666992188e+01
-1.781900215148925781e+01 -2.023051261901855469e+01
1.542013645172119141e+01 5.435382461547851562e+01
3.768896102905273438e+01 1.237342453002929688e+01
-2.107971906661987305e-02 -2.174767971038818359e+00
-1.466224765777587891e+01 9.929167938232421875e+01
5.271427154541015625e+01 -3.463151550292968750e+01
1.107514476776123047e+01 3.488765335083007812e+01
4.249518203735351562e+01 -1.981316375732421875e+01
1.314713382720947266e+01 2.320298671722412109e+00
-1.429389858245849609e+01 -5.582454299926757812e+01
9.660221862792968750e+01 -2.773051452636718750e+01
1.206154537200927734e+01 -3.405796766281127930e+00
6.534465312957763672e+00 7.735576629638671875e+01
-4.316165924072265625e+01 -5.895237731933593750e+01
-4.717256927490234375e+01 -2.071334457397460938e+01
-4.772173690795898438e+01 -2.708263206481933594e+01
-4.130313110351562500e+01 7.049666595458984375e+01
-4.700374984741210938e+01 -5.742565155029296875e+01
-7.579441070556640625e+01 -2.266763877868652344e+01
-3.832434463500976562e+01 -5.617952346801757812e+01
1.327015495300292969e+01 5.734894943237304688e+01
7.241193771362304688e+00 -5.909009552001953125e+01
-7.219052886962890625e+01 7.871545791625976562e+00
-2.940156936645507812e+01 -1.722039604187011719e+01
-4.645471954345703125e+01 -4.536832809448242188e+01
4.335941696166992188e+01 -5.002008819580078125e+01
1.093925952911376953e+01 1.450301265716552734e+01
1.464204502105712891e+01 8.505928802490234375e+01
-1.300449943542480469e+01 -2.532764673233032227e+00
6.442123413085937500e+00 -2.380094337463378906e+01
-2.788853645324707031e+01 2.233130073547363281e+01
-4.330779266357421875e+01 -3.958882141113281250e+01
-2.646218490600585938e+01 8.610018730163574219e+00
-6.160661697387695312e+01 -6.071034622192382812e+01
-5.249438858032226562e+01 8.105980682373046875e+01
1.552608108520507812e+01 8.580123901367187500e+01
4.110799789428710938e+00 6.559663391113281250e+01
2.007188415527343750e+01 6.182085990905761719e+00
4.937149810791015625e+01 -4.827523040771484375e+01
-2.515699958801269531e+01 1.013612442016601562e+02
-3.195639610290527344e+01 -3.876065063476562500e+01
-3.949087524414062500e+01 -3.544879531860351562e+01
-4.426956558227539062e+01 1.408206176757812500e+01
-1.924912071228027344e+01 3.951109170913696289e+00
-8.139167785644531250e+01 -1.724550437927246094e+01
1.320288419723510742e+00 -7.446765136718750000e+01
-4.393385314941406250e+01 -6.054489135742187500e+01
-2.300333499908447266e+00 -2.034688568115234375e+01
4.387035846710205078e+00 8.896364593505859375e+01
-1.056912094354629517e-01 5.987392425537109375e+01
2.277041053771972656e+01 1.549456691741943359e+01
-2.666612815856933594e+01 1.385631084442138672e+01
9.224150848388671875e+01 -2.823646163940429688e+01
2.827971649169921875e+01 4.146883010864257812e+00
8.749945640563964844e+00 1.200270175933837891e+01
1.598457050323486328e+01 1.463979601860046387e+00
-2.515726280212402344e+01 -5.803948974609375000e+01
7.124175262451171875e+01 -3.449068069458007812e+01
-5.476269912719726562e+01 8.050890350341796875e+01
-5.852679443359375000e+01 7.703672027587890625e+01
-2.933406639099121094e+01 -1.619744682312011719e+01
-1.882728576660156250e+01 1.451174068450927734e+01
-3.440591573715209961e+00 -5.061345672607421875e+01
-6.589880943298339844e+00 -4.578371047973632812e+01
-3.234703302383422852e+00 8.247964859008789062e+00
-4.373359680175781250e+01 -5.173647689819335938e+01
4.424075698852539062e+01 9.836149215698242188e+00
2.710231018066406250e+01 5.241155624389648438e+01
1.669272232055664062e+01 2.199024009704589844e+01
-5.240012741088867188e+01 5.375350952148437500e+01
-3.670560836791992188e+01 3.493987655639648438e+01
3.534210920333862305e+00 4.091804981231689453e+00
2.540229606628417969e+01 -5.404690551757812500e+01
1.816216087341308594e+01 7.366973114013671875e+01
1.647635078430175781e+01 -3.269782638549804688e+01
-3.579524612426757812e+01 7.087736511230468750e+01
1.362968635559082031e+01 5.291954994201660156e+00
3.321896743774414062e+01 7.249915122985839844e+00
-3.832308578491210938e+01 5.019219207763671875e+01
-1.283175563812255859e+01 6.400746917724609375e+01
-1.375590896606445312e+01 5.409548187255859375e+01
1.247147369384765625e+01 4.563739776611328125e+00
3.035885810852050781e+00 -3.373710250854492188e+01
-8.579558134078979492e-01 -7.794034576416015625e+01
4.529079818725585938e+01 -3.274288558959960938e+01
2.160430145263671875e+01 -1.147136306762695312e+01
3.690543651580810547e+00 -7.139971923828125000e+01
-3.436872863769531250e+01 2.770321273803710938e+01
1.541901397705078125e+01 8.361994171142578125e+01
1.745415878295898438e+01 2.128323936462402344e+01
3.867248916625976562e+01 -5.603702163696289062e+01
6.815421295166015625e+01 -3.897861862182617188e+01
-6.867283344268798828e+00 1.483589744567871094e+01
-6.103866577148437500e+01 6.973569488525390625e+01
1.534300041198730469e+01 -1.647526359558105469e+01
7.205922126770019531e+00 8.257701873779296875e+00
7.359812259674072266e+00 2.496915245056152344e+01
5.329581832885742188e+01 -4.961844635009765625e+01
-6.161116790771484375e+01 -6.071715545654296875e+01
-3.186608505249023438e+01 2.049152183532714844e+01
-2.160783386230468750e+01 9.647510528564453125e+01
-5.140531158447265625e+01 8.226326751708984375e+01
3.989038848876953125e+01 2.215466499328613281e+00
3.362850427627563477e+00 -1.312367820739746094e+01
8.282952308654785156e+00 7.972676086425781250e+01
-2.312532997131347656e+01 5.414395904541015625e+01
-5.334280967712402344e+00 2.849459457397460938e+01
-5.563697052001953125e+01 8.799352264404296875e+01
1.386142671108245850e-01 -2.716483831405639648e+00
2.041784524917602539e+00 6.403244781494140625e+01
6.981372833251953125e+01 -3.782084274291992188e+01
-8.727371215820312500e+00 -2.730016136169433594e+01
9.146513366699218750e+01 -2.703799438476562500e+01
-6.828038024902343750e+01 -2.116484260559082031e+01
2.350322723388671875e+00 8.125822448730468750e+01
-5.658823013305664062e+01 8.415368652343750000e+01
5.879887104034423828e+00 8.357715606689453125e+01
4.738977432250976562e+01 5.847980117797851562e+01
2.441971749067306519e-01 7.600523376464843750e+01
-4.864653778076171875e+01 -5.763545608520507812e+01
5.324065780639648438e+01 -6.442174530029296875e+01
-1.128688907623291016e+01 7.078410625457763672e+00
-7.353122711181640625e+00 5.322240066528320312e+01
-4.234762954711914062e+01 -2.431824493408203125e+01
2.244313716888427734e+00 -6.819501495361328125e+01
3.000522232055664062e+01 -3.070075225830078125e+01
-3.521008300781250000e+01 -1.865104866027832031e+01
2.677803421020507812e+01 -2.615217399597167969e+01
9.480756378173828125e+01 -1.568536162376403809e+00
-1.771442222595214844e+01 2.585682296752929688e+01
3.253603744506835938e+01 -5.291667556762695312e+01
-6.907284545898437500e+01 -2.848367309570312500e+01
2.775840759277343750e+01 5.849358367919921875e+01
5.734055328369140625e+01 -6.293371963500976562e+01
4.732627105712890625e+01 -3.260770797729492188e+01
5.930812835693359375e+01 8.446434020996093750e+00
-3.257945251464843750e+01 6.695757293701171875e+01
-6.022412300109863281e+00 -6.613525390625000000e+01
8.015258026123046875e+01 -2.990939903259277344e+01
-1.782482337951660156e+01 5.599154472351074219e+00
-2.476474189758300781e+01 -1.261480808258056641e+01
5.628604412078857422e+00 -7.555790710449218750e+01
-2.618294334411621094e+01 9.283652496337890625e+01
-5.275581741333007812e+01 7.517543792724609375e+01
-7.681993103027343750e+01 -1.012118244171142578e+01
-4.643744659423828125e+01 1.398092937469482422e+01
2.653925180435180664e+00 1.550128555297851562e+01
-1.006497192382812500e+01 -6.611517333984375000e+01
-5.428347396850585938e+01 9.050507354736328125e+01
-1.061934661865234375e+01 -6.719274139404296875e+01
-4.577890396118164062e+01 -4.541690444946289062e+01
1.590491676330566406e+01 -4.609156417846679688e+01
-2.028586769104003906e+01 5.652620697021484375e+01
-4.863158798217773438e+01 6.636185455322265625e+01
-1.185106468200683594e+01 6.554492950439453125e+01
1.100276231765747070e+00 -6.967727661132812500e+01
-1.710205268859863281e+01 -1.418923473358154297e+01
1.641454696655273438e+01 9.827182888984680176e-01
4.317751312255859375e+01 1.168346023559570312e+01
-1.885989189147949219e+01 9.710427093505859375e+01
-5.190335083007812500e+01 -4.291798400878906250e+01
-3.278611183166503906e+00 1.101817417144775391e+01
-3.151292085647583008e+00 1.899192047119140625e+01
5.317992687225341797e+00 -2.553846359252929688e+00
1.094426631927490234e+01 1.067702102661132812e+01
-1.112400150299072266e+01 -2.054532623291015625e+01
2.854043960571289062e+01 -2.610507583618164062e+01
3.238547086715698242e+00 -4.025831985473632812e+01
3.048412132263183594e+01 9.041656494140625000e+00
3.560212135314941406e+00 3.730221176147460938e+01
-3.914321517944335938e+01 6.663692951202392578e+00
-2.627261543273925781e+01 -1.582430553436279297e+01
5.390805435180664062e+01 -5.951411819458007812e+01
-7.281732177734375000e+01 1.150532436370849609e+01
-3.657101058959960938e+01 -2.353632545471191406e+01
2.951973724365234375e+01 -1.303762078285217285e+00
-4.595474624633789062e+01 -4.112488174438476562e+01
-2.060250854492187500e+01 -6.442565917968750000e+01
2.760953903198242188e+01 -2.426704788208007812e+01
-7.365508270263671875e+01 -2.944841194152832031e+01
4.344509887695312500e+01 -4.845402145385742188e+01
-6.598646163940429688e+00 -5.847872161865234375e+01
-1.924590229988098145e+00 4.134032821655273438e+01
1.646997070312500000e+01 1.016844940185546875e+01
-1.184654235839843750e+01 1.797346115112304688e+01
9.274197387695312500e+01 1.909093111753463745e-01
-4.466312026977539062e+01 -4.790808486938476562e+01
1.711244821548461914e+00 7.981120300292968750e+01
-4.342044067382812500e+01 -6.222090530395507812e+01
-5.758582687377929688e+01 -1.582434654235839844e+01
-6.785817623138427734e+00 1.645841479301452637e+00
-1.092392635345458984e+01 4.499894332885742188e+01
-4.872099304199218750e+01 1.608962821960449219e+01
1.424393367767333984e+01 8.281938171386718750e+01
-2.762452125549316406e+01 9.292874908447265625e+01
1.675506973266601562e+01 -2.482962417602539062e+01
-7.312062835693359375e+01 -1.898195648193359375e+01
-6.259872817993164062e+01 -5.525171279907226562e+01
-1.509283065795898438e+01 -6.463799285888671875e+01
-2.440220117568969727e-01 -1.450037860870361328e+01
9.344421386718750000e+01 -2.823473930358886719e+01
1.189083385467529297e+01 -3.432576179504394531e+00
1.055796980857849121e+00 -7.951005554199218750e+01
2.839328002929687500e+01 5.840791320800781250e+01
2.686235046386718750e+01 3.358839416503906250e+01
6.520732879638671875e+01 4.179977798461914062e+01
-2.429967117309570312e+01 1.147937927246093750e+02
-1.267633819580078125e+01 5.579487609863281250e+01
1.292037677764892578e+01 -3.590932369232177734e+00
7.667035579681396484e+00 2.551400184631347656e+01
1.147441342473030090e-01 2.044201469421386719e+01
2.338685035705566406e+00 -5.392162322998046875e+01
-1.061677837371826172e+01 -1.177667808532714844e+01
-1.295835590362548828e+01 -3.146002578735351562e+01
-2.769932746887207031e+01 8.380644226074218750e+01
1.720866918563842773e+00 -8.063916778564453125e+01
-4.740293121337890625e+01 -4.805135345458984375e+01
3.306535339355468750e+01 -1.606501007080078125e+01
-2.412205505371093750e+01 -4.558843994140625000e+01
8.958357810974121094e+00 -4.926703643798828125e+01
-9.361312866210937500e+00 2.690415000915527344e+01
-7.404059600830078125e+01 1.061602473258972168e+00
-9.745088577270507812e+00 -4.314826202392578125e+01
3.626789474487304688e+01 -5.077790451049804688e+01
-5.603276062011718750e+01 8.389914703369140625e+01
1.515529823303222656e+01 9.065856170654296875e+01
-2.337073707580566406e+01 5.428938293457031250e+01
-4.220888519287109375e+01 -5.961794281005859375e+01
-3.008224725723266602e+00 -5.039022064208984375e+01
1.043226909637451172e+01 7.656706809997558594e+00
6.593650054931640625e+01 -2.593328475952148438e+01
3.816526174545288086e+00 -7.404203033447265625e+01
-6.845536041259765625e+01 3.570764660835266113e-01
-8.445989608764648438e+00 -1.015917873382568359e+01
-5.176695346832275391e+00 -3.655725097656250000e+01
-4.374209976196289062e+01 -3.318375396728515625e+01
-2.891048622131347656e+01 1.152658996582031250e+02
-1.880224227905273438e+01 -4.003562545776367188e+01
-5.065821456909179688e+01 9.023801422119140625e+01
-1.218409538269042969e+00 -2.730141162872314453e+00
2.271915435791015625e+01 8.772275924682617188e+00
5.533777999877929688e+01 5.258182525634765625e+00
1.974072074890136719e+01 8.669725799560546875e+01
5.360386276245117188e+01 -5.086630249023437500e+01
-3.378517150878906250e+01 7.086680603027343750e+01
4.084932708740234375e+01 -5.424477386474609375e+01
4.093577194213867188e+01 -4.952652740478515625e+01
2.426453208923339844e+01 6.086142730712890625e+01
3.329978942871093750e+01 -3.761655426025390625e+01
4.893397521972656250e+01 -5.529554367065429688e+01
-3.698189163208007812e+01 4.328926467895507812e+01
-4.757637500762939453e+00 3.308839416503906250e+01
-7.783068847656250000e+01 2.334670066833496094e+01
5.640050888061523438e+00 -1.788176155090332031e+01
-4.125047683715820312e+01 -1.487339401245117188e+01
-7.699336242675781250e+01 -2.833613586425781250e+01
-1.706215858459472656e+01 1.152662634849548340e+00
-3.845752716064453125e+01 2.775452804565429688e+01
2.770757198333740234e+00 -1.158993721008300781e+01
8.739171028137207031e+00 5.110272598266601562e+01
-3.890811920166015625e+01 4.995274734497070312e+01
-3.897784042358398438e+01 -2.634449577331542969e+01
1.265210437774658203e+01 -3.312310791015625000e+01
3.276752471923828125e+00 -3.382746887207031250e+01
-2.703803443908691406e+01 4.860448074340820312e+01
-8.511873245239257812e+00 -1.374552631378173828e+01
1.338308238983154297e+01 7.184130859375000000e+01
-2.613880157470703125e+01 3.814546108245849609e+00
5.509163379669189453e+00 1.100889396667480469e+01
1.496662044525146484e+01 -1.609492111206054688e+01
-2.132226371765136719e+01 -5.873306655883789062e+01
-9.182896614074707031e+00 2.106163406372070312e+01
-3.375130081176757812e+01 7.589037322998046875e+01
-4.432996749877929688e+01 -2.399340248107910156e+01
-6.828489685058593750e+01 -2.854639291763305664e+00
3.143022537231445312e+01 -3.572414159774780273e+00
-7.453957366943359375e+01 -2.677727127075195312e+01
3.184757041931152344e+01 1.702157020568847656e+01
1.128714084625244141e+01 5.695302581787109375e+01
-4.576102066040039062e+01 -3.234361648559570312e+01
-4.630680084228515625e+00 2.896760940551757812e+01
5.939817047119140625e+01 -5.982990264892578125e+01
-7.125212097167968750e+01 -2.346059608459472656e+01
-1.118845844268798828e+01 5.200182723999023438e+01
1.696530914306640625e+01 2.800466728210449219e+01
5.241869735717773438e+01 -4.699644088745117188e+01
-4.130093383789062500e+01 1.001240825653076172e+01
6.368238449096679688e+01 -7.528611660003662109e+00
-4.137989807128906250e+01 1.329733467102050781e+01
-5.193070411682128906e+00 -4.278243637084960938e+01
-6.584919738769531250e+01 -3.351124191284179688e+01
5.536556243896484375e+01 -6.348987960815429688e+01
1.066598519682884216e-01 7.588687896728515625e+01
-9.777588844299316406e-01 -2.288807106018066406e+01
-3.277067565917968750e+01 8.094895935058593750e+01
-5.753868103027343750e+01 6.910349273681640625e+01
-1.624123191833496094e+01 4.634252166748046875e+01
-2.429715156555175781e+01 1.745170021057128906e+01
1.125052547454833984e+01 5.216553497314453125e+01
-3.907013654708862305e+00 -6.769123840332031250e+01
5.120497894287109375e+01 1.751089096069335938e+01
1.683962059020996094e+01 -3.383546066284179688e+01
-4.070953369140625000e+01 -5.312381362915039062e+01
-2.916980552673339844e+01 -2.183041000366210938e+01
-3.963505935668945312e+01 1.031236171722412109e+01
-2.476898193359375000e+01 5.011761856079101562e+01
-2.393778800964355469e+01 -4.629281997680664062e+01
4.514137649536132812e+01 -2.235181999206542969e+01
1.315436935424804688e+01 7.502835845947265625e+01
1.248465633392333984e+01 8.590499114990234375e+01
7.974350929260253906e+00 8.881331634521484375e+01
9.479801940917968750e+01 -2.712443733215332031e+01
-9.407802581787109375e+00 5.629948616027832031e+00
-6.299026107788085938e+01 -1.957018280029296875e+01
5.914712905883789062e+00 1.711326980590820312e+01
-2.880391120910644531e+01 3.584296703338623047e+00
-3.132457160949707031e+01 3.240886688232421875e+01
7.902892112731933594e+00 -2.174599838256835938e+01
4.566414356231689453e+00 1.917696380615234375e+01
1.089995384216308594e+01 -8.548852920532226562e+00
-2.037544822692871094e+01 1.756811332702636719e+01
6.890222930908203125e+01 7.403466701507568359e-01
9.190020751953125000e+01 -2.975573158264160156e+01
-1.901597213745117188e+01 4.050195693969726562e+00
-7.198720550537109375e+01 1.167293071746826172e+01
-3.814738464355468750e+01 -1.511180496215820312e+01
-4.470283508300781250e+00 -6.740084838867187500e+01
-3.289519119262695312e+01 -8.551856994628906250e+00
2.292044067382812500e+01 8.816222190856933594e+00
4.882742309570312500e+01 -4.811568832397460938e+01
2.175143432617187500e+01 4.517468452453613281e+00
8.425726890563964844e+00 5.326951599121093750e+01
-2.268280220031738281e+01 4.927094459533691406e+00
-1.761907005310058594e+01 -9.169268608093261719e+00
-1.833941650390625000e+01 9.346499633789062500e+01
-1.633769035339355469e+01 3.142920494079589844e+01
4.405718994140625000e+01 5.748799324035644531e+00
-2.585653305053710938e+01 2.455367279052734375e+01
1.127240467071533203e+01 8.797644805908203125e+01
6.954495239257812500e+01 -7.324064254760742188e+00
1.430537414550781250e+01 9.356060028076171875e+01
3.779344558715820312e+01 1.415926361083984375e+01
-8.494770050048828125e+00 -8.022423553466796875e+01
-3.023241233825683594e+01 3.326134109497070312e+01
5.870347213745117188e+01 -2.935323715209960938e+01
-3.034470939636230469e+01 -2.709283828735351562e+01
4.862515640258789062e+01 -6.063103103637695312e+01
4.174630641937255859e+00 -7.805781555175781250e+01
-1.318430328369140625e+01 4.753981399536132812e+01
-2.336131668090820312e+01 6.784024715423583984e+00
-3.358120346069335938e+01 -2.568829727172851562e+01
-2.141366195678710938e+01 7.883596897125244141e+00
4.712898254394531250e+01 -6.686731719970703125e+01
-1.155932545661926270e+00 -9.320355415344238281e+00
6.907384395599365234e+00 1.099108600616455078e+01
-7.357770538330078125e+01 1.276356601715087891e+01
-4.732014846801757812e+01 6.762002563476562500e+01
-2.146392631530761719e+01 -2.011131763458251953e+00
2.266379928588867188e+01 -1.751735877990722656e+01
1.699838447570800781e+01 8.686378479003906250e+01
-6.143346023559570312e+01 -1.311915111541748047e+01
5.362120151519775391e+00 -1.058000850677490234e+01
-3.234338045120239258e+00 -3.582788085937500000e+01
-6.170243835449218750e+01 8.638917922973632812e+00
-4.123492717742919922e+00 -4.113642883300781250e+01
3.063842391967773438e+01 -5.750227355957031250e+01
-5.316819763183593750e+01 -2.439499473571777344e+01
-2.716264724731445312e+01 3.099395036697387695e+00
-4.023049163818359375e+01 -2.170610237121582031e+01
-4.316241836547851562e+01 -5.078536224365234375e+01
-4.063293838500976562e+01 -5.018812561035156250e+01
-3.052297401428222656e+01 -2.727918243408203125e+01
-9.419961929321289062e+00 2.826613998413085938e+01
7.128462982177734375e+01 2.807576417922973633e+00
-2.695652198791503906e+01 -1.960537528991699219e+01
4.215079307556152344e+00 7.532991886138916016e+00
1.013248634338378906e+01 -1.477362442016601562e+01
-4.986940383911132812e+01 8.267719268798828125e+01
-4.773158073425292969e+00 -3.211771392822265625e+01
6.971680641174316406e+00 8.431796264648437500e+01
1.704419708251953125e+01 8.903248596191406250e+01
-6.550181579589843750e+01 -9.279367446899414062e+00
-2.021409225463867188e+01 5.055065155029296875e+01
-3.133171653747558594e+01 2.939516639709472656e+01
-1.683853721618652344e+01 9.678503417968750000e+01
3.093150520324707031e+01 -5.249406814575195312e+00
1.939784240722656250e+01 9.715500831604003906e+00
-4.755383682250976562e+01 -3.276365661621093750e+01
-3.703034973144531250e+01 1.105494213104248047e+01
-1.594113159179687500e+01 4.392416000366210938e+01
-5.390735626220703125e+01 6.248729705810546875e+01
1.139622497558593750e+01 8.698549652099609375e+01
-1.624806404113769531e+01 -2.317962455749511719e+01
-3.968630218505859375e+01 9.761066436767578125e+00
-1.595679569244384766e+01 -3.659584426879882812e+01
-5.101652145385742188e+01 8.271804046630859375e+01
1.381987053900957108e-02 4.249891757965087891e+00
2.948901748657226562e+01 3.512183761596679688e+01
-2.381600379943847656e+01 9.929048919677734375e+01
9.594761657714843750e+01 -8.432808876037597656e+00
-2.366895675659179688e+01 -6.456333923339843750e+01
-3.889716720581054688e+01 -1.780531120300292969e+01
-2.409598112106323242e+00 -8.190452575683593750e+00
9.743406176567077637e-01 1.193501567840576172e+01
-1.877736091613769531e+01 -4.003165054321289062e+01
2.761692762374877930e+00 2.489451217651367188e+01
-3.431471633911132812e+01 -1.308543980121612549e-01
1.080457210540771484e+00 -4.413592910766601562e+01
7.417118549346923828e+00 -2.558362960815429688e+01
2.600580215454101562e+01 -1.052616977691650391e+01
3.365329742431640625e+01 -1.018293285369873047e+01
-7.054907989501953125e+01 1.878048706054687500e+01
1.930940246582031250e+01 2.844752883911132812e+01
2.730400657653808594e+01 -2.215903282165527344e+01
4.586935424804687500e+01 -7.208870697021484375e+01
8.734102630615234375e+01 -3.740355682373046875e+01
6.813945770263671875e+00 -3.018045234680175781e+01
1.585943508148193359e+01 -1.405716800689697266e+01
-3.338596725463867188e+01 -3.928551101684570312e+01
2.834248352050781250e+01 2.522307395935058594e+00
-1.284371852874755859e+01 2.453575325012207031e+01
-1.385151672363281250e+01 4.397115707397460938e+01
-5.213522720336914062e+01 6.571049499511718750e+01
8.334133148193359375e+01 -2.900168991088867188e+01
-2.759260559082031250e+01 -3.908021926879882812e+01
9.169770240783691406e+00 7.429575347900390625e+01
-3.282859802246093750e+01 -2.047523498535156250e+01
4.098556900024414062e+01 4.299485778808593750e+01
1.419921493530273438e+01 5.315523529052734375e+01
8.466418266296386719e+00 1.379003882408142090e+00
2.765595054626464844e+01 2.943384552001953125e+01
-6.447474956512451172e-01 4.162804794311523438e+01
-6.638456344604492188e+00 -3.682182693481445312e+01
9.317277908325195312e+00 5.445631504058837891e+00
5.764310836791992188e+01 -9.274907112121582031e+00
1.388894271850585938e+01 -6.444968414306640625e+01
-4.217477035522460938e+01 -3.345474624633789062e+01
4.401189041137695312e+01 -5.182278060913085938e+01
-4.602980041503906250e+01 -1.729743766784667969e+01
-1.780767631530761719e+01 -4.729055023193359375e+01
4.888668441772460938e+01 -6.573735046386718750e+01
-3.644359588623046875e+01 1.338848209381103516e+01
-1.538025474548339844e+01 -3.129121780395507812e+00
1.162829399108886719e+01 8.296004486083984375e+01
3.908635711669921875e+01 4.492133331298828125e+01
-3.134251785278320312e+01 2.341759300231933594e+01
-6.493315124511718750e+01 -1.038442230224609375e+01
3.445377731323242188e+01 -5.039149856567382812e+01
-2.872660446166992188e+01 -1.977112960815429688e+01
9.670632934570312500e+01 -3.754494476318359375e+01
-3.346841430664062500e+01 -2.245920181274414062e+01
3.604748535156250000e+01 -1.203809833526611328e+01
9.126112365722656250e+01 -2.101407623291015625e+01
5.089756011962890625e+00 3.998022842407226562e+01
-3.244368743896484375e+01 -4.524036407470703125e+00
-1.090725708007812500e+01 -2.695915603637695312e+01
-6.103902053833007812e+01 8.720568084716796875e+01
4.944098949432373047e+00 6.277440643310546875e+01
9.663770198822021484e-01 -3.327897644042968750e+01
-4.241065979003906250e+00 -1.163574886322021484e+01
5.998781323432922363e-01 7.964772033691406250e+01
8.872723388671875000e+01 -2.178445243835449219e+01
6.951860189437866211e-01 2.268832397460937500e+01
-7.127008819580078125e+01 -3.087392234802246094e+01
3.855601310729980469e+00 -2.285137939453125000e+01
-1.158284091949462891e+01 -3.273936462402343750e+01
-2.060345888137817383e+00 -2.398542976379394531e+01
-1.361675262451171875e+01 5.526660156250000000e+01
-1.494459438323974609e+01 -5.379125595092773438e+01
2.071574926376342773e+00 7.746741485595703125e+01
9.040770721435546875e+01 -2.418872833251953125e+01
-1.811252403259277344e+01 5.411878204345703125e+01
-1.619621276855468750e+01 4.176435852050781250e+01
-7.347061920166015625e+01 9.155199050903320312e+00
7.287061810493469238e-01 -6.275185012817382812e+01
-2.267454910278320312e+01 9.985902905464172363e-01
-1.084006404876708984e+01 4.347857284545898438e+01
-2.491022300720214844e+01 5.004510879516601562e+01
3.641186904907226562e+01 -1.488331127166748047e+01
5.027586746215820312e+01 3.320059204101562500e+01
-2.755590248107910156e+01 4.720566558837890625e+01
1.061601066589355469e+01 -3.288310623168945312e+01
1.559457683563232422e+01 -3.471158218383789062e+01
9.973454475402832031e+00 8.781965637207031250e+01
4.746945571899414062e+01 -6.597863006591796875e+01
-2.757963418960571289e+00 -7.886999130249023438e+00
2.869611930847167969e+01 5.831161880493164062e+01
-3.669534683227539062e+01 -1.546521091461181641e+01
-7.356084346771240234e+00 -4.609580993652343750e+01
-7.246352386474609375e+01 1.331359577178955078e+01
-6.672119140625000000e+01 -3.158921957015991211e+00
-7.603229880332946777e-01 3.579182434082031250e+01
1.878690147399902344e+01 3.740506362915039062e+01
-7.084634780883789062e+00 -3.135427284240722656e+01
4.586547470092773438e+01 -6.705352783203125000e+01
4.312056350708007812e+01 7.028701782226562500e+00
1.512924671173095703e+00 -4.087089920043945312e+01
-7.447923278808593750e+01 -3.602870941162109375e+01
3.055779266357421875e+01 -2.222373723983764648e+00
2.364603042602539062e+01 7.191812896728515625e+01
-1.292000770568847656e+01 4.851483154296875000e+01
-1.447483921051025391e+01 3.959115600585937500e+01
-7.944682121276855469e+00 -3.308277130126953125e+01
8.780821990966796875e+01 2.074524879455566406e+00
-1.232725429534912109e+01 1.770761013031005859e+00
2.560170364379882812e+01 6.073097991943359375e+01
1.679037666320800781e+01 8.567792510986328125e+01
-1.776833534240722656e+01 -1.763168931007385254e+00
8.903044128417968750e+01 -3.219263076782226562e+01
-5.744323730468750000e+01 1.987819194793701172e+00
-2.791446113586425781e+01 2.928074264526367188e+01
4.366014099121093750e+01 -2.504872894287109375e+01
2.402396583557128906e+01 1.130198383331298828e+01
-3.929408264160156250e+01 2.741030120849609375e+01
1.032618427276611328e+01 -2.743443679809570312e+01
-2.778514862060546875e+01 4.576574707031250000e+01
5.167643547058105469e+00 4.900997161865234375e+01
-1.426009178161621094e+01 4.487602996826171875e+01
-7.651328563690185547e+00 1.669758987426757812e+01
-2.856936216354370117e+00 -2.857102966308593750e+01
2.494397163391113281e+01 1.204002952575683594e+01
6.417707061767578125e+01 3.826525688171386719e+00
-1.187427997589111328e+01 3.912358856201171875e+01
-5.455778884887695312e+01 4.520728683471679688e+01
-1.242550277709960938e+01 2.460946846008300781e+01
-4.773480606079101562e+01 -6.485243988037109375e+01
2.006288909912109375e+01 -1.848184394836425781e+01
-2.857496833801269531e+01 3.377138376235961914e+00
1.287263035774230957e+00 -5.396606445312500000e+01
-2.008036041259765625e+01 2.108554077148437500e+01
4.589031600952148438e+01 -6.936833190917968750e+01
7.480346679687500000e+00 3.954810333251953125e+01
-6.685214233398437500e+01 -3.226839828491210938e+01
-4.313001251220703125e+01 -9.653852462768554688e+00
6.390509414672851562e+01 4.127798843383789062e+01
-1.376604843139648438e+01 -7.811997222900390625e+01
-1.753416442871093750e+01 -5.917261123657226562e+01
4.447917175292968750e+01 -6.718666076660156250e+01
-1.643385052680969238e+00 -2.674500942230224609e+00
-5.643293380737304688e+01 7.445334911346435547e+00
-2.709748077392578125e+01 9.150276184082031250e+00
-1.939307022094726562e+01 8.768701171875000000e+01
-7.467164611816406250e+01 -3.542681884765625000e+01
3.454665374755859375e+01 4.672406005859375000e+01
1.115840721130371094e+01 -2.529014968872070312e+01
1.328601074218750000e+01 1.020630359649658203e+01
-1.198164176940917969e+01 1.806575775146484375e+01
2.209640312194824219e+01 1.933261990547180176e+00
-1.455842590332031250e+01 4.002826309204101562e+01
7.389283180236816406e+00 4.984385681152343750e+01
3.153464889526367188e+01 1.769822883605957031e+01
-1.654056930541992188e+01 3.574483871459960938e+01
3.258608245849609375e+01 1.805394363403320312e+01
-2.360587120056152344e+01 9.199274444580078125e+01
-4.308506011962890625e+01 -5.810910034179687500e+01
1.021778488159179688e+01 1.249576759338378906e+01
2.112177658081054688e+01 -1.199325656890869141e+01
3.433789443969726562e+01 -3.712450408935546875e+01
3.928371047973632812e+01 1.393998336791992188e+01
-4.376359939575195312e+01 -6.438621520996093750e+01
1.373224830627441406e+01 8.769664764404296875e+01
-5.869132995605468750e+01 8.028017425537109375e+01
-5.046963500976562500e+01 1.145652389526367188e+01
9.067197418212890625e+01 -1.993440628051757812e+01
-1.071891593933105469e+01 3.133095932006835938e+01
5.331336975097656250e+01 -4.574372482299804688e+01
-1.406123542785644531e+01 4.644320678710937500e+01
-1.426079368591308594e+01 9.311739349365234375e+01
-3.070719718933105469e+01 2.479032897949218750e+01
-5.059506893157958984e+00 -3.040112686157226562e+01
-1.558176040649414062e+01 -6.062509536743164062e+00
-3.128875732421875000e+01 6.505082702636718750e+01
7.154894351959228516e+00 -5.800447463989257812e-01
-3.394741058349609375e+01 6.352574920654296875e+01
1.834340095520019531e+01 2.425041580200195312e+01
4.303968048095703125e+01 -1.304286003112792969e+01
4.591242980957031250e+01 1.290342712402343750e+01
-4.181656646728515625e+01 -6.696916198730468750e+01
5.085246658325195312e+01 -6.630663299560546875e+01
-6.285966873168945312e+01 8.113804626464843750e+01
-1.831543540954589844e+01 5.044651794433593750e+01
2.744868087768554688e+01 -5.654168701171875000e+01
-5.541994857788085938e+01 -2.561923599243164062e+01
-5.970152378082275391e+00 3.022462081909179688e+01
-6.026973724365234375e+01 -5.527637004852294922e+00
6.586701202392578125e+01 5.848869323730468750e+00
-2.401757049560546875e+01 2.350582695007324219e+01
5.712104034423828125e+01 -2.372120666503906250e+01
-4.779024124145507812e+00 7.338555335998535156e+00
-1.651362609863281250e+01 2.972963142395019531e+01
1.133920001983642578e+01 -1.345175933837890625e+01
2.521898460388183594e+01 2.785055351257324219e+01
-1.359774112701416016e+01 -6.220497512817382812e+01
2.422315835952758789e+00 -2.642749786376953125e+01
7.223273468017578125e+01 -2.467101097106933594e+01
-4.385072326660156250e+01 -2.569766807556152344e+01
7.628856658935546875e+01 -1.076459980010986328e+01
-2.474235725402832031e+01 3.413525772094726562e+01
7.834957122802734375e+01 -2.939651298522949219e+01
5.071035385131835938e+01 -4.572218704223632812e+01
7.804546356201171875e+01 -1.585856318473815918e+00
-6.236872482299804688e+01 1.246872711181640625e+01
9.561882019042968750e+01 9.141541123390197754e-01
-3.156818389892578125e+01 -2.423362541198730469e+01
-2.675057792663574219e+01 3.144853210449218750e+01
8.956339836120605469e+00 5.340664672851562500e+01
-5.372075080871582031e+00 -4.780036544799804688e+01
1.935963439941406250e+01 -4.406174087524414062e+01
1.587702846527099609e+01 8.911714172363281250e+01
2.011201477050781250e+01 7.991492462158203125e+01
3.731672286987304688e+00 2.870472717285156250e+01
6.096145629882812500e+01 7.449164986610412598e-01
-2.021403884887695312e+01 9.184609222412109375e+01
-1.212035655975341797e+01 -4.343447113037109375e+01
-4.620564270019531250e+01 -5.685927200317382812e+01
-5.144606399536132812e+01 6.545283508300781250e+01
-1.110759353637695312e+01 1.619604301452636719e+01
1.356626510620117188e+01 -2.040408325195312500e+01
6.702452659606933594e+00 -1.561970424652099609e+01
2.310404586791992188e+01 -6.300443649291992188e+00
-9.449485778808593750e+00 7.264731884002685547e+00
-3.852545547485351562e+01 -5.787313079833984375e+01
-4.410128402709960938e+01 -6.140128707885742188e+01
-4.058031845092773438e+01 -5.670934295654296875e+01
5.212003231048583984e+00 7.998769378662109375e+01
-4.222755432128906250e+00 3.097155809402465820e+00
-4.506275939941406250e+01 -5.260070800781250000e+01
1.334873962402343750e+01 7.232398986816406250e+01
-4.893568515777587891e+00 2.928859138488769531e+01
-2.022586822509765625e+01 4.939031124114990234e+00
-1.840434837341308594e+01 5.454541778564453125e+01
-3.110671234130859375e+01 6.489244842529296875e+01
-2.855317878723144531e+01 1.273065280914306641e+01
-2.809919929504394531e+01 -2.012980699539184570e+00
6.534692382812500000e+01 -7.233338356018066406e-01
-3.228252792358398438e+01 -8.594662547111511230e-01
-1.384444713592529297e+01 4.819254684448242188e+01
3.411606311798095703e+00 1.852054023742675781e+01
1.367336153984069824e+00 2.190830612182617188e+01
-2.188994407653808594e+00 -7.879457473754882812e+00
3.216908645629882812e+01 1.944563484191894531e+01
-2.377936172485351562e+01 6.087726116180419922e+00
1.395988941192626953e+01 1.191347503662109375e+01
-5.455460739135742188e+01 -5.302795410156250000e+01
2.509155273437500000e+01 3.325211715698242188e+01
-9.558575630187988281e+00 -4.328378677368164062e+01
7.104807376861572266e+00 2.848592567443847656e+01
1.926111221313476562e+01 -9.725838661193847656e+00
9.893373489379882812e+00 4.360493087768554688e+01
-1.080189514160156250e+01 1.581777191162109375e+01
6.321879386901855469e+00 -4.794535064697265625e+01
-3.250639724731445312e+01 1.305842995643615723e+00
-3.010469675064086914e+00 6.098020172119140625e+01
-6.408410549163818359e+00 2.990164756774902344e+01
4.897066879272460938e+01 -6.122980117797851562e+01
-7.386715698242187500e+01 -9.704061508178710938e+00
-4.063527679443359375e+01 2.648299789428710938e+01
-3.255789184570312500e+01 -4.198542022705078125e+01
-1.518544483184814453e+01 -2.175099182128906250e+01
4.467925262451171875e+01 -4.974297332763671875e+01
-3.278516006469726562e+01 2.772094726562500000e+01
2.929068803787231445e+00 2.228520202636718750e+01
-4.224979400634765625e+01 -3.711151885986328125e+01
8.305438232421875000e+01 -3.550928497314453125e+01
-6.221253395080566406e+00 3.991144180297851562e+00
-3.723041534423828125e+01 -2.942790603637695312e+01
1.782705879211425781e+01 9.128518676757812500e+01
-3.914490222930908203e+00 -2.225913047790527344e+01
-5.404657840728759766e+00 4.236946487426757812e+01
3.290753936767578125e+01 1.874181938171386719e+01
-1.347027015686035156e+01 -1.760723495483398438e+01
4.221367645263671875e+01 -2.670816802978515625e+01
-6.352884674072265625e+01 -1.471262454986572266e+01
-2.688276863098144531e+01 2.294667434692382812e+01
-1.631006622314453125e+01 3.003976821899414062e+01
-5.073997879028320312e+01 -3.850471496582031250e+01
6.336133193969726562e+01 -5.924657440185546875e+01
1.240655231475830078e+01 8.152157592773437500e+01
-5.399241256713867188e+01 -2.553835678100585938e+01
3.252032470703125000e+01 9.819671630859375000e+00
-1.110305881500244141e+01 1.667568325996398926e+00
1.823796272277832031e+01 -4.497034835815429688e+01
6.531273365020751953e+00 2.429571342468261719e+01
-1.203186416625976562e+01 -2.128983497619628906e+01
2.331811428070068359e+00 1.573472213745117188e+01
1.533013582229614258e+00 3.155208969116210938e+01
-1.234680461883544922e+01 -7.842992401123046875e+01
5.520988845825195312e+01 -7.368484497070312500e+01
-1.430089092254638672e+01 5.622611618041992188e+01
-6.427496337890625000e+01 1.132324576377868652e+00
5.362771749496459961e-01 3.871976089477539062e+01
-4.837524032592773438e+01 -5.177664184570312500e+01
-4.705941200256347656e+00 -4.229846191406250000e+01
-1.731814956665039062e+01 -2.438417434692382812e+01
9.166555786132812500e+01 -2.481847572326660156e+01
-3.203970193862915039e+00 1.891416931152343750e+01
1.831120681762695312e+01 8.146274566650390625e+01
-2.787237358093261719e+01 4.523918914794921875e+01
3.891846466064453125e+01 -2.995594024658203125e+01
8.428340148925781250e+01 -2.774305343627929688e+01
8.748670959472656250e+01 -3.580197906494140625e+01
-5.615527153015136719e+00 -8.101654815673828125e+01
-2.245346069335937500e+01 -2.670819520950317383e+00
6.002806186676025391e+00 1.739305496215820312e+01
4.365146255493164062e+01 -5.059923553466796875e+01
-6.966562652587890625e+01 -2.024767875671386719e+01
-4.538172531127929688e+01 1.276998233795166016e+01
-3.421720981597900391e+00 3.376964187622070312e+01
4.974833297729492188e+01 -6.232381820678710938e+01
-2.447405052185058594e+01 -7.815727233886718750e+00
-9.543673515319824219e+00 -4.757535457611083984e+00
-6.727669525146484375e+01 -2.495361137390136719e+01
-2.626211929321289062e+01 3.496693420410156250e+01
-6.175891494750976562e+01 7.300860881805419922e+00
4.059566497802734375e+01 1.682135581970214844e+01
-5.025289916992187500e+01 -2.671650505065917969e+01
7.797058820724487305e-01 -2.179246711730957031e+01
-5.168995666503906250e+01 2.734407234191894531e+01
4.140746688842773438e+01 -8.411078453063964844e-01
-2.946946716308593750e+01 2.684120941162109375e+01
-4.502227783203125000e+01 1.085376739501953125e+02
-2.449275588989257812e+01 3.058708381652832031e+01
-5.483860397338867188e+01 7.986808776855468750e+01
-5.701936721801757812e+01 -3.173913192749023438e+01
-3.654115676879882812e+00 8.024447631835937500e+01
3.087371826171875000e+01 -5.560889434814453125e+01
8.654623031616210938e+00 2.066279983520507812e+01
8.293978118896484375e+01 -3.548633575439453125e+01
-6.846648693084716797e+00 1.508944511413574219e+00
-1.847715568542480469e+01 3.998394012451171875e+01
-4.421466350555419922e+00 -4.103649139404296875e+01
-5.390290832519531250e+01 -2.204700469970703125e+01
6.060413360595703125e+01 -3.091391181945800781e+01
8.381695151329040527e-01 2.045638275146484375e+01
-2.918396759033203125e+01 2.711820220947265625e+01
1.760787391662597656e+01 -9.739449501037597656e+00
1.161566066741943359e+01 -4.609563064575195312e+01
-2.064867782592773438e+01 -6.273263168334960938e+01
8.042378997802734375e+01 -7.640623092651367188e+00
6.857609748840332031e+00 -2.080979728698730469e+01
-2.557910728454589844e+01 7.874497413635253906e+00
-4.894710159301757812e+01 -2.265491962432861328e+00
-4.799259662628173828e+00 -8.156938171386718750e+01
-6.373435592651367188e+01 -5.462144088745117188e+01
-4.376654052734375000e+01 -5.702305984497070312e+01
6.773909759521484375e+01 -2.874461174011230469e+01
3.579283523559570312e+01 -4.846952056884765625e+01
-3.130583190917968750e+01 2.667056083679199219e+01
-3.568939971923828125e+01 6.928388977050781250e+01
-3.092587280273437500e+01 2.403307914733886719e+01
-3.923852682113647461e+00 1.584878826141357422e+01
-2.837619066238403320e+00 -3.393332290649414062e+01
-2.330333709716796875e+01 1.167355632781982422e+01
-1.529340648651123047e+01 8.874096870422363281e+00
2.610082626342773438e+01 5.676199340820312500e+01
1.012129306793212891e+01 -6.989516615867614746e-01
7.599043369293212891e+00 -5.608059310913085938e+01
-7.562686204910278320e-01 -4.126644515991210938e+01
-4.599977493286132812e+01 -1.986315917968750000e+01
2.039360809326171875e+01 8.084446716308593750e+01
1.106104564666748047e+01 -3.328826522827148438e+01
1.862747573852539062e+01 -4.294003963470458984e+00
-4.160068893432617188e+01 -1.451786899566650391e+01
-2.416914558410644531e+01 2.602131462097167969e+01
-3.541420698165893555e+00 8.005078887939453125e+01
3.185518026351928711e+00 -1.221456050872802734e+01
-6.243859100341796875e+01 8.010239410400390625e+01
-8.224955558776855469e+00 -3.384524917602539062e+01
-7.702212524414062500e+01 -9.298079490661621094e+00
-6.981678485870361328e+00 -9.239094734191894531e+00
-3.575138473510742188e+01 -2.890941810607910156e+01
-2.010158348083496094e+01 -3.297565841674804688e+01
-1.803418731689453125e+01 -2.093474006652832031e+01
-6.205400466918945312e+00 -1.876004791259765625e+01
-6.074557781219482422e+00 -3.436973190307617188e+01
6.720706939697265625e+01 5.847208499908447266e+00
7.978503417968750000e+01 -4.510921537876129150e-01
-5.205963134765625000e+01 -4.278960037231445312e+01
-8.669338226318359375e+00 -3.205533599853515625e+01
-4.849963378906250000e+01 -4.695524978637695312e+01
2.906818771362304688e+01 2.764249038696289062e+01
8.863730621337890625e+01 -1.907989883422851562e+01
2.383345794677734375e+01 1.671268081665039062e+01
1.019759368896484375e+01 -2.199624252319335938e+01
7.421969604492187500e+01 -1.719982910156250000e+01
-3.996838760375976562e+01 1.238044649362564087e-01
3.399343109130859375e+01 6.499212741851806641e+00
1.595282936096191406e+01 2.628555297851562500e+01
-4.094093322753906250e+01 2.625529098510742188e+01
-3.007047462463378906e+01 -5.171680068969726562e+01
-2.703944206237792969e+01 3.427748489379882812e+01
8.628232574462890625e+01 2.823281526565551758e+00
-4.988234329223632812e+01 -4.066883468627929688e+01
-4.680260086059570312e+01 -5.280651855468750000e+01
3.209426498413085938e+01 -4.984487915039062500e+01
-2.689420890808105469e+01 2.724151611328125000e+01
-7.488545227050781250e+01 -2.326848030090332031e+01
-1.339858341217041016e+01 -2.098059844970703125e+01
-5.626032352447509766e+00 -1.482585716247558594e+01
-3.851536178588867188e+01 1.227721595764160156e+01
3.800695419311523438e+00 -5.433645248413085938e+01
-9.291451573371887207e-01 1.546892356872558594e+01
1.238356971740722656e+01 -4.924922287464141846e-01
-2.990647697448730469e+01 6.861180114746093750e+01
-5.938615417480468750e+01 -1.987326812744140625e+01
1.378969383239746094e+01 -4.166145324707031250e+01
7.053559875488281250e+01 -5.930245208740234375e+01
4.782792282104492188e+01 -7.065060424804687500e+01
6.839325714111328125e+01 -5.691673660278320312e+01
-3.173239707946777344e+01 2.208677482604980469e+01
-1.142276000976562500e+01 4.785488510131835938e+01
7.255608367919921875e+01 -2.730460548400878906e+01
-6.747702789306640625e+01 1.588838863372802734e+01
-1.150130367279052734e+01 -2.345674133300781250e+01
2.468564605712890625e+01 -1.322315502166748047e+01
-2.469176864624023438e+01 3.439401245117187500e+01
2.156435966491699219e+01 -4.642576217651367188e+00
-2.822499847412109375e+01 1.322053432464599609e+01
-2.467326545715332031e+01 -3.187103652954101562e+01
5.417065143585205078e+00 -1.989056777954101562e+01
2.069510841369628906e+01 3.765919876098632812e+01
-3.819467926025390625e+01 -4.615560150146484375e+01
-1.123732089996337891e+01 -1.091271591186523438e+01
3.645200347900390625e+01 -3.124831438064575195e+00
-2.543187332153320312e+01 4.673435211181640625e+01
-4.038288497924804688e+01 -2.526651000976562500e+01
-3.561983871459960938e+01 -1.737643814086914062e+01
-4.493278503417968750e+01 -5.857324218750000000e+01
2.119273567199707031e+01 2.400683784484863281e+01
-6.251633071899414062e+01 -3.962990570068359375e+01
-1.995424842834472656e+01 -3.295318222045898438e+01
-3.996545410156250000e+01 -4.955507278442382812e+00
-1.794236302375793457e+00 5.187789916992187500e+00
2.958133459091186523e+00 2.435395622253417969e+01
-2.134990310668945312e+01 -7.053028106689453125e+01
-4.027094691991806030e-02 5.974297714233398438e+01
-3.068465805053710938e+01 2.591911125183105469e+01
-1.702886581420898438e+01 4.566936492919921875e+01
1.576681518554687500e+01 8.193843078613281250e+01
-2.737360000610351562e+01 1.872407317161560059e+00
-7.621408462524414062e+00 -7.975731658935546875e+01
3.039154815673828125e+01 -3.010359764099121094e+01
-1.688302040100097656e+01 1.774023818969726562e+01
-6.806816577911376953e+00 -4.862870573997497559e-01
-4.029133224487304688e+01 -6.277468872070312500e+01
7.387075805664062500e+01 -5.176308441162109375e+01
-4.677341079711914062e+01 -5.005381774902343750e+01
5.015681838989257812e+01 -6.681072998046875000e+01
-4.657682037353515625e+01 -2.733173370361328125e+01
-2.810874176025390625e+01 3.990217208862304688e+01
-5.119425773620605469e+00 -2.738847923278808594e+01
-3.419756317138671875e+01 -1.855714225769042969e+01
-9.137171745300292969e+00 2.650572967529296875e+01
3.076803970336914062e+01 -5.454234313964843750e+01
-2.143452072143554688e+01 -7.080818176269531250e+01
-3.426267242431640625e+01 -1.973793220520019531e+01
7.409864044189453125e+01 -4.685011291503906250e+01
8.799224090576171875e+01 -3.547193908691406250e+01
9.117793273925781250e+01 -2.553914833068847656e+01
-6.645027160644531250e+00 -4.503544235229492188e+01
-4.751502871513366699e-01 -2.198504829406738281e+01
4.552165603637695312e+01 -7.131931304931640625e+01
8.277201080322265625e+01 -8.746729850769042969e+00
6.219973754882812500e+01 8.447484970092773438e+00
-2.283826828002929688e+01 3.050385284423828125e+01
-2.395156097412109375e+01 2.996504211425781250e+01
9.698024749755859375e+00 -2.347608947753906250e+01
1.923977851867675781e+01 3.771960830688476562e+01
5.435918426513671875e+01 -3.255470991134643555e+00
7.129454612731933594e+00 -7.538276672363281250e+01
1.045315837860107422e+01 8.537403106689453125e+01
8.932820320129394531e+00 3.491948843002319336e-01
-1.329638671875000000e+01 9.232093811035156250e+01
-2.239282798767089844e+01 4.178540802001953125e+01
1.741818428039550781e+01 8.485858154296875000e+01
1.169812774658203125e+01 5.510012435913085938e+01
-6.586891937255859375e+01 -2.816208839416503906e+01
-5.060499954223632812e+01 7.920122528076171875e+01
2.211644411087036133e+00 2.107705497741699219e+01
2.601403427124023438e+01 6.433056831359863281e+00
-8.591340065002441406e+00 -3.497853851318359375e+01
-6.550386810302734375e+01 4.833817958831787109e+00
-2.704735565185546875e+01 3.179807662963867188e+01
5.352860260009765625e+01 -4.760242080688476562e+01
1.655239486694335938e+01 2.998696708679199219e+01
-2.747090148925781250e+01 -1.931504821777343750e+01
9.085908508300781250e+01 1.246205210685729980e+00
-2.063315963745117188e+01 3.765182113647460938e+01
-2.113841629028320312e+01 4.321015930175781250e+01
1.333924865722656250e+01 8.363917541503906250e+01
4.164853572845458984e+00 3.432421875000000000e+01
-1.593845939636230469e+01 1.803074073791503906e+01
-4.249115753173828125e+01 -6.182968521118164062e+01
-2.398937988281250000e+01 -3.179483795166015625e+01
8.319395446777343750e+01 -4.279243469238281250e+00
-2.819464206695556641e+00 -3.666499710083007812e+01
5.360881423950195312e+01 1.440458011627197266e+01
-7.943889141082763672e+00 -2.494731903076171875e+01
-1.288433456420898438e+01 -3.412820816040039062e+01
-9.988167762756347656e+00 -2.956896305084228516e+00
-4.481326293945312500e+01 -2.009666824340820312e+01
-1.717341613769531250e+01 -2.969208526611328125e+01
1.664353752136230469e+01 -2.666218757629394531e+01
4.389812850952148438e+01 2.876753330230712891e+00
3.984420537948608398e+00 -5.441280746459960938e+01
-7.768890380859375000e+01 -3.106667709350585938e+01
-5.196069335937500000e+01 -2.006426811218261719e+01
2.840460586547851562e+01 -5.969133377075195312e+01
5.170250320434570312e+01 -5.833381652832031250e+01
6.831111431121826172e+00 -1.925660896301269531e+01
1.068012619018554688e+01 3.771746826171875000e+01
-7.565388679504394531e+00 -3.071343803405761719e+01
2.634239959716796875e+01 5.284815597534179688e+01
-6.439294338226318359e+00 3.644595718383789062e+01
-3.196343803405761719e+01 -5.469861984252929688e+01
1.169934558868408203e+01 -3.025886154174804688e+01
9.118000984191894531e+00 4.830008697509765625e+01
3.934615325927734375e+01 7.469344735145568848e-01
2.768923377990722656e+01 -5.809588623046875000e+01
1.697570419311523438e+01 -5.804040908813476562e+01
1.308852100372314453e+01 -2.874580383300781250e+01
-6.845049285888671875e+01 5.462308883666992188e+00
1.365860342979431152e+00 1.290696024894714355e+00
-5.126580429077148438e+01 4.900077438354492188e+01
5.114741897583007812e+01 1.571811962127685547e+01
-2.558249473571777344e+01 2.257085227966308594e+01
-1.779563713073730469e+01 -4.730882263183593750e+01
1.137556171417236328e+01 -6.392008590698242188e+01
6.505902862548828125e+01 6.655365943908691406e+00
9.307262420654296875e+01 4.370450496673583984e+00
-7.141072082519531250e+01 -1.512793827056884766e+01
-1.652142715454101562e+01 -1.302152824401855469e+01
8.126299285888671875e+01 -2.628026390075683594e+01
-3.331083297729492188e+00 -4.326968383789062500e+01
-2.058215904235839844e+01 4.427209854125976562e+01
-6.506502151489257812e+00 -8.255830383300781250e+01
4.680883789062500000e+01 -6.530724334716796875e+01
-3.242673873901367188e+01 -4.441880702972412109e+00
-5.636274719238281250e+01 7.375651836395263672e+00
1.834434700012207031e+01 -4.209597396850585938e+01
-1.322560310363769531e+01 -4.281378173828125000e+01
-5.397331237792968750e+01 -4.241320037841796875e+01
8.118639373779296875e+01 -3.282739520072937012e-01
-2.624560546875000000e+01 2.414840316772460938e+01
-4.897406101226806641e+00 -1.499403095245361328e+01
-3.402277374267578125e+01 2.264486312866210938e+01
5.194898986816406250e+01 1.514674758911132812e+01
4.554870605468750000e+00 -1.564451980590820312e+01
-6.811167907714843750e+01 -3.761519241333007812e+01
-5.470516204833984375e+01 -5.783391189575195312e+01
-4.282223129272460938e+01 -6.040896606445312500e+01
3.276979064941406250e+01 8.567453384399414062e+00
-6.726326751708984375e+01 -2.708889198303222656e+01
-1.772193336486816406e+01 -2.949192810058593750e+01
-9.633140563964843750e+00 -3.346417999267578125e+01
4.407330703735351562e+01 -5.066250801086425781e+00
3.770406341552734375e+01 -5.204745864868164062e+01
-3.786666107177734375e+01 -5.568045425415039062e+01
5.278242492675781250e+01 -3.562361145019531250e+01
6.409114837646484375e+00 7.195152282714843750e+01
6.495016574859619141e+00 -2.740420341491699219e+01
-1.284549713134765625e+01 -1.619877052307128906e+01
7.835381984710693359e+00 1.435323524475097656e+01
-4.542205429077148438e+01 -6.163285827636718750e+01
-2.281651878356933594e+01 -6.580268859863281250e+01
4.046996688842773438e+01 -2.253846931457519531e+01
9.389074325561523438e+00 4.972819137573242188e+01
-6.588137817382812500e+01 -5.102030277252197266e+00
-8.269903182983398438e+00 -3.619071578979492188e+01
2.295632171630859375e+01 7.918122100830078125e+01
-4.184675979614257812e+01 -5.077905654907226562e+01
-7.831800937652587891e+00 -2.749687004089355469e+01
-7.711316680908203125e+01 -2.731823730468750000e+01
-7.932837486267089844e+00 9.597777366638183594e+00
2.937298583984375000e+01 5.672864913940429688e+01
-2.868844795227050781e+01 2.663438415527343750e+01
-2.584931945800781250e+01 3.137278938293457031e+01
5.216992950439453125e+01 1.406065464019775391e+01
-9.049180030822753906e+00 -1.087801742553710938e+01
7.076194000244140625e+01 -3.391846466064453125e+01
2.632384490966796875e+01 -5.852259445190429688e+01
-2.226916313171386719e+01 3.395794391632080078e+00
-5.072432708740234375e+01 8.801424407958984375e+01
-6.920407104492187500e+01 3.795593500137329102e+00
5.294935989379882812e+01 -4.547720718383789062e+01
-3.268323516845703125e+01 1.290497970581054688e+01
1.163138771057128906e+01 -4.569482040405273438e+01
5.085158824920654297e+00 2.799037170410156250e+01
7.121696472167968750e+00 3.481851577758789062e+01
9.943049430847167969e+00 -7.522301483154296875e+01
-4.052225875854492188e+01 -6.645820617675781250e+01
-1.047669219970703125e+01 3.099737167358398438e+01
-1.682164001464843750e+01 -3.273587417602539062e+01
2.876683807373046875e+01 -5.434289932250976562e+01
-3.642422103881835938e+01 2.492126464843750000e+01
2.885664176940917969e+01 -5.756625366210937500e+01
4.647665023803710938e+01 -6.285939025878906250e+01
8.736681365966796875e+01 -1.882878065109252930e+00
4.344925689697265625e+01 -4.806398010253906250e+01
-5.286854934692382812e+01 -4.253422546386718750e+01
5.237046718597412109e+00 7.485377502441406250e+01
-4.664954376220703125e+01 -5.988972854614257812e+01
5.968262100219726562e+01 2.459313774108886719e+01
8.221038818359375000e+01 -3.084478187561035156e+01
5.488886260986328125e+01 7.772753715515136719e+00
1.747466087341308594e+01 -5.762916564941406250e+01
3.962187194824218750e+01 9.575970649719238281e+00
3.254795455932617188e+01 -5.089885330200195312e+01
-2.474147605895996094e+01 1.714366912841796875e+01
-4.311277866363525391e+00 -4.301784133911132812e+01
-1.659495735168457031e+01 3.559645843505859375e+01
-2.601380348205566406e+01 2.670243835449218750e+01
1.935937690734863281e+01 4.308605575561523438e+01
-5.911403656005859375e+00 -4.127971649169921875e+01
-1.252852249145507812e+01 -2.365763854980468750e+01
1.078541564941406250e+01 -3.614882659912109375e+01
6.150794601440429688e+01 3.285407066345214844e+00
-6.876994323730468750e+01 -4.080248832702636719e+00
-1.344790172576904297e+01 -2.898062133789062500e+01
3.852660751342773438e+01 1.868389320373535156e+01
-2.056029558181762695e+00 -5.610384368896484375e+01
-8.224040031433105469e+00 -2.479449844360351562e+01
