-1.535388231277465820e+00 5.857906341552734375e+01
6.574785614013671875e+01 4.447574615478515625e+01
4.828827667236328125e+01 -6.788317680358886719e+00
7.006776428222656250e+01 4.698442840576171875e+01
7.551033782958984375e+01 2.291532135009765625e+01
7.159898376464843750e+01 3.991886138916015625e+01
7.109916687011718750e+01 4.504623794555664062e+01
7.219418334960937500e+01 4.375622558593750000e+01
8.632023620605468750e+01 4.328449726104736328e+00
5.048194503784179688e+01 -7.731268405914306641e+00
7.318165588378906250e+01 3.706008148193359375e+01
5.746041870117187500e+01 5.937393569946289062e+01
7.314682769775390625e+01 4.157788085937500000e+01
-9.441257119178771973e-01 6.184650421142578125e+01
7.330592346191406250e+01 4.512194824218750000e+01
8.522546386718750000e+01 5.447002887725830078e+00
-4.655856704711914062e+01 -7.758126831054687500e+01
-5.839448165893554688e+01 -3.608847808837890625e+01
7.126457977294921875e+01 4.292872238159179688e+01
3.439448165893554688e+01 6.750809478759765625e+01
4.912711715698242188e+01 -6.188070774078369141e+00
-4.878716278076171875e+01 6.248773193359375000e+01
-6.510827636718750000e+01 4.997447204589843750e+01
-3.943225622177124023e+00 -9.748220443725585938e+00
3.257194519042968750e+01 -7.335162353515625000e+01
-9.436526298522949219e+00 -5.997342681884765625e+01
8.853844451904296875e+01 -4.952280044555664062e+00
6.665945434570312500e+01 4.605220794677734375e+01
2.968960762023925781e+01 6.594031524658203125e+01
4.111567974090576172e+00 4.064314651489257812e+01
6.395211410522460938e+01 4.568492507934570312e+01
3.180593681335449219e+01 6.694997406005859375e+01
6.037435913085937500e+01 4.487712478637695312e+01
5.656221866607666016e+00 -5.894689559936523438e+01
9.257783508300781250e+01 5.003700256347656250e+00
-8.892720794677734375e+01 5.201840209960937500e+01
-6.117630767822265625e+01 -3.430935668945312500e+01
-6.917902374267578125e+01 -2.473937034606933594e+01
5.379401397705078125e+01 5.733099746704101562e+01
1.004398193359375000e+02 -2.881688117980957031e+00
3.248082733154296875e+01 6.892658996582031250e+01
-2.465541458129882812e+01 -5.908539962768554688e+01
-2.256821060180664062e+01 -6.389517974853515625e+01
-1.765615081787109375e+01 -8.950774383544921875e+01
3.272451782226562500e+01 6.392663955688476562e+01
5.339772796630859375e+01 5.623545455932617188e+01
6.801174163818359375e+01 2.288032722473144531e+01
7.187678527832031250e+01 3.677052307128906250e+01
9.482462310791015625e+01 -2.103343009948730469e+01
-6.170010375976562500e+01 -3.630760574340820312e+01
1.028896713256835938e+02 -3.890689849853515625e+00
9.296218109130859375e+01 4.279370307922363281e+00
-9.418796539306640625e+01 3.411807250976562500e+01
7.980955505371093750e+01 -2.757539749145507812e+01
6.875263977050781250e+01 4.519580459594726562e+01
9.811117172241210938e+00 -2.224422836303710938e+01
1.773670005798339844e+01 -7.392112731933593750e+00
9.421894836425781250e+01 3.927505016326904297e+00
-2.603886795043945312e+01 -6.324863052368164062e+01
-6.364905929565429688e+01 4.835671234130859375e+01
-6.564376831054687500e+01 -5.902760696411132812e+01
6.134546279907226562e+01 4.085398101806640625e+01
3.350519180297851562e+01 6.787073516845703125e+01
-5.109167480468750000e+01 6.115171813964843750e+01
-6.931222534179687500e+01 3.707956695556640625e+01
6.029199218750000000e+01 4.524270629882812500e+01
-3.826919555664062500e+01 -7.781423187255859375e+01
-1.699110794067382812e+01 -3.679285049438476562e+01
8.196662902832031250e+01 2.118880081176757812e+01
6.802591705322265625e+01 4.397079849243164062e+01
-5.918090057373046875e+01 -3.625868606567382812e+01
-4.752422332763671875e+01 6.229919433593750000e+01
3.517984771728515625e+01 6.310308074951171875e+01
-3.395603561401367188e+01 -6.731104278564453125e+01
-2.419401359558105469e+01 -5.863094329833984375e+01
6.997364807128906250e+01 4.496025848388671875e+01
-1.326446056365966797e+00 1.638183021545410156e+01
-9.287042999267578125e+01 5.407864761352539062e+01
3.273480987548828125e+01 3.221337127685546875e+01
-1.681394958496093750e+01 -5.050128173828125000e+01
9.382411956787109375e+01 1.588475227355957031e+00
6.374983787536621094e+00 -5.482646942138671875e+01
-1.009479522705078125e+02 5.119277572631835938e+01
-5.003392028808593750e+01 -4.062670898437500000e+01
6.525722503662109375e+01 4.647010040283203125e+01
7.470941162109375000e+01 8.828856468200683594e+00
-1.027719268798828125e+02 5.101846313476562500e+01
8.368380737304687500e+01 3.136032676696777344e+01
4.997243118286132812e+01 6.204054641723632812e+01
-7.777178955078125000e+01 5.085359573364257812e+01
9.564269256591796875e+01 2.451617479324340820e+00
6.867336273193359375e+01 -3.788473129272460938e+01
1.091800079345703125e+02 -3.052150249481201172e+00
-2.419077110290527344e+01 -9.443444061279296875e+01
4.017488956451416016e+00 4.869953918457031250e+01
-9.491703796386718750e+01 6.360297775268554688e+01
2.861019134521484375e+01 1.613419151306152344e+01
-4.708091259002685547e+00 -7.136992645263671875e+01
4.295286941528320312e+01 1.716237831115722656e+01
3.099235916137695312e+01 6.232420349121093750e+01
1.927070808410644531e+01 2.274628067016601562e+01
-8.661016225814819336e-01 6.227870178222656250e+01
-1.011036376953125000e+02 5.558946990966796875e+01
9.793171691894531250e+01 7.948350429534912109e+00
-3.085294532775878906e+01 -8.021467590332031250e+01
-5.920658111572265625e+00 -1.115919971466064453e+01
8.254505920410156250e+01 -7.842177867889404297e+00
9.894944000244140625e+01 -2.866920471191406250e+00
8.762177276611328125e+01 5.517694473266601562e+00
4.633379364013671875e+01 5.407116699218750000e+01
2.949751853942871094e+01 -2.193817710876464844e+01
-5.404148864746093750e+01 -4.573967742919921875e+01
9.597110748291015625e+01 -2.192417383193969727e+00
8.131955718994140625e+01 -9.788396835327148438e+00
-3.947594451904296875e+01 -2.712860679626464844e+01
-8.928529357910156250e+01 5.114227294921875000e+01
8.957846832275390625e+01 1.114153099060058594e+01
-7.676693439483642578e+00 -5.219622421264648438e+01
-9.989569854736328125e+01 6.059344482421875000e+01
-7.026970672607421875e+01 5.019810104370117188e+01
5.441250610351562500e+01 -4.349228668212890625e+01
-3.849618530273437500e+01 -5.434438323974609375e+01
-5.888859558105468750e+01 -4.628178024291992188e+01
-3.238774108886718750e+01 -8.977346801757812500e+01
-2.846194648742675781e+01 1.858545875549316406e+01
3.128933906555175781e+01 6.310222244262695312e+01
6.756983184814453125e+01 2.517737197875976562e+01
-6.154990005493164062e+01 -5.809339904785156250e+01
-6.382176208496093750e+01 -6.264163970947265625e+01
2.802495002746582031e+01 -6.891021251678466797e+00
3.740201187133789062e+01 2.831933593750000000e+01
-9.223826599121093750e+01 4.958996200561523438e+01
8.496643829345703125e+01 1.807802772521972656e+01
3.577667236328125000e+01 -2.572152137756347656e+01
-9.443811798095703125e+01 5.908349227905273438e+01
-7.852340698242187500e+01 1.619758415222167969e+01
-8.914282226562500000e+01 5.429475402832031250e+01
4.578771972656250000e+01 -7.202346324920654297e+00
-9.102070617675781250e+01 5.133570480346679688e+01
-9.014156341552734375e+01 5.751002502441406250e+01
3.411312103271484375e+01 -7.447242736816406250e+01
2.628161430358886719e+00 -5.071754455566406250e+01
-8.836323547363281250e+01 4.888174057006835938e+01
7.128089904785156250e+00 -2.850940132141113281e+01
-8.920364379882812500e+00 -6.250968933105468750e+01
9.454982757568359375e+01 1.325923633575439453e+01
2.340503501892089844e+01 5.901996994018554688e+01
-8.307629394531250000e+01 4.816711807250976562e+01
3.032848930358886719e+01 -2.080824851989746094e+01
-8.573214721679687500e+01 5.122023391723632812e+01
-8.826193237304687500e+01 5.365921020507812500e+01
-1.091861801147460938e+02 4.956089782714843750e+01
-8.647530364990234375e+01 4.957723236083984375e+01
8.054171752929687500e+01 7.077514171600341797e+00
-2.926013469696044922e+00 -4.068433761596679688e+01
-6.412754821777343750e+01 3.625445556640625000e+01
6.721893310546875000e+00 -8.465605926513671875e+01
-7.363682270050048828e+00 -6.164697265625000000e+01
1.090875625610351562e+02 -3.376164197921752930e+00
4.925965881347656250e+01 6.040703582763671875e+01
-9.688377380371093750e+01 5.915750885009765625e+01
5.287881469726562500e+01 4.568039703369140625e+01
-3.757611846923828125e+01 -3.963967132568359375e+01
-8.639844894409179688e+00 -5.868354797363281250e+01
8.625918579101562500e+01 8.382276892662048340e-01
-8.737066650390625000e+01 4.961113739013671875e+01
2.461096572875976562e+01 1.794086265563964844e+01
-2.081131362915039062e+01 -7.028487396240234375e+01
-5.597901344299316406e+00 -1.244189929962158203e+01
5.180072784423828125e+01 -3.684864044189453125e+01
2.036182403564453125e+01 3.465679550170898438e+01
7.372539520263671875e+01 2.234179306030273438e+01
7.652009582519531250e+01 4.005712890625000000e+01
-2.003614997863769531e+01 2.417334175109863281e+01
3.753857803344726562e+01 6.117146301269531250e+01
-7.288548278808593750e+01 3.960251998901367188e+01
-1.075489654541015625e+02 3.192318344116210938e+01
-2.389065551757812500e+01 7.616310119628906250e+01
-8.726097106933593750e+01 5.353484344482421875e+01
6.531788635253906250e+01 3.920073699951171875e+01
-4.243836975097656250e+01 -8.180263519287109375e+01
2.107939720153808594e+01 5.371609115600585938e+01
-7.480315399169921875e+01 5.472692489624023438e+00
-4.739181137084960938e+01 -3.337062072753906250e+01
4.124629211425781250e+01 -2.606760025024414062e+01
3.061504173278808594e+01 5.134375572204589844e+00
6.852848815917968750e+01 1.945974349975585938e+01
6.502474212646484375e+01 4.207542419433593750e+01
-5.323298645019531250e+01 -5.760216140747070312e+01
6.727591705322265625e+01 4.271200180053710938e+01
1.841317749023437500e+01 3.683061981201171875e+01
-4.928727722167968750e+01 5.847695159912109375e+01
-2.079081916809082031e+01 4.212356567382812500e+01
6.904684448242187500e+01 2.092429924011230469e+01
-5.694827270507812500e+01 -6.736539459228515625e+01
7.538964748382568359e+00 3.452330017089843750e+01
-9.427071380615234375e+01 4.900537109375000000e+01
-5.109918117523193359e+00 2.347673797607421875e+01
9.907844543457031250e+01 -3.885875940322875977e+00
-1.626200485229492188e+01 -1.685777664184570312e+01
5.587794113159179688e+01 2.151602935791015625e+01
9.219716644287109375e+01 -6.242945790290832520e-01
3.007705497741699219e+01 -1.763604736328125000e+01
5.653610229492187500e+01 -4.168496322631835938e+01
-1.926001787185668945e+00 3.000067520141601562e+01
-8.600279235839843750e+01 5.623843765258789062e+01
-8.092672348022460938e+00 3.708552551269531250e+01
-6.076512145996093750e+01 6.021935272216796875e+01
-6.954476928710937500e+01 4.793679428100585938e+01
2.249974632263183594e+01 3.470738983154296875e+01
1.047659492492675781e+01 6.401561737060546875e+01
4.663815307617187500e+01 3.883026123046875000e+01
7.189927673339843750e+01 3.068824958801269531e+01
-4.829102993011474609e+00 -6.754117584228515625e+01
5.677931976318359375e+01 -3.472390365600585938e+01
-2.305220413208007812e+01 -4.925273895263671875e+01
4.001391983032226562e+01 1.004245281219482422e+01
3.322796249389648438e+01 4.989257812500000000e+00
-1.904836463928222656e+01 -6.543795013427734375e+01
4.128345870971679688e+01 6.292955398559570312e+01
9.750196075439453125e+01 -9.980327486991882324e-01
-6.011188125610351562e+01 5.889309692382812500e+01
3.308828735351562500e+01 4.196053028106689453e+00
-8.423424530029296875e+01 4.016253280639648438e+01
-3.748305130004882812e+01 -5.395636367797851562e+01
1.994473457336425781e+01 5.331816101074218750e+01
-7.462685394287109375e+01 4.193547058105468750e+01
-5.855364608764648438e+01 -4.047380065917968750e+01
-8.725595855712890625e+01 5.150731277465820312e+01
-7.170712280273437500e+01 4.906261062622070312e+01
-1.035085830688476562e+02 5.346773910522460938e+01
-7.095034790039062500e+01 3.035571479797363281e+01
-7.082417297363281250e+01 3.251302719116210938e+01
5.297444915771484375e+01 -3.863580703735351562e+01
1.099182052612304688e+02 9.150458574295043945e-01
5.633988189697265625e+01 1.637154006958007812e+01
-3.119182586669921875e+01 -7.498006439208984375e+01
6.481710815429687500e+01 5.555358505249023438e+01
1.436386394500732422e+01 5.354077148437500000e+01
-8.390390777587890625e+01 5.575440979003906250e+01
2.381415176391601562e+01 7.222884368896484375e+01
2.645903015136718750e+01 1.997221946716308594e+01
9.028780364990234375e+01 -9.634916305541992188e+00
-3.904706573486328125e+01 4.886643600463867188e+01
5.986730098724365234e+00 3.827942276000976562e+01
-5.180971145629882812e+01 -4.054628372192382812e+01
5.408431529998779297e+00 -6.001401519775390625e+01
-1.072740249633789062e+02 3.484276962280273438e+01
-6.275426101684570312e+01 2.855334472656250000e+01
4.051609039306640625e+01 6.002455139160156250e+01
-6.159443283081054688e+01 -3.505429077148437500e+01
6.848896026611328125e+01 1.973562049865722656e+01
-3.908986806869506836e+00 -1.642163276672363281e+00
8.574070739746093750e+01 9.837410926818847656e+00
-3.654689025878906250e+01 -5.343508911132812500e+01
4.247772216796875000e+01 1.580973434448242188e+01
6.035340881347656250e+01 4.644915390014648438e+01
-5.998965835571289062e+01 5.880097198486328125e+01
-7.710962677001953125e+01 5.514071655273437500e+01
2.050609016418457031e+01 3.470710754394531250e+01
-6.472465515136718750e+01 5.060332107543945312e+01
-6.959221649169921875e+01 5.035844421386718750e+01
-6.411504268646240234e+00 -6.569622039794921875e+01
4.259434223175048828e+00 -8.582802581787109375e+01
-8.452906036376953125e+01 5.083813095092773438e+01
6.280701446533203125e+01 -2.623076248168945312e+01
-6.190395355224609375e+01 -6.019338607788085938e+01
-1.930220603942871094e+01 -4.339389419555664062e+01
-9.822414398193359375e+01 5.458875274658203125e+01
-4.954240798950195312e+01 -4.386653900146484375e+01
7.200447845458984375e+01 3.380782318115234375e+01
-6.686764526367187500e+01 4.940667343139648438e+01
3.980296707153320312e+01 -8.091085052490234375e+01
-1.009268188476562500e+01 -6.088106536865234375e+01
-8.836873054504394531e+00 -7.384901428222656250e+01
-8.626243591308593750e+01 5.632672500610351562e+01
1.761777496337890625e+01 5.481705093383789062e+01
2.074102783203125000e+01 -2.980140686035156250e+01
-5.702254486083984375e+01 -3.622050476074218750e+01
-9.269881439208984375e+01 3.225741577148437500e+01
-3.738823699951171875e+01 -8.390100860595703125e+01
8.609181976318359375e+01 2.054355621337890625e+01
4.677206802368164062e+01 1.128553485870361328e+01
5.682024002075195312e+01 -4.528791904449462891e-01
-1.195270824432373047e+01 -6.332306671142578125e+01
4.216862201690673828e+00 2.903612518310546875e+01
-2.211553382873535156e+01 3.717776870727539062e+01
6.374552917480468750e+01 2.386889266967773438e+01
-4.698917007446289062e+01 -5.207833099365234375e+01
-1.049998779296875000e+02 3.528244781494140625e+01
2.348785972595214844e+01 6.021464157104492188e+01
-1.883200168609619141e+00 6.007566833496093750e+01
-1.440840435028076172e+01 2.394837188720703125e+01
1.699516057968139648e+00 1.627766847610473633e+00
-9.533152770996093750e+01 5.388095855712890625e+01
-3.624006271362304688e+01 -9.093215942382812500e+01
3.675194931030273438e+01 2.754858398437500000e+01
-6.131492233276367188e+01 5.075935363769531250e+01
-5.425980758666992188e+01 -4.584589385986328125e+01
2.947137641906738281e+01 -1.634305953979492188e+01
1.180923080444335938e+01 -3.048141860961914062e+01
4.244832992553710938e+00 -3.710397338867187500e+01
-3.457423400878906250e+01 3.872482299804687500e+01
-2.805736541748046875e+01 3.797856521606445312e+01
3.873517990112304688e+01 -2.163828849792480469e+01
2.030648231506347656e+01 -8.483351898193359375e+01
-8.588291168212890625e+01 5.889252090454101562e+01
-3.055175399780273438e+01 -9.129850006103515625e+01
-2.104707336425781250e+01 7.472229766845703125e+01
-1.943585777282714844e+01 -4.469220733642578125e+01
6.465077996253967285e-01 -9.021403312683105469e+00
-2.825561141967773438e+01 -5.145735263824462891e+00
-1.069991779327392578e+01 -8.029870605468750000e+01
-2.483116531372070312e+01 7.691949462890625000e+01
-2.243784904479980469e+00 6.057894515991210938e+01
-6.835991668701171875e+01 3.440685272216796875e+01
-6.175794219970703125e+01 3.393779373168945312e+01
-1.843185806274414062e+01 6.763018131256103516e+00
-8.482674407958984375e+01 5.342996978759765625e+01
6.112411499023437500e+01 1.046995925903320312e+01
9.450019836425781250e+01 -1.606989622116088867e+00
4.156298828125000000e+01 9.670844078063964844e+00
1.637420845031738281e+01 -3.570093154907226562e+01
-2.977288436889648438e+01 -9.158518218994140625e+01
1.314699268341064453e+01 -3.021754455566406250e+01
-5.926770401000976562e+01 4.106490325927734375e+01
-5.730612754821777344e+00 -6.578819274902343750e+01
-6.807190704345703125e+01 4.919069671630859375e+01
-3.986493110656738281e+00 2.629278755187988281e+01
-8.671794128417968750e+01 4.121793746948242188e+01
-9.197195434570312500e+01 5.027870941162109375e+01
5.823064422607421875e+01 4.481397247314453125e+01
-5.047646045684814453e+00 4.659783172607421875e+01
-5.521633911132812500e+01 -4.489049911499023438e+01
-4.258893966674804688e+01 3.194712448120117188e+01
-5.885612106323242188e+01 2.566496849060058594e+01
8.880585479736328125e+01 1.400252056121826172e+01
4.971612548828125000e+01 1.514686870574951172e+01
-1.005364456176757812e+02 5.710319900512695312e+01
4.947588348388671875e+01 4.879518890380859375e+01
-5.618990707397460938e+01 -4.746127319335937500e+01
5.052507400512695312e+01 1.895019340515136719e+01
-6.712504577636718750e+01 5.476484298706054688e+01
-5.348618030548095703e+00 -5.929517745971679688e+01
-3.012224769592285156e+01 -5.660349273681640625e+01
-8.726593780517578125e+01 4.722558212280273438e+01
-6.120465850830078125e+01 4.977119445800781250e+01
-2.323177337646484375e+01 1.256922912597656250e+01
-6.012330245971679688e+01 2.671997261047363281e+01
-9.527679443359375000e+01 2.358794212341308594e+01
-3.135071372985839844e+01 -9.034784698486328125e+01
-2.658981132507324219e+01 -1.644304656982421875e+01
3.155300521850585938e+01 -1.759463310241699219e+01
-2.468909454345703125e+01 -5.020320510864257812e+01
2.326885223388671875e+01 -2.508567237854003906e+01
5.012850952148437500e+01 -6.288878250122070312e+01
8.515878295898437500e+01 2.279273796081542969e+01
6.618737792968750000e+01 2.230194664001464844e+01
1.878033638000488281e+01 -3.042322921752929688e+01
-4.316876888275146484e+00 -8.670405578613281250e+01
1.061438980102539062e+02 5.273319721221923828e+00
1.007209701538085938e+02 -1.489126563072204590e+00
-9.310100555419921875e+01 4.678802490234375000e+01
3.766794967651367188e+01 5.312354087829589844e+00
-6.516692352294921875e+01 5.434250259399414062e+01
6.397461700439453125e+01 4.127142715454101562e+01
-2.755972099304199219e+01 -1.648876380920410156e+01
-3.576523590087890625e+01 -8.795595550537109375e+01
-9.985154724121093750e+01 4.293788909912109375e+01
1.703688049316406250e+01 -1.980394744873046875e+01
6.165000438690185547e+00 -4.647281265258789062e+01
-8.316668701171875000e+01 4.654866790771484375e+01
-9.783660125732421875e+01 5.427404022216796875e+01
5.848321533203125000e+01 4.183023071289062500e+01
6.310166549682617188e+01 3.270579147338867188e+01
4.367040395736694336e-01 5.966738510131835938e+01
3.822417831420898438e+01 -7.711248397827148438e+00
-8.840124511718750000e+01 4.567669677734375000e+01
-8.795576477050781250e+01 3.999802780151367188e+01
7.842030334472656250e+01 -9.154232025146484375e+00
9.022160339355468750e+01 1.107241153717041016e+01
-2.430658912658691406e+01 -4.182515716552734375e+01
-2.607382965087890625e+01 -4.789208984375000000e+01
-7.706946563720703125e+01 7.191286468505859375e+01
3.671661376953125000e+01 -1.833804321289062500e+01
9.026106262207031250e+01 -8.024592399597167969e+00
-9.241203308105468750e+01 5.328919601440429688e+01
8.298787689208984375e+01 2.419844818115234375e+01
2.709193611145019531e+01 -2.438312530517578125e+00
1.609634399414062500e+01 -2.112802314758300781e+01
6.038773536682128906e+00 -7.745065307617187500e+01
8.040715789794921875e+01 1.955746078491210938e+01
7.536402893066406250e+01 2.684319496154785156e+01
-7.836317443847656250e+01 4.917407608032226562e+01
4.572148895263671875e+01 1.748786354064941406e+01
-8.397253417968750000e+01 5.102149963378906250e+01
-2.311912536621093750e+01 -1.696722030639648438e+01
-3.908266448974609375e+01 -8.965008544921875000e+01
-3.458613967895507812e+01 -9.001195526123046875e+01
-7.408650875091552734e+00 1.803234696388244629e+00
-9.138356018066406250e+01 4.703878021240234375e+01
9.247648239135742188e+00 6.402635955810546875e+01
6.269932556152343750e+01 5.042008590698242188e+01
-4.015714645385742188e+00 6.205538177490234375e+01
-6.945632171630859375e+01 5.589901351928710938e+01
-1.657428550720214844e+01 1.016264533996582031e+01
-6.700866699218750000e+01 4.416454315185546875e+01
-8.370810699462890625e+01 4.618909835815429688e+01
-7.908792877197265625e+01 5.283423995971679688e+01
-9.147135925292968750e+01 4.380221939086914062e+01
7.513663768768310547e+00 6.200986862182617188e+01
1.917902374267578125e+01 3.643384552001953125e+01
-2.249608755111694336e+00 -4.498114395141601562e+01
-9.234312438964843750e+01 4.390109634399414062e+01
-8.967104339599609375e+01 5.285020446777343750e+01
-6.670301437377929688e+00 -5.951692962646484375e+01
5.461380004882812500e+01 -3.373004531860351562e+01
7.971620178222656250e+01 2.036655235290527344e+01
7.435305786132812500e+01 2.092778968811035156e+01
3.817414093017578125e+01 1.143124008178710938e+01
-2.642973136901855469e+01 3.643659591674804688e+01
3.868723297119140625e+01 7.102217864990234375e+01
-2.577145576477050781e+01 -2.620607566833496094e+01
-2.880942344665527344e+01 -5.966481018066406250e+01
-8.236974334716796875e+01 5.521665573120117188e+01
5.612093734741210938e+01 -3.630054855346679688e+01
-8.983623504638671875e+01 2.720461273193359375e+01
6.333090305328369141e+00 -2.019840431213378906e+01
1.814980506896972656e+01 -5.805952072143554688e+00
-1.213833045959472656e+01 -1.294451141357421875e+01
-1.188994121551513672e+01 -8.916526794433593750e+01
-9.121307373046875000e+01 3.327574920654296875e+01
-8.316320419311523438e+00 -7.349670410156250000e+01
-2.159994602203369141e+00 -4.587039184570312500e+01
-8.408916473388671875e+01 4.342513275146484375e+01
4.344067001342773438e+01 1.947567820549011230e+00
6.559722137451171875e+01 1.915630531311035156e+01
8.073423767089843750e+01 9.557722091674804688e+00
-1.061289978027343750e+02 4.619981765747070312e+01
-3.909556579589843750e+01 -5.324617767333984375e+01
-8.167727661132812500e+01 3.299864959716796875e+01
-9.316403198242187500e+01 5.176934051513671875e+01
-2.221313095092773438e+01 -8.167997360229492188e+00
-2.426091384887695312e+01 6.686599731445312500e+01
-6.607941150665283203e+00 -1.045129165649414062e+02
-1.786058425903320312e+01 3.050745201110839844e+01
2.727567434310913086e+00 -8.287458038330078125e+01
-9.448760223388671875e+01 4.977377700805664062e+01
-7.350707244873046875e+01 5.277669906616210938e+01
-9.167701721191406250e+01 3.716377639770507812e+01
-1.041148757934570312e+02 5.378825378417968750e+01
-6.271015548706054688e+01 3.329313278198242188e+01
7.366572570800781250e+01 1.539697742462158203e+01
8.003092956542968750e+01 1.810754394531250000e+01
-7.475794219970703125e+01 5.452287292480468750e+01
-2.792076301574707031e+01 -6.324631118774414062e+01
3.440539598464965820e+00 -8.613977050781250000e+01
4.389064788818359375e+01 1.360752487182617188e+01
7.038767242431640625e+01 2.460765075683593750e+01
-2.892126846313476562e+01 -6.777290344238281250e+01
-3.693484115600585938e+01 -5.290519332885742188e+01
-4.706457519531250000e+01 -2.166058921813964844e+01
4.923823928833007812e+01 3.849006652832031250e+01
-1.068562030792236328e+01 -5.954330444335937500e+01
2.292207956314086914e+00 4.818401718139648438e+01
3.471487426757812500e+01 3.191685676574707031e+00
-9.069961547851562500e+01 3.880254745483398438e+01
-6.621544837951660156e+00 5.528347396850585938e+01
-9.575851440429687500e+01 5.868109893798828125e+01
-2.846342086791992188e+01 1.756840515136718750e+01
-1.045935821533203125e+02 5.628802490234375000e+01
1.310343360900878906e+01 6.496759033203125000e+01
-9.569218444824218750e+01 5.634259033203125000e+01
-7.430283355712890625e+01 4.985512542724609375e+01
-1.057816410064697266e+01 -1.763379287719726562e+01
-4.622104465961456299e-01 4.871249389648437500e+01
4.955217742919921875e+01 4.353879165649414062e+01
-4.930852890014648438e+01 6.064048004150390625e+01
-8.140534210205078125e+01 5.034146881103515625e+01
-1.025577354431152344e+01 -8.575667572021484375e+01
2.946774482727050781e+01 6.592260742187500000e+01
8.297837066650390625e+01 2.561403083801269531e+01
4.943157196044921875e+01 5.311198806762695312e+01
4.055414581298828125e+01 4.388741302490234375e+01
6.490162658691406250e+01 3.842292022705078125e+01
-5.694044494628906250e+01 5.675010681152343750e+01
-6.703112792968750000e+01 4.804625320434570312e+01
4.318689727783203125e+01 6.538196563720703125e+01
4.491521835327148438e+01 -3.286367034912109375e+01
-7.294960784912109375e+01 3.927158355712890625e+01
-8.159297943115234375e+01 5.225750350952148438e+01
6.207839965820312500e+01 3.855354309082031250e+01
3.767123794555664062e+01 6.826525115966796875e+01
5.960023403167724609e+00 -2.513734245300292969e+01
8.765063476562500000e+01 1.161147785186767578e+01
-6.496038818359375000e+01 3.521304702758789062e+01
3.495735931396484375e+01 -7.901142883300781250e+01
5.895654678344726562e+01 5.936221694946289062e+01
8.391806030273437500e+01 2.388910102844238281e+01
4.421359634399414062e+01 1.607193756103515625e+01
6.671607208251953125e+01 3.803537750244140625e+01
-2.696970939636230469e+01 -7.904656219482421875e+01
-2.726385307312011719e+01 -5.603400421142578125e+01
4.513377761840820312e+01 1.646270561218261719e+01
-3.337414169311523438e+01 5.564689636230468750e+01
-5.858362579345703125e+01 6.141395950317382812e+01
-2.476204681396484375e+01 7.537405395507812500e+01
4.959686660766601562e+01 -8.096379852294921875e+01
2.862916183471679688e+01 -8.368807983398437500e+01
-9.989807891845703125e+01 6.064039230346679688e+01
2.954999351501464844e+01 4.161420822143554688e+00
-9.311779785156250000e+01 4.357569503784179688e+01
-9.219860076904296875e+01 4.268866729736328125e+01
3.966429519653320312e+01 6.131630706787109375e+01
5.939412689208984375e+01 -3.492242813110351562e+01
7.208316802978515625e+01 2.174791336059570312e+01
-6.975855255126953125e+01 4.351939392089843750e+01
2.573261833190917969e+01 -8.602198791503906250e+01
-6.674832153320312500e+01 5.278333663940429688e+01
-9.526434326171875000e+01 2.355385398864746094e+01
3.654350280761718750e+01 -2.584826850891113281e+01
-4.136865234375000000e+01 -8.097271728515625000e+01
-3.289187240600585938e+01 -9.301437377929687500e+01
4.140264129638671875e+01 6.484730529785156250e+01
2.266340732574462891e+00 -7.469465637207031250e+01
-2.964864969253540039e+00 -5.182795715332031250e+01
5.637521743774414062e+01 -3.323583602905273438e+01
6.963124847412109375e+01 3.906863784790039062e+01
6.393281173706054688e+01 3.778155899047851562e+01
-8.394648742675781250e+01 3.990161895751953125e+01
2.664874649047851562e+01 -7.852180480957031250e+01
6.763735961914062500e+01 4.031778717041015625e+01
-5.605142211914062500e+01 4.773500823974609375e+01
8.772035598754882812e+00 -8.852145385742187500e+01
-2.005577850341796875e+01 2.440716361999511719e+01
-5.687012481689453125e+01 6.047709274291992188e+01
4.653324508666992188e+01 -5.866653823852539062e+01
-3.044457817077636719e+01 7.116441345214843750e+01
-9.363609313964843750e+01 3.286737060546875000e+01
6.599115753173828125e+01 3.476002502441406250e+01
-8.426367187500000000e+01 4.882266998291015625e+01
-2.384550285339355469e+01 -4.906767272949218750e+01
-4.034545135498046875e+01 -3.099365425109863281e+01
-5.517752456665039062e+01 6.058296966552734375e+01
-2.686846351623535156e+01 3.741890716552734375e+01
-8.014813232421875000e+01 5.523266220092773438e+01
5.647977828979492188e+01 2.425223350524902344e+00
5.021719741821289062e+01 4.288242721557617188e+01
-2.357653808593750000e+01 7.678307342529296875e+01
3.210446929931640625e+01 6.946536254882812500e+01
-9.886840057373046875e+01 4.625568389892578125e+01
-4.550798416137695312e+01 -7.890692138671875000e+01
-4.050324630737304688e+01 -2.616526985168457031e+01
-1.111833572387695312e+00 1.637355804443359375e+01
-6.817401885986328125e+01 6.294224929809570312e+01
2.090348625183105469e+01 4.596287536621093750e+01
2.002888298034667969e+01 -2.666593790054321289e+00
-8.792472076416015625e+01 3.272950744628906250e+01
-7.480499267578125000e+01 4.187401580810546875e+01
-8.342279052734375000e+01 3.248530960083007812e+01
-1.015123062133789062e+02 5.238931655883789062e+01
-2.759892702102661133e+00 -1.737918663024902344e+01
4.523017501831054688e+01 6.539399719238281250e+01
-9.871476745605468750e+01 4.881528854370117188e+01
-3.719873809814453125e+01 3.545489883422851562e+01
-3.222820663452148438e+01 -3.955796432495117188e+01
5.415543079376220703e+00 -3.066318321228027344e+01
-3.721736526489257812e+01 2.652111625671386719e+01
-2.267265892028808594e+01 -6.570141601562500000e+01
8.424853324890136719e+00 -8.252685546875000000e+01
8.145344543457031250e+01 -1.057074832916259766e+01
4.508770370483398438e+01 2.307166290283203125e+01
-4.482423782348632812e+01 4.575619125366210938e+01
4.927597427368164062e+01 -2.715495491027832031e+01
6.339846038818359375e+01 3.735760498046875000e+01
-2.577323341369628906e+01 3.521971511840820312e+01
-9.688859558105468750e+01 4.319784164428710938e+01
4.960236740112304688e+01 9.230531692504882812e+00
-5.239136123657226562e+01 5.014013671875000000e+01
-3.499565124511718750e+01 7.465579986572265625e+01
-2.386411476135253906e+01 1.525875091552734375e+01
-2.773741531372070312e+01 7.630012512207031250e+01
8.527801513671875000e+01 -4.467460632324218750e+00
2.847159004211425781e+01 6.900340270996093750e+01
6.493534088134765625e+01 4.775969314575195312e+01
-5.917231369018554688e+01 5.050693893432617188e+01
2.278261566162109375e+01 3.955133438110351562e+00
3.628518295288085938e+01 5.997247314453125000e+01
-7.481232452392578125e+01 5.269134140014648438e+01
5.014234924316406250e+01 -7.860549926757812500e+01
4.671947860717773438e+01 1.236304569244384766e+01
-9.611421203613281250e+01 5.667087554931640625e+01
-5.210825347900390625e+01 6.080285263061523438e+01
-6.032936859130859375e+01 -4.217307662963867188e+01
-3.437719726562500000e+01 -2.033018112182617188e+01
1.075345897674560547e+01 6.574970245361328125e+01
1.568595600128173828e+01 -5.437853240966796875e+01
4.957059097290039062e+01 -8.026606750488281250e+01
1.417533302307128906e+01 5.351326751708984375e+01
-8.103665161132812500e+01 4.608263778686523438e+01
-5.752384567260742188e+01 5.813087844848632812e+01
5.115584564208984375e+01 -3.478492736816406250e+01
1.312110710144042969e+01 -3.019741058349609375e+01
-5.829902648925781250e+01 4.401593017578125000e+01
-2.648397445678710938e+01 6.732010650634765625e+01
2.932895851135253906e+01 -5.154675674438476562e+01
5.773221588134765625e+01 1.225737762451171875e+01
-2.673147583007812500e+01 -5.714159393310546875e+01
6.072714614868164062e+01 5.735636138916015625e+01
-1.216340541839599609e+01 -6.326689147949218750e+01
1.012817764282226562e+01 -2.751251411437988281e+01
1.455875015258789062e+01 -3.864696502685546875e+01
-6.749111938476562500e+01 -4.900905609130859375e+01
-6.664038085937500000e+01 5.372517395019531250e+01
-7.455515289306640625e+01 5.639038467407226562e+01
4.218255615234375000e+01 -7.859587097167968750e+01
3.338201999664306641e+00 -3.549124908447265625e+01
-2.398781204223632812e+01 1.611359596252441406e+01
-9.435121917724609375e+01 4.247812271118164062e+01
-7.945806121826171875e+01 5.909584808349609375e+01
7.443869590759277344e+00 -3.389834976196289062e+01
-3.336421585083007812e+01 6.759783744812011719e+00
-8.869105529785156250e+01 3.975360870361328125e+01
-2.006556129455566406e+01 5.988743209838867188e+01
1.516104412078857422e+01 -2.580820465087890625e+01
8.805613708496093750e+01 8.030272722244262695e-01
-9.156945037841796875e+01 3.970932769775390625e+01
-9.849662017822265625e+01 4.577956771850585938e+01
-7.195506286621093750e+01 5.626157760620117188e+01
4.154192733764648438e+01 2.025291824340820312e+01
-5.126236724853515625e+01 6.080251693725585938e+01
4.246746444702148438e+01 6.458445739746093750e+01
1.313048934936523438e+01 1.678581047058105469e+01
-6.267269134521484375e+01 5.500547790527343750e+01
9.958119201660156250e+01 5.964613914489746094e+00
-1.044532012939453125e+02 4.540655899047851562e+01
-7.234922027587890625e+01 3.833350372314453125e+01
-3.134449958801269531e+01 -2.664580535888671875e+01
-9.911864280700683594e+00 4.632663345336914062e+01
-9.187897682189941406e+00 -7.922667980194091797e+00
-5.512114715576171875e+01 6.125189208984375000e+01
6.853577423095703125e+01 -3.704921340942382812e+01
-5.592422103881835938e+01 5.627708053588867188e+01
7.261471557617187500e+01 -2.393791580200195312e+01
1.958421516418457031e+01 5.272884750366210938e+01
6.785559082031250000e+01 3.675958633422851562e+01
-9.339606475830078125e+01 4.499684143066406250e+01
6.126993179321289062e+01 -5.288082599639892578e+00
-3.905837631225585938e+01 -8.886630249023437500e+01
7.819614887237548828e+00 -2.100944519042968750e+01
-9.308053588867187500e+01 5.469458389282226562e+01
-6.212334442138671875e+01 5.792790985107421875e+01
-2.254315185546875000e+01 7.763766479492187500e+01
-6.466416931152343750e+01 4.222491836547851562e+01
-1.010245361328125000e+02 4.771398544311523438e+01
-5.885326766967773438e+01 4.512453460693359375e+01
-1.038221664428710938e+02 4.915414047241210938e+01
-2.262772750854492188e+01 -9.458148193359375000e+01
5.484138488769531250e+01 -3.540583801269531250e+01
-6.342301559448242188e+01 5.268111801147460938e+01
2.652937698364257812e+01 4.302177810668945312e+01
-8.987351989746093750e+01 5.497041320800781250e+01
-5.093315505981445312e+01 4.959632110595703125e+01
8.603960037231445312e+00 3.436067199707031250e+01
4.654625320434570312e+01 -6.008674240112304688e+01
1.266055679321289062e+01 -3.427832794189453125e+01
-7.885651397705078125e+01 4.883901214599609375e+01
-4.021953201293945312e+01 -2.840223312377929688e+01
-2.677416324615478516e+00 4.785956573486328125e+01
-9.837364196777343750e+01 3.557506561279296875e+01
-7.049795532226562500e+01 4.444925308227539062e+01
7.139312267303466797e+00 -5.016727828979492188e+01
-4.577775573730468750e+01 2.848152351379394531e+01
-5.445900344848632812e+01 5.952496337890625000e+01
-5.892041015625000000e+01 4.991048431396484375e+01
1.293394947052001953e+01 -7.085235595703125000e+00
-3.982430648803710938e+01 2.057234573364257812e+01
-1.361043739318847656e+01 5.488782501220703125e+01
2.888312911987304688e+01 3.350852966308593750e+00
-3.963251495361328125e+01 -5.615255737304687500e+01
-7.341950988769531250e+01 4.599858856201171875e+01
1.035192298889160156e+01 -1.642437428236007690e-01
-6.319892120361328125e+01 4.809886932373046875e+01
-4.015597915649414062e+01 -7.266744232177734375e+01
-8.156076049804687500e+01 3.853521347045898438e+01
4.362024307250976562e+01 -6.326700973510742188e+01
-5.614625549316406250e+01 6.247270202636718750e+01
-8.136975860595703125e+01 2.971144104003906250e+01
3.672198104858398438e+01 -1.822659683227539062e+01
-7.921300411224365234e+00 -6.914272308349609375e+01
4.209606933593750000e+01 -1.788454055786132812e+01
8.490552902221679688e+00 2.997298240661621094e+01
-1.793248748779296875e+01 6.482166290283203125e+01
-2.461877107620239258e+00 5.519857788085937500e+01
8.771260833740234375e+01 1.729679679870605469e+01
-1.033970336914062500e+02 5.692117309570312500e+01
-1.571019840240478516e+01 -8.393641471862792969e+00
-9.144863128662109375e+01 4.122497558593750000e+01
1.666393470764160156e+01 -3.471345901489257812e+01
3.823086166381835938e+01 -5.958506011962890625e+01
-5.224008941650390625e+01 -5.288044738769531250e+01
-1.146299457550048828e+01 -3.593687057495117188e+01
5.107479095458984375e+01 -7.117580413818359375e+01
4.021222305297851562e+01 -1.857376861572265625e+01
4.227839946746826172e+00 -1.009854202270507812e+02
-1.165064716339111328e+01 -1.426548671722412109e+01
4.335202407836914062e+01 -1.510044384002685547e+01
-4.060858917236328125e+01 3.913425064086914062e+01
-1.038842620849609375e+02 2.954825592041015625e+01
-6.789822387695312500e+01 4.142609405517578125e+01
-2.019647026062011719e+01 -5.559405517578125000e+01
6.370980453491210938e+01 3.616901397705078125e+01
6.449042510986328125e+01 2.088065528869628906e+01
4.995755386352539062e+01 4.941398239135742188e+01
-4.575037384033203125e+01 -5.783665084838867188e+01
-7.649396657943725586e-01 -4.596154022216796875e+01
1.192659759521484375e+01 -8.703993988037109375e+01
3.969332504272460938e+01 -2.107312202453613281e+01
-5.431429672241210938e+01 -7.200856781005859375e+01
2.025878906250000000e+01 -2.175259208679199219e+01
6.344905471801757812e+01 2.201756095886230469e+01
-7.410889434814453125e+01 2.646698760986328125e+01
-8.973770141601562500e+01 4.262068557739257812e+01
9.153055572509765625e+01 1.085456466674804688e+01
-4.968051910400390625e+01 -4.073932266235351562e+01
-5.086749267578125000e+01 -4.771070861816406250e+01
-7.845535278320312500e+01 7.140958404541015625e+01
-6.025609970092773438e+01 6.273706817626953125e+01
-1.191847681999206543e+00 2.842064094543457031e+01
-7.210953521728515625e+01 5.339547729492187500e+01
-3.324750661849975586e+00 5.432767486572265625e+01
-1.922990226745605469e+01 -4.261055374145507812e+01
-5.425248718261718750e+01 -3.908176040649414062e+01
1.057530212402343750e+02 -1.765108489990234375e+01
-2.777775001525878906e+01 -7.321960926055908203e+00
8.290667724609375000e+01 2.646654891967773438e+01
-8.153913116455078125e+01 5.123734283447265625e+01
-7.774214267730712891e+00 5.982258224487304688e+01
-8.276165008544921875e+01 5.691815948486328125e+01
5.089115524291992188e+01 5.805002689361572266e+00
9.265885925292968750e+01 -4.854525566101074219e+00
-3.168742942810058594e+01 7.137294769287109375e+01
-2.455463027954101562e+01 3.577130126953125000e+01
-8.176333308219909668e-01 -1.700255966186523438e+01
-2.756986045837402344e+01 3.379238510131835938e+01
-2.968753433227539062e+01 -7.505906677246093750e+01
-4.037384414672851562e+01 -3.035131645202636719e+01
-8.031930923461914062e-01 -8.144543457031250000e+01
-7.754777669906616211e-01 -1.696944046020507812e+01
-2.089411163330078125e+01 -1.372908878326416016e+01
-5.674787521362304688e+01 4.560047912597656250e+01
-2.819860458374023438e+01 -2.371124839782714844e+01
-1.607727622985839844e+01 -9.358344078063964844e+00
-9.329733276367187500e+01 3.995414733886718750e+01
-2.001499176025390625e+01 -5.362543487548828125e+01
-7.269278717041015625e+01 4.571971130371093750e+01
-6.230249404907226562e+01 6.270353317260742188e+01
-3.344517898559570312e+01 -7.286257934570312500e+01
-4.708900833129882812e+01 -5.704383087158203125e+01
2.672010421752929688e+01 -5.792810440063476562e+00
-7.430171966552734375e+01 2.520711517333984375e+01
4.246902465820312500e+01 -4.083268737792968750e+01
1.609020423889160156e+01 3.480369949340820312e+01
9.209526062011718750e+01 -2.859783411026000977e+00
6.784059906005859375e+01 3.056698989868164062e+01
-5.998535919189453125e+01 -5.793440628051757812e+01
3.787480115890502930e+00 -2.754781150817871094e+01
-6.505926513671875000e+01 2.330132675170898438e+01
-6.079851913452148438e+01 6.183605194091796875e+01
3.767586946487426758e+00 -4.001504898071289062e+01
1.224950695037841797e+01 -4.012930679321289062e+01
-4.251885223388671875e+01 -6.268168926239013672e+00
-5.228522109985351562e+01 -5.273039627075195312e+01
-1.032346038818359375e+02 4.652237701416015625e+01
-6.168698310852050781e+00 4.284912586212158203e+00
-8.904342651367187500e+01 4.794498443603515625e+01
-6.908253479003906250e+01 5.335906982421875000e+01
-8.797207641601562500e+01 3.619680786132812500e+01
2.365234184265136719e+01 -1.060955905914306641e+01
-8.320111083984375000e+01 4.235932159423828125e+01
-1.285019874572753906e+01 -3.779953002929687500e+01
-1.247186851501464844e+01 5.473414993286132812e+01
-9.035676574707031250e+01 4.535839080810546875e+01
-6.470973968505859375e+01 5.103713607788085938e+01
4.484490203857421875e+01 4.108071899414062500e+01
-2.989977264404296875e+01 -6.763297271728515625e+01
7.491055297851562500e+01 6.141993999481201172e-01
-1.441418838500976562e+01 1.605712318420410156e+01
4.720462417602539062e+01 -6.869389343261718750e+01
-3.751896667480468750e+01 -8.574614715576171875e+01
-8.810562133789062500e+01 4.375394058227539062e+01
3.552239608764648438e+01 -1.366941452026367188e+01
-6.382497024536132812e+01 -5.775936126708984375e+01
3.802030181884765625e+01 -9.431736946105957031e+00
-1.822364234924316406e+01 7.421478271484375000e+01
-1.450208544731140137e+00 -4.703214263916015625e+01
1.139269161224365234e+01 6.771967315673828125e+01
-5.796863555908203125e+01 3.019523239135742188e+01
2.772824478149414062e+01 1.920418739318847656e+01
-4.169098663330078125e+01 -4.031525039672851562e+01
1.004352645874023438e+02 4.983675956726074219e+00
-9.440256500244140625e+01 6.290202713012695312e+01
2.237054443359375000e+01 -2.916489982604980469e+01
-6.859549713134765625e+01 6.107104873657226562e+01
-1.893901634216308594e+01 -2.665532302856445312e+01
2.853678941726684570e+00 -2.788637924194335938e+01
1.955055236816406250e+01 5.219765186309814453e+00
3.465799331665039062e+01 -6.457459259033203125e+01
-6.972711181640625000e+01 3.069054412841796875e+01
-5.456760025024414062e+01 -4.827689743041992188e+01
-6.666241455078125000e+01 2.855134010314941406e+01
4.486597061157226562e+01 4.243932342529296875e+01
3.339765930175781250e+01 -5.405250930786132812e+01
5.898988342285156250e+01 5.560956192016601562e+01
2.729290771484375000e+01 -3.469671249389648438e+01
3.411255264282226562e+01 -2.280081939697265625e+01
-2.931898689270019531e+01 -6.998638916015625000e+01
-5.199229812622070312e+01 5.785213088989257812e+01
-4.882081985473632812e+01 6.338541984558105469e+00
8.025096893310546875e+01 3.351941299438476562e+01
7.038093566894531250e+01 2.461280822753906250e+01
-8.847000885009765625e+01 3.880122375488281250e+01
-3.283677673339843750e+01 -7.238286590576171875e+01
3.602560043334960938e+01 -7.318342208862304688e+00
-5.201504135131835938e+01 4.495650482177734375e+01
3.196027183532714844e+01 -7.465894317626953125e+01
2.478179740905761719e+01 -8.541940689086914062e+00
-6.414815521240234375e+01 2.748833084106445312e+01
-2.799037361145019531e+01 -2.017196655273437500e+01
6.071309280395507812e+01 3.850229644775390625e+01
2.522600555419921875e+01 -1.759531974792480469e+01
-1.044641571044921875e+02 4.413376617431640625e+01
-1.686762428283691406e+01 7.275251007080078125e+01
4.504528045654296875e+00 -5.592420196533203125e+01
8.502124786376953125e+00 -2.376967048645019531e+01
4.472554683685302734e+00 -1.889040565490722656e+01
-6.213246536254882812e+01 -4.078810119628906250e+01
2.256986999511718750e+01 -1.300112915039062500e+01
-1.802864456176757812e+01 -8.461444854736328125e+01
-3.334290695190429688e+01 -7.350450134277343750e+01
-5.048305892944335938e+01 4.926600646972656250e+01
2.124481964111328125e+01 -3.738660812377929688e+01
-8.947218322753906250e+01 5.027341842651367188e+01
-5.389332580566406250e+01 -5.641600418090820312e+01
-7.302979278564453125e+01 2.791532135009765625e+01
-1.081696243286132812e+02 4.509563446044921875e+01
1.142273426055908203e+01 -2.353225326538085938e+01
8.196337699890136719e+00 -5.454330062866210938e+01
2.086422157287597656e+01 -3.256699371337890625e+01
1.134033775329589844e+01 -2.532230567932128906e+01
-8.275644302368164062e+00 4.455609893798828125e+01
1.946257019042968750e+01 -7.782821178436279297e+00
-3.588581085205078125e+01 4.058497619628906250e+01
3.710342025756835938e+01 -6.802385711669921875e+01
-3.068169784545898438e+01 -6.925346374511718750e+01
-4.974192428588867188e+01 3.976622390747070312e+01
-3.120299148559570312e+01 -2.208073234558105469e+01
-5.799104690551757812e+01 5.087886428833007812e+01
5.575303554534912109e+00 4.954303264617919922e+00
4.547797739505767822e-01 5.455213546752929688e+00
2.715907287597656250e+01 -3.875872421264648438e+01
2.804982185363769531e+01 -4.783526897430419922e+00
6.159484100341796875e+01 2.754884910583496094e+01
4.207064056396484375e+01 -1.805435180664062500e+01
-1.025038833618164062e+02 4.561603164672851562e+01
-4.942154407501220703e+00 4.257403945922851562e+01
-3.205179214477539062e+01 6.810948944091796875e+01
3.851398468017578125e+01 -6.033763885498046875e+01
-9.482917785644531250e+01 3.936156845092773438e+01
-4.587234020233154297e+00 2.844040298461914062e+01
7.353632354736328125e+01 2.279213142395019531e+01
6.801023864746093750e+01 -3.462478256225585938e+01
-4.108814716339111328e+00 5.890533065795898438e+01
6.044851684570312500e+01 3.598348999023437500e+01
1.919706153869628906e+01 -9.042652130126953125e+01
-1.890658378601074219e+01 3.308328247070312500e+01
-8.731875610351562500e+01 2.972818946838378906e+01
2.728330993652343750e+01 -3.645562362670898438e+01
-5.256371688842773438e+01 -5.052163314819335938e+01
6.445706176757812500e+01 3.003985595703125000e+01
8.051522254943847656e+00 5.751129150390625000e+00
-3.086459636688232422e+00 -4.670691299438476562e+01
-7.321577453613281250e+01 3.318617248535156250e+01
-5.234393310546875000e+01 6.275842285156250000e+01
6.163089370727539062e+01 4.287978744506835938e+01
-9.144084930419921875e+01 4.840430068969726562e+01
-1.005715103149414062e+02 4.682489776611328125e+01
4.768524932861328125e+01 1.333907318115234375e+01
3.284146881103515625e+01 3.031804466247558594e+01
-3.160482597351074219e+01 6.074054718017578125e+01
3.952572822570800781e+00 -1.476962471008300781e+01
1.779017639160156250e+01 -3.199940872192382812e+01
-2.600373268127441406e+01 7.786132049560546875e+01
9.697949981689453125e+01 -2.802174687385559082e-01
-4.961376190185546875e+01 2.387074851989746094e+01
-2.946715164184570312e+01 7.774225616455078125e+01
-8.768785858154296875e+01 3.178329277038574219e+01
-2.064733314514160156e+01 7.814298248291015625e+01
-9.086190032958984375e+01 3.423434829711914062e+01
-5.654774475097656250e+01 4.879897117614746094e+00
7.992326354980468750e+01 3.496595382690429688e+01
4.920200824737548828e+00 6.419478607177734375e+01
-7.249070739746093750e+01 3.923359870910644531e+00
-3.936278915405273438e+01 -7.801286315917968750e+01
-2.398879814147949219e+01 -2.136670303344726562e+01
2.025342941284179688e+01 -3.742599868774414062e+01
-2.915643119812011719e+01 -4.529531097412109375e+01
3.916178894042968750e+01 -4.623408889770507812e+01
-2.669720077514648438e+01 7.461495208740234375e+01
-6.531601715087890625e+01 6.038426589965820312e+01
6.198321533203125000e+01 3.674457931518554688e+01
4.312227630615234375e+01 -4.706793594360351562e+01
-9.353952026367187500e+01 5.997759628295898438e+01
1.080949249267578125e+02 8.166446685791015625e+00
5.435863113403320312e+01 5.063664627075195312e+01
5.596773147583007812e+01 -3.569474411010742188e+01
2.098270988464355469e+01 4.620496368408203125e+01
7.479004669189453125e+01 -1.869709730148315430e+00
-3.380205154418945312e+01 -6.831465148925781250e+01
2.865975189208984375e+01 -1.789452552795410156e+01
-3.474757003784179688e+01 4.324877929687500000e+01
1.700320625305175781e+01 -7.656355285644531250e+01
6.830561065673828125e+01 5.406564712524414062e+01
6.375294494628906250e+01 4.344857788085937500e+01
-9.934204864501953125e+01 5.332497406005859375e+01
5.771296501159667969e+00 -6.150439453125000000e+01
-2.439087867736816406e+01 6.575708007812500000e+01
6.943531990051269531e+00 -3.258819282054901123e-01
-3.595398330688476562e+01 2.671505546569824219e+01
-5.931978607177734375e+01 2.608903884887695312e+01
1.110942687988281250e+02 -2.536742687225341797e+00
1.053347091674804688e+02 8.255816459655761719e+00
-6.231859970092773438e+01 -4.682163619995117188e+01
-6.217773437500000000e+01 -3.044119644165039062e+01
3.645794677734375000e+01 -6.099039077758789062e+01
-3.517576599121093750e+01 3.614165115356445312e+01
-4.800588989257812500e+01 -5.587382125854492188e+01
-2.638440132141113281e+01 -2.522402381896972656e+01
-6.290511703491210938e+01 5.948326873779296875e+01
7.980414581298828125e+01 3.127791976928710938e+01
-5.599164199829101562e+01 -5.351504135131835938e+01
-4.154270553588867188e+01 -4.014684295654296875e+01
-5.506700134277343750e+01 -6.308131027221679688e+01
1.071842670440673828e+01 3.017247772216796875e+01
-4.031883239746093750e+00 -8.628258514404296875e+01
-6.454897403717041016e+00 -5.561032772064208984e+00
-6.570212554931640625e+01 6.020399475097656250e+01
-5.120013809204101562e+01 3.875864791870117188e+01
-2.513672447204589844e+01 8.075955200195312500e+01
-3.487661743164062500e+01 -2.780687522888183594e+01
2.441323518753051758e+00 -3.562355041503906250e+00
8.082887268066406250e+01 3.032108688354492188e+01
6.990295410156250000e+00 -3.121067619323730469e+01
7.883579254150390625e+01 2.098127174377441406e+01
2.732291221618652344e+00 -9.245729064941406250e+01
1.406974983215332031e+01 -1.690112304687500000e+01
6.400401306152343750e+01 5.736144638061523438e+01
5.666945648193359375e+01 4.549038314819335938e+01
-7.181069183349609375e+01 1.040029525756835938e+00
5.550697326660156250e+01 4.371869277954101562e+01
6.133425903320312500e+01 2.741369247436523438e+01
1.187859821319580078e+01 -2.147611808776855469e+01
9.669255828857421875e+01 2.136765003204345703e+00
1.093954086303710938e+02 7.164790630340576172e+00
4.661038208007812500e+01 -2.658763694763183594e+01
1.408999156951904297e+01 1.023520183563232422e+01
-2.085971641540527344e+01 -2.483321571350097656e+01
-1.744552612304687500e+01 7.435039520263671875e+01
6.268251895904541016e+00 -2.225595712661743164e+00
5.256439208984375000e+01 -1.305977916717529297e+01
3.711274719238281250e+01 1.308033943176269531e+01
2.433332443237304688e+01 -2.099525642395019531e+01
-2.628330612182617188e+01 7.082178497314453125e+01
3.834507369995117188e+01 -3.586172103881835938e+01
-1.051233100891113281e+01 4.620731353759765625e+01
-7.973402142524719238e-01 -8.148455047607421875e+01
-7.370973205566406250e+01 5.398164749145507812e+00
-9.668836593627929688e+00 -8.302946090698242188e-01
-1.813441085815429688e+01 -4.592134094238281250e+01
1.344533348083496094e+01 -5.722151565551757812e+01
-7.999081420898437500e+01 4.228203201293945312e+01
-1.747994542121887207e+00 6.203635215759277344e+00
-3.086924552917480469e+01 -7.175061798095703125e+01
5.088542556762695312e+01 6.345079040527343750e+01
-4.160308837890625000e+00 1.260074138641357422e+01
-6.596680641174316406e+00 5.128345870971679688e+01
-2.715025901794433594e+01 -6.058437728881835938e+01
-2.088084793090820312e+01 -5.164064407348632812e+01
-2.655192756652832031e+01 -6.803624725341796875e+01
4.208211517333984375e+01 1.269636154174804688e+01
-6.902203369140625000e+01 -2.308139610290527344e+01
4.249634170532226562e+01 -3.189864730834960938e+01
-2.440069389343261719e+01 -3.048683166503906250e+01
-2.492109298706054688e+00 -2.615979576110839844e+01
4.460602951049804688e+01 9.040734171867370605e-01
4.221780776977539062e+01 1.014575767517089844e+01
-1.811249923706054688e+01 3.242929077148437500e+01
-1.063453826904296875e+02 3.520210266113281250e+01
5.714491653442382812e+01 4.081002807617187500e+01
6.645334625244140625e+01 3.400928115844726562e+01
-3.245383453369140625e+01 3.149535560607910156e+01
2.757422065734863281e+01 2.720195770263671875e+01
-5.182315111160278320e-01 5.068671798706054688e+01
2.299439811706542969e+01 6.078907775878906250e+01
-4.331682968139648438e+01 -4.633456420898437500e+01
-5.994232940673828125e+01 4.586355972290039062e+01
-2.735747909545898438e+01 7.323541259765625000e+01
2.906530857086181641e+00 -3.591734313964843750e+01
2.224174976348876953e+00 -3.706504440307617188e+01
-6.288103580474853516e+00 -8.348131561279296875e+01
-5.616430664062500000e+01 6.306026077270507812e+01
-6.380180740356445312e+01 -6.254126358032226562e+01
-1.483927345275878906e+01 -3.511364746093750000e+01
1.148850727081298828e+01 -2.353561401367187500e+01
-3.700291442871093750e+01 3.898478317260742188e+01
1.273372364044189453e+01 -3.672744512557983398e+00
7.447422504425048828e+00 -3.399371337890625000e+01
-9.565943908691406250e+01 4.151808166503906250e+01
-4.359270095825195312e+01 -4.751630401611328125e+01
-2.438859939575195312e+01 -1.201631069183349609e+01
-2.327631378173828125e+01 -4.564717864990234375e+01
-2.762480163574218750e+01 6.519093322753906250e+01
1.761484718322753906e+01 -2.439990043640136719e+01
-2.633351516723632812e+01 6.286291122436523438e+01
6.244913482666015625e+01 2.614711570739746094e+01
-4.943337249755859375e+01 6.250208282470703125e+01
2.131604194641113281e+01 -3.901577377319335938e+01
5.951707458496093750e+01 2.703134727478027344e+01
-4.451122665405273438e+01 2.146579170227050781e+01
4.419844627380371094e+00 -5.593043518066406250e+01
-1.081125450134277344e+01 -3.440902709960937500e+01
2.526475524902343750e+01 4.824388980865478516e+00
2.343558692932128906e+01 -4.059832382202148438e+01
6.488620758056640625e+01 6.003187942504882812e+01
-1.948305320739746094e+01 -4.898903656005859375e+01
-6.935383319854736328e+00 -8.494407653808593750e+01
-2.264894294738769531e+01 6.466508483886718750e+01
-6.891963958740234375e+01 3.786011886596679688e+01
1.851994705200195312e+01 -9.148077392578125000e+01
-1.010489120483398438e+02 5.069498443603515625e+01
5.986581802368164062e+01 5.592326736450195312e+01
-5.092225646972656250e+01 5.980779647827148438e+01
-5.063023376464843750e+01 3.665807342529296875e+01
1.016346263885498047e+01 -2.189897918701171875e+01
-1.875944900512695312e+01 -2.971195220947265625e+01
5.176368331909179688e+01 4.290763473510742188e+01
4.291360855102539062e+01 -3.216954421997070312e+01
-3.439229965209960938e+01 6.386229324340820312e+01
-3.754443359375000000e+01 -6.567895507812500000e+01
1.938508796691894531e+01 2.438203620910644531e+01
-2.617009925842285156e+01 6.828054046630859375e+01
4.507381820678710938e+01 3.593681716918945312e+01
-8.217024803161621094e+00 -9.947414398193359375e+01
-3.006103134155273438e+01 -6.479247283935546875e+01
4.129579162597656250e+01 1.687016105651855469e+01
5.777450561523437500e+01 -6.983123779296875000e+01
-6.418254089355468750e+01 -5.731541824340820312e+01
-3.085798454284667969e+01 2.962338256835937500e+01
-3.467242050170898438e+01 -7.701993560791015625e+01
3.606850814819335938e+01 -1.369116783142089844e+01
-5.054255294799804688e+01 -5.010196685791015625e+01
-2.428717803955078125e+01 -9.489255523681640625e+01
-1.513340568542480469e+01 -2.497192382812500000e+01
-3.326196289062500000e+01 -3.606604766845703125e+01
9.022460937500000000e+01 -8.064344406127929688e+00
2.063302421569824219e+01 -3.795980453491210938e+01
-6.126764297485351562e+01 -3.097149085998535156e+01
-8.628071784973144531e+00 -8.668637084960937500e+01
-2.654977416992187500e+01 -6.020854568481445312e+01
-2.874560546875000000e+01 3.489471054077148438e+01
-1.022142791748046875e+02 4.349664306640625000e+01
-7.083571624755859375e+01 3.589470672607421875e+01
1.272133255004882812e+01 -8.790222167968750000e+00
-8.938322067260742188e+00 4.875986099243164062e+01
1.546395874023437500e+01 -5.899869918823242188e+00
1.499869441986083984e+01 1.104235839843750000e+01
9.581811904907226562e+00 -1.856501579284667969e+01
6.474098205566406250e+01 5.631010818481445312e+01
-9.901531219482421875e+00 3.066846132278442383e+00
5.513368606567382812e+01 -2.641752433776855469e+01
4.289133071899414062e+01 1.826753807067871094e+01
-2.684201240539550781e+01 -3.073911285400390625e+01
-1.287962913513183594e+00 -9.037065887451171875e+01
5.513644027709960938e+01 -2.639838981628417969e+01
5.962590408325195312e+01 3.210128021240234375e+01
5.959788131713867188e+01 3.097641944885253906e+01
-5.654470825195312500e+01 4.670198440551757812e+01
-4.284728240966796875e+01 1.759871721267700195e+00
9.866496276855468750e+01 1.055583953857421875e+00
-1.781043052673339844e+01 1.686718940734863281e+01
2.664829063415527344e+01 -7.851980590820312500e+01
2.218854713439941406e+01 -7.347139739990234375e+01
4.917293167114257812e+01 4.370092773437500000e+01
-1.385850429534912109e+01 -2.142748260498046875e+01
5.080698776245117188e+01 3.525951385498046875e+01
-5.436500549316406250e+01 3.561967849731445312e+01
-4.088389396667480469e+00 -6.693352508544921875e+01
-2.817975044250488281e+01 -5.197536468505859375e+01
-6.160490417480468750e+01 3.014708328247070312e+01
9.827615356445312500e+01 1.220702171325683594e+01
-1.393186855316162109e+01 6.826898956298828125e+01
-5.549312114715576172e+00 -6.979872894287109375e+01
6.603683471679687500e+01 5.686703491210937500e+01
7.748763275146484375e+01 3.099762535095214844e+01
5.230463027954101562e+01 -3.638837051391601562e+01
-2.348870658874511719e+01 7.345696258544921875e+01
-3.134926605224609375e+01 3.007151031494140625e+01
6.725550174713134766e+00 1.445605087280273438e+01
-2.066963386535644531e+01 1.519519233703613281e+01
-1.727764701843261719e+01 -1.886567592620849609e+00
-6.303121185302734375e+01 5.724354934692382812e+01
-2.950829124450683594e+01 3.468830490112304688e+01
-2.604425191879272461e+00 -9.340853118896484375e+01
-3.938103437423706055e+00 -1.733671951293945312e+01
-3.042333412170410156e+01 -6.552339935302734375e+01
-3.240027618408203125e+01 -1.735441589355468750e+01
5.120664978027343750e+01 5.860964584350585938e+01
5.555259323120117188e+01 6.120669555664062500e+01
-1.224943399429321289e+00 -4.577075195312500000e+01
-3.868668556213378906e+00 5.526381683349609375e+01
-4.918678665161132812e+01 -5.829991149902343750e+01
-9.159831237792968750e+01 5.838906478881835938e+01
3.706944656372070312e+01 -3.490591812133789062e+01
-1.581465435028076172e+01 7.259318542480468750e+01
8.014992523193359375e+01 2.435520553588867188e+01
5.845715332031250000e+01 6.240758514404296875e+01
6.832291412353515625e+01 2.119804763793945312e+01
-2.985965347290039062e+01 7.998435974121093750e+01
2.945583152770996094e+01 -3.552754592895507812e+01
3.590834808349609375e+01 2.646206665039062500e+01
-2.527789688110351562e+01 3.875853729248046875e+01
9.517047882080078125e+01 7.030860900878906250e+00
2.842823600769042969e+01 -3.583827972412109375e+01
-4.169827270507812500e+01 -8.023878479003906250e+01
-4.942370223999023438e+01 3.201099777221679688e+01
4.572863388061523438e+01 6.306223678588867188e+01
-2.493985557556152344e+01 -5.196350479125976562e+01
5.672196197509765625e+01 -1.472465038299560547e+01
4.385985851287841797e+00 -1.368825531005859375e+01
1.976219367980957031e+01 -7.685410308837890625e+01
-1.783615112304687500e+01 6.491941070556640625e+01
8.684940338134765625e+00 6.640914154052734375e+01
-2.740999698638916016e+00 -5.741374969482421875e+01
-3.153142356872558594e+01 -6.052155494689941406e+00
-3.518320083618164062e+01 -7.546479797363281250e+01
4.161731338500976562e+01 -6.800878143310546875e+01
-7.308956146240234375e+01 5.168438434600830078e+00
-2.112923240661621094e+01 7.306888580322265625e+01
-3.412076950073242188e+00 -3.770350217819213867e+00
-4.619565963745117188e+01 -5.294464874267578125e+01
-2.435767364501953125e+01 6.465813446044921875e+01
-3.915377616882324219e+00 4.127167892456054688e+01
-3.466955566406250000e+01 5.620529937744140625e+01
-3.828502273559570312e+01 3.976808547973632812e+01
-6.325881195068359375e+01 6.438494110107421875e+01
-1.082870101928710938e+02 5.040589904785156250e+01
-2.898420715332031250e+01 7.246562194824218750e+01
4.738621902465820312e+01 1.987805366516113281e+01
4.505514144897460938e+01 2.324547004699707031e+01
-6.514230370521545410e-01 -6.187072753906250000e+01
-8.579185485839843750e+01 3.595675659179687500e+01
-2.530294418334960938e+01 -1.684019279479980469e+01
-5.022281265258789062e+01 -4.424079895019531250e+01
-3.665070724487304688e+01 3.584512329101562500e+01
1.796780776977539062e+01 5.425601577758789062e+01
1.331852912902832031e+01 1.724819946289062500e+01
-3.141269111633300781e+01 5.913866424560546875e+01
7.969914245605468750e+01 -8.835755348205566406e+00
-1.331606864929199219e+01 -8.604412078857421875e+01
-2.309805870056152344e+01 6.140165328979492188e+01
3.539012908935546875e+01 1.241765308380126953e+01
2.826976299285888672e+00 -6.482923889160156250e+01
-5.221279525756835938e+01 -4.819915771484375000e+01
-2.590964317321777344e+00 -3.141296768188476562e+01
-3.153579521179199219e+01 5.306100082397460938e+01
4.847247695922851562e+01 -1.786421012878417969e+01
5.778269577026367188e+01 7.754176616668701172e+00
2.727143287658691406e+01 2.035747528076171875e+01
-2.625459861755371094e+01 -7.898985290527343750e+01
1.822009533643722534e-01 -1.962026596069335938e+01
1.959424781799316406e+01 6.861697673797607422e+00
1.056127624511718750e+02 -1.727103805541992188e+01
-6.757873535156250000e+01 6.292504501342773438e+01
-9.427557373046875000e+01 3.117654800415039062e+01
-9.379264831542968750e+01 3.732568359375000000e+01
5.448975753784179688e+01 -1.887807846069335938e+01
-9.516398620605468750e+01 6.355597305297851562e+01
-1.886812210083007812e+01 -4.116843032836914062e+01
4.939374542236328125e+01 4.855360412597656250e+01
4.275259780883789062e+01 5.723228073120117188e+01
-2.234291076660156250e+01 -6.044669723510742188e+01
-3.179659271240234375e+01 4.052815628051757812e+01
1.805584335327148438e+01 -2.407424545288085938e+01
3.407279849052429199e-01 2.959061622619628906e+01
-1.939779853820800781e+01 6.780358123779296875e+01
2.855517864227294922e+00 -2.375944137573242188e+01
5.663513183593750000e+01 3.609497451782226562e+01
1.743623733520507812e+01 6.816480159759521484e-01
3.408128738403320312e+01 -3.422792816162109375e+01
5.482524871826171875e+01 6.371856307983398438e+01
-2.956336975097656250e+01 6.375925827026367188e+01
-6.770669460296630859e+00 -3.447912979125976562e+01
-2.062338256835937500e+01 7.170709228515625000e+01
4.475400161743164062e+01 -3.283975601196289062e+01
4.463045501708984375e+01 -8.368135070800781250e+01
-3.096519470214843750e+01 -4.088121032714843750e+01
-3.950812530517578125e+01 -6.388359832763671875e+01
-7.061318969726562500e+01 -2.361455440521240234e+00
-4.481287765502929688e+01 2.321421623229980469e+01
1.152016353607177734e+01 -3.413091421127319336e+00
-3.918014907836914062e+01 -8.791662597656250000e+01
-1.529968857765197754e+00 -6.383573150634765625e+01
1.901680946350097656e+01 2.526746988296508789e+00
-3.089117050170898438e+01 5.846529006958007812e+01
2.799814939498901367e+00 -8.246032714843750000e+01
-4.469291305541992188e+01 -2.727596282958984375e+01
-3.468374252319335938e+01 6.395989608764648438e+01
-2.110396194458007812e+01 7.723625183105468750e+01
-4.706417846679687500e+01 2.353736305236816406e+01
8.915049552917480469e+00 3.315653610229492188e+01
3.685905075073242188e+01 1.430970668792724609e+01
-2.204819679260253906e+01 -7.971694469451904297e-01
3.035310363769531250e+01 3.810220718383789062e+01
-3.843458938598632812e+01 2.126207828521728516e+00
3.154631853103637695e+00 -1.076119995117187500e+01
-2.082286071777343750e+01 -6.416436004638671875e+01
2.857300567626953125e+01 -1.695994186401367188e+01
1.237948417663574219e+01 1.027141475677490234e+01
5.556913375854492188e+01 4.575086975097656250e+01
5.162744140625000000e+01 5.046910476684570312e+01
4.263658142089843750e+01 5.803048324584960938e+01
-1.981150245666503906e+01 7.911903381347656250e+01
4.640416717529296875e+01 -3.666729736328125000e+01
-1.567939186096191406e+01 -8.405751228332519531e+00
2.432897186279296875e+01 5.245737075805664062e+01
1.581499004364013672e+01 -6.400019073486328125e+01
5.641914367675781250e+01 3.564396667480468750e+01
-3.803857421875000000e+01 3.817951583862304688e+01
6.177105426788330078e+00 6.426184082031250000e+01
-3.670808029174804688e+01 5.006269454956054688e+01
-6.879264831542968750e+01 -5.157503890991210938e+01
6.737290859222412109e+00 2.488996315002441406e+01
-6.168476486206054688e+01 -3.083671569824218750e+01
-3.953929138183593750e+01 1.959635162353515625e+01
-4.285886383056640625e+01 1.765109300613403320e+00
2.306615829467773438e+01 -4.040945816040039062e+01
-1.383990383148193359e+01 6.880585193634033203e+00
3.473698043823242188e+01 -8.771714782714843750e+01
-2.788042068481445312e+01 1.701978302001953125e+01
-1.351234531402587891e+01 -9.062473297119140625e+01
4.160083389282226562e+01 -7.760695648193359375e+01
2.344410705566406250e+01 -5.592791366577148438e+01
-3.012737631797790527e-02 -1.998980140686035156e+01
-2.312403678894042969e+00 1.557248115539550781e+00
-1.555615806579589844e+01 6.866831207275390625e+01
5.399211120605468750e+01 3.828778839111328125e+01
-3.303479766845703125e+01 -1.334523010253906250e+01
2.021491432189941406e+01 -3.932860565185546875e+01
-1.802158355712890625e+01 7.100000762939453125e+01
7.126781463623046875e+00 6.249744796752929688e+01
-2.015556573867797852e+00 6.501550197601318359e+00
5.235158157348632812e+01 3.573847579956054688e+01
-2.495295524597167969e+01 6.136870956420898438e+01
-2.736709356307983398e+00 -6.192611217498779297e+00
-1.930085372924804688e+01 -4.811990737915039062e+01
-1.653709411621093750e+00 -1.007519531250000000e+02
4.741896152496337891e+00 9.564903259277343750e+00
-2.529967498779296875e+01 5.799695205688476562e+01
-2.478919219970703125e+01 6.768081665039062500e+01
-2.758920860290527344e+01 -5.234550094604492188e+01
-4.957843399047851562e+01 -6.197703170776367188e+01
-3.157289505004882812e+01 5.307959365844726562e+01
-3.259309005737304688e+01 7.819554901123046875e+01
6.219683456420898438e+01 3.978337478637695312e+01
-2.765184974670410156e+01 1.641440963745117188e+01
-1.929420471191406250e+01 -5.684751987457275391e+00
-1.687509155273437500e+01 -2.788856887817382812e+01
7.202255249023437500e+01 -2.022233581542968750e+01
4.561767578125000000e+01 3.568937683105468750e+01
-3.221991729736328125e+01 -3.986857223510742188e+01
-6.871205139160156250e+01 -2.366278457641601562e+01
-9.024214172363281250e+01 3.023119544982910156e+01
1.446872329711914062e+01 -5.681477737426757812e+01
-3.818949127197265625e+01 -8.171016693115234375e+01
-4.226504898071289062e+01 -5.717035293579101562e+01
9.019305229187011719e+00 2.048993110656738281e+01
-4.645386505126953125e+01 -5.136790466308593750e+01
-4.113465881347656250e+01 2.289460372924804688e+01
-5.274940490722656250e+01 -4.045563888549804688e+01
-6.979476928710937500e+01 5.432520294189453125e+01
-5.612912750244140625e+01 -5.042276000976562500e+01
-4.509653854370117188e+01 -5.349578094482421875e+01
-4.948298263549804688e+01 4.030267333984375000e+01
3.686377716064453125e+01 -5.921728897094726562e+01
4.661911964416503906e+00 4.213631153106689453e+00
1.882621002197265625e+01 4.162020206451416016e+00
-7.033565521240234375e+01 4.526166152954101562e+01
-2.717577552795410156e+01 1.505777072906494141e+01
1.989947509765625000e+01 -3.843955230712890625e+01
-2.003139734268188477e+00 2.129762172698974609e+00
7.032871246337890625e+01 5.272622680664062500e+01
-2.374831771850585938e+01 6.921630859375000000e+01
5.304152488708496094e+00 8.336269378662109375e+00
1.920409965515136719e+01 -9.036362457275390625e+01
-3.437584304809570312e+01 -1.181963348388671875e+01
1.903407859802246094e+01 -7.633998107910156250e+01
1.744199180603027344e+01 -8.081555938720703125e+01
3.339908218383789062e+01 4.380487060546875000e+01
5.153661727905273438e+01 4.820628166198730469e+00
4.269408798217773438e+01 -6.384343338012695312e+01
5.311846923828125000e+01 -4.886708450317382812e+01
8.503206634521484375e+01 -1.605396986007690430e+00
2.364576721191406250e+01 6.574954390525817871e-01
-3.536762714385986328e+00 -1.574946689605712891e+01
2.901774215698242188e+01 -4.085471343994140625e+01
5.833715057373046875e+01 -1.570487785339355469e+01
1.759002494812011719e+01 -2.446075439453125000e+00
-1.049607276916503906e+01 -2.580011606216430664e+00
5.136972808837890625e+01 6.009772872924804688e+01
1.675045204162597656e+01 3.458260726928710938e+01
5.468459701538085938e+01 6.315128326416015625e+01
-1.287637424468994141e+01 -8.289530944824218750e+01
-6.424793243408203125e+01 -1.521736431121826172e+01
2.704738998413085938e+01 -1.588284111022949219e+01
3.035536193847656250e+01 3.809663391113281250e+01
-2.434285926818847656e+01 6.989017486572265625e+01
9.207778930664062500e+00 2.152234840393066406e+01
-2.499476623535156250e+01 5.061964035034179688e+01
-3.061960601806640625e+01 6.341335678100585938e+01
4.245003128051757812e+01 -4.080342483520507812e+01
-3.598756408691406250e+01 -6.987571716308593750e+01
3.290575027465820312e+01 4.368965911865234375e+01
1.053973388671875000e+01 -7.047797393798828125e+01
-9.558646202087402344e+00 -8.046156883239746094e+00
-7.846868896484375000e+01 1.649446487426757812e+01
-2.751642990112304688e+01 -2.408593940734863281e+01
9.124052429199218750e+01 1.744244766235351562e+01
4.026905059814453125e+01 2.826410102844238281e+01
9.359865188598632812e+00 -1.747164535522460938e+01
2.386034774780273438e+01 2.440765380859375000e+01
-2.402418899536132812e+01 -2.913190078735351562e+01
5.570926284790039062e+01 6.495533752441406250e+01
4.737182998657226562e+01 -1.907885932922363281e+01
1.226743602752685547e+01 2.850114440917968750e+01
-4.997274398803710938e+01 -6.026984786987304688e+01
-7.279415130615234375e+01 5.174530029296875000e+01
2.313675880432128906e+01 -4.535709381103515625e+01
8.220416069030761719e+00 -5.988072872161865234e+00
1.072892761230468750e+02 8.876923561096191406e+00
5.397135162353515625e+01 4.161200714111328125e+01
1.203460121154785156e+01 -5.715332794189453125e+01
9.478950500488281250e-01 -1.623413848876953125e+01
-2.214131164550781250e+01 -6.376056289672851562e+01
-8.958242416381835938e+00 -4.051948165893554688e+01
8.191350936889648438e+00 -4.222863006591796875e+01
5.483059406280517578e+00 -5.488971328735351562e+01
-2.589813423156738281e+01 7.655271148681640625e+01
5.137121963500976562e+01 6.236788177490234375e+01
1.275126838684082031e+01 2.238380050659179688e+01
-2.440875434875488281e+01 -6.257920455932617188e+01
-3.201353836059570312e+01 2.456887245178222656e+01
-4.248923110961914062e+01 -2.137523078918457031e+01
-7.104594421386718750e+01 -1.724600195884704590e+00
-4.006273651123046875e+01 -8.708518981933593750e+01
3.639633178710937500e+01 1.553928279876708984e+01
-5.317986488342285156e+00 -2.831984710693359375e+01
4.653488922119140625e+01 5.060115432739257812e+01
4.786495590209960938e+01 4.689226531982421875e+01
2.418549156188964844e+01 -7.180110168457031250e+01
4.531256484985351562e+01 5.424755859375000000e+01
6.062345123291015625e+01 2.231440162658691406e+01
-7.204528808593750000e+01 3.322005844116210938e+01
9.082607269287109375e+01 -1.103515338897705078e+01
-3.190153360366821289e+00 3.085568618774414062e+01
7.627483367919921875e+01 3.012950134277343750e+01
1.256000423431396484e+01 5.322673797607421875e+01
-3.886188507080078125e+01 4.936399459838867188e+01
1.105257797241210938e+01 -5.862349700927734375e+01
-1.937133979797363281e+01 9.359737396240234375e+00
-4.240335845947265625e+01 -8.751132965087890625e+01
-9.774649620056152344e+00 -1.178018331527709961e+00
1.945757293701171875e+01 -8.976073455810546875e+01
-3.193830490112304688e+00 -9.489859771728515625e+01
6.330583190917968750e+01 5.555941772460937500e+01
2.335503196716308594e+01 -4.538679885864257812e+01
-2.013112449645996094e+01 -5.779377365112304688e+01
-2.569645404815673828e+00 -2.723170089721679688e+01
6.753382110595703125e+01 3.088306617736816406e+01
-2.200801849365234375e+01 -1.543313741683959961e+00
7.170200824737548828e+00 -1.651915359497070312e+01
-2.856528663635253906e+01 -1.316777896881103516e+01
5.685086822509765625e+01 9.736919403076171875e+00
1.271061611175537109e+01 6.509436035156250000e+01
4.919323730468750000e+01 2.408725547790527344e+01
2.263898086547851562e+01 -5.837819671630859375e+01
7.115811347961425781e+00 -2.237879943847656250e+01
5.508473968505859375e+01 5.314935302734375000e+01
4.169048309326171875e+01 -2.152367401123046875e+01
-2.313940429687500000e+01 6.578698730468750000e+01
8.677210235595703125e+01 1.707531547546386719e+01
2.101579284667968750e+01 -3.306562423706054688e+01
-4.905751419067382812e+01 -4.757528305053710938e+01
8.166601562500000000e+01 -8.174182891845703125e+00
-4.540118789672851562e+01 -7.006066894531250000e+01
-2.826383209228515625e+01 -6.262880325317382812e+01
6.997520923614501953e+00 -1.693629074096679688e+01
-7.433606719970703125e+01 2.284416389465332031e+01
2.202352762222290039e+00 -5.372189331054687500e+01
4.970763397216796875e+01 1.742820167541503906e+01
2.048611259460449219e+01 2.998166847229003906e+01
-2.500519943237304688e+01 -7.861624908447265625e+01
-1.592363071441650391e+01 -3.489077758789062500e+01
1.729046702384948730e+00 -6.581512451171875000e+01
-1.698736000061035156e+01 -3.412428283691406250e+01
5.441539001464843750e+01 4.986515808105468750e+01
-3.432659149169921875e+01 -1.585217189788818359e+01
-9.928157806396484375e+00 -1.248259258270263672e+01
3.267186880111694336e+00 -3.496629333496093750e+01
5.768154525756835938e+01 6.096652984619140625e+01
-4.559339284896850586e-01 -2.129923248291015625e+01
5.510718917846679688e+01 5.049746704101562500e+01
5.089593887329101562e+01 3.869071960449218750e+01
-3.375890350341796875e+01 -7.698891448974609375e+01
2.200950050354003906e+01 -5.849712848663330078e+00
-5.708052825927734375e+01 -5.678712081909179688e+01
-1.952637100219726562e+01 5.337893295288085938e+01
7.423175048828125000e+01 -2.876173734664916992e+00
4.135673141479492188e+01 2.095381546020507812e+01
-2.452310752868652344e+01 -7.787337493896484375e+01
8.827857017517089844e+00 -5.178437805175781250e+01
1.837903594970703125e+01 -1.792006683349609375e+01
4.624263763427734375e+01 6.877072143554687500e+01
-9.084938049316406250e+00 -3.601538848876953125e+01
2.228780174255371094e+01 2.529776763916015625e+01
5.393798828125000000e+01 6.377867507934570312e+01
1.756853103637695312e+00 -3.520208740234375000e+01
-4.198222351074218750e+01 -6.701171112060546875e+01
-1.458553600311279297e+01 -5.642374801635742188e+01
4.303556060791015625e+01 5.925415802001953125e+01
2.053466606140136719e+01 -6.309924316406250000e+01
-1.833028793334960938e+01 6.242171859741210938e+01
