3.356683349609375000e+01 -1.006939544677734375e+02
4.013750457763671875e+01 -9.120329284667968750e+01
3.309314346313476562e+01 -2.743872261047363281e+01
8.394029235839843750e+01 -4.218539810180664062e+01
5.919780731201171875e+01 -6.033698654174804688e+01
2.694933700561523438e+01 -8.544713592529296875e+01
2.221077919006347656e+01 -5.014944458007812500e+01
-9.653704833984375000e+01 -2.423850440979003906e+01
-1.609184741973876953e+00 -4.008571243286132812e+01
2.379560089111328125e+01 -2.617044830322265625e+01
5.463048934936523438e+01 -6.038595581054687500e+01
5.170861816406250000e+01 -6.677159881591796875e+01
1.510884475708007812e+01 -3.094949150085449219e+01
3.695514297485351562e+01 -8.568244171142578125e+01
2.163621520996093750e+01 -1.002162933349609375e+02
-8.473722839355468750e+01 2.036810302734375000e+01
5.609266662597656250e+01 -5.862634658813476562e+01
-3.313182449340820312e+01 -6.944258117675781250e+01
5.588327789306640625e+01 7.011321544647216797e+00
3.501645278930664062e+01 -8.552406311035156250e+01
4.834723663330078125e+01 -6.260507965087890625e+01
2.424399375915527344e+01 -9.871758460998535156e+00
1.881235313415527344e+01 -1.021287536621093750e+02
2.037807083129882812e+01 -8.292776107788085938e+00
5.832972717285156250e+01 -8.962554931640625000e+00
7.699739074707031250e+01 -3.884967803955078125e+01
7.788236999511718750e+01 -4.194623184204101562e+01
5.193766403198242188e+01 -6.203343200683593750e+01
-5.576375961303710938e+01 -1.578774452209472656e+01
1.464701652526855469e+01 -9.919614410400390625e+01
3.691344451904296875e+01 -8.004296112060546875e+01
-5.826126480102539062e+01 -1.661527252197265625e+01
-5.667645454406738281e+00 -6.402653503417968750e+01
7.265957355499267578e+00 -1.671553993225097656e+01
3.075875473022460938e+01 -9.699270629882812500e+01
1.304942035675048828e+01 -2.033611679077148438e+01
7.927034759521484375e+01 -4.230673599243164062e+01
2.952050781250000000e+01 -9.527892303466796875e+01
4.065999603271484375e+01 -7.260593414306640625e+01
-5.947771072387695312e+01 2.149764251708984375e+01
-3.743585348129272461e+00 -3.125597000122070312e+01
3.836112594604492188e+01 -8.686712646484375000e+01
7.718070983886718750e+01 -4.165270996093750000e+01
2.384260940551757812e+01 -9.491298675537109375e+00
2.005081939697265625e+01 -8.435936737060546875e+01
1.412450408935546875e+01 9.780665397644042969e+00
2.761554718017578125e+01 -1.011296768188476562e+02
2.633778762817382812e+01 -9.812110137939453125e+01
-1.655721855163574219e+01 6.370956420898437500e+00
3.756149291992187500e+01 -8.541408538818359375e+01
4.809135055541992188e+01 2.974276733398437500e+01
-8.846097564697265625e+01 2.751481437683105469e+01
2.719579124450683594e+01 -1.012998886108398438e+02
8.322420501708984375e+01 -4.084503936767578125e+01
7.880883026123046875e+01 -4.091797637939453125e+01
5.646590423583984375e+01 -6.150616073608398438e+01
5.380932235717773438e+01 -6.288833999633789062e+01
4.546041107177734375e+01 2.971773147583007812e+01
5.999075698852539062e+01 -3.095580863952636719e+01
7.864758300781250000e+01 -4.359143447875976562e+01
2.027674865722656250e+01 -4.990206718444824219e+00
1.291817760467529297e+01 -1.264992618560791016e+01
2.715705871582031250e+01 -9.565122985839843750e+01
3.300773239135742188e+01 -9.030237579345703125e+01
2.502092170715332031e+01 -2.539410400390625000e+01
-1.019868392944335938e+02 -2.278900718688964844e+01
3.927309036254882812e+01 -6.705748748779296875e+01
5.444826507568359375e+01 -7.948118591308593750e+01
-2.896308517456054688e+01 -6.938666534423828125e+01
7.808335113525390625e+01 -4.095365905761718750e+01
4.070236587524414062e+01 -8.753114318847656250e+01
4.534168624877929688e+01 -8.401370239257812500e+01
-5.300110244750976562e+01 -2.904232788085937500e+01
-6.273573303222656250e+01 -1.387218379974365234e+01
-3.725355148315429688e+01 2.941363716125488281e+01
5.105782699584960938e+01 -2.543531227111816406e+01
-2.808023643493652344e+01 -4.058540725708007812e+01
2.372182464599609375e+01 -8.559391021728515625e+01
-6.005473136901855469e+00 4.359909439086914062e+01
2.177094268798828125e+01 -5.431335449218750000e+01
-8.522045898437500000e+01 -5.386190891265869141e+00
4.653755569458007812e+01 5.372676086425781250e+01
8.183768463134765625e+01 -3.433138275146484375e+01
-8.161097717285156250e+01 3.414376068115234375e+01
4.692886734008789062e+01 -5.680949401855468750e+01
2.276605987548828125e+01 6.184232711791992188e+01
-5.318161773681640625e+01 5.059365463256835938e+01
1.483289241790771484e+00 -1.236152076721191406e+01
-6.438225746154785156e+00 -6.311724090576171875e+01
2.173654174804687500e+01 -8.519923400878906250e+01
-9.483514404296875000e+01 1.833162498474121094e+01
2.669807815551757812e+01 -2.293017005920410156e+01
4.050643539428710938e+01 -7.953007507324218750e+01
-5.099139213562011719e+00 -3.032545471191406250e+01
7.331568145751953125e+01 2.837649154663085938e+01
-6.829445648193359375e+01 1.694062423706054688e+01
3.188291931152343750e+01 -1.034265441894531250e+02
1.573000240325927734e+01 -8.987377929687500000e+01
-9.823409271240234375e+01 -1.361895465850830078e+01
-1.698546409606933594e+01 -3.680403518676757812e+01
2.405754852294921875e+01 -2.358205986022949219e+01
3.380752182006835938e+01 8.016204833984375000e+01
1.530947303771972656e+01 1.233208465576171875e+02
3.161320209503173828e+00 -9.725591278076171875e+01
1.483641624450683594e+01 -2.509231948852539062e+01
3.058146476745605469e+01 -5.058917999267578125e+01
2.103373336791992188e+01 -5.470510101318359375e+01
1.460978090763092041e-01 -5.002993011474609375e+01
5.775878524780273438e+01 -7.815583705902099609e+00
-2.594912147521972656e+01 -4.184325408935546875e+01
-6.862760162353515625e+01 -2.493211030960083008e+00
2.987595558166503906e+01 -9.300660705566406250e+01
1.643908119201660156e+01 7.110154724121093750e+01
-1.904685211181640625e+01 -2.428302955627441406e+01
5.803834915161132812e+01 -1.101774120330810547e+01
3.212503433227539062e+01 -3.292671203613281250e+00
-5.870909500122070312e+01 -2.650575065612792969e+01
-4.920412826538085938e+01 -5.695148086547851562e+01
2.209333992004394531e+01 9.134521484375000000e+01
2.152336359024047852e+00 -7.105801105499267578e+00
8.303736877441406250e+01 -3.963998413085937500e+01
-5.652124023437500000e+01 -1.637670135498046875e+01
-7.696752166748046875e+01 3.980490112304687500e+01
3.671891403198242188e+01 -7.453102874755859375e+01
1.921274375915527344e+01 -1.908613204956054688e+01
3.643971252441406250e+01 -8.408296203613281250e+01
2.302277374267578125e+01 -8.667064666748046875e+01
5.081549835205078125e+01 -8.547241210937500000e+01
5.906629180908203125e+01 -5.059079647064208984e+00
-1.943762779235839844e+01 -2.480891036987304688e+01
-2.425860595703125000e+01 4.073410034179687500e+00
4.720000267028808594e+00 -1.009252548217773438e+01
2.146717643737792969e+01 -2.752177429199218750e+01
2.754066276550292969e+01 -9.866837310791015625e+01
2.394737243652343750e+01 -2.649615669250488281e+01
5.845920085906982422e+00 -9.238893127441406250e+01
3.240597152709960938e+01 -9.210508728027343750e+01
5.397824859619140625e+01 1.351803112030029297e+01
2.289669036865234375e+01 1.229418182373046875e+02
2.809405708312988281e+01 -8.158960723876953125e+01
-9.809236145019531250e+01 -1.358651447296142578e+01
-3.849223327636718750e+01 -6.666307067871093750e+01
-6.727801513671875000e+01 -3.469011688232421875e+01
5.834347152709960938e+01 4.510754394531250000e+01
1.496707344055175781e+01 -3.857331466674804688e+01
-4.305175781250000000e+01 -5.772825622558593750e+01
-3.752350616455078125e+01 -5.599136734008789062e+01
-8.722970581054687500e+01 -7.371992588043212891e+00
5.229668045043945312e+01 -6.937580871582031250e+01
-5.782018661499023438e+01 -2.694308090209960938e+01
4.864326477050781250e+01 1.373237800598144531e+01
-9.043573760986328125e+01 1.324320220947265625e+01
7.108553314208984375e+01 -4.176566314697265625e+01
2.345345687866210938e+01 1.348215389251708984e+01
4.420554733276367188e+01 -1.625990295410156250e+01
2.186115646362304688e+01 -6.253984928131103516e+00
5.278457260131835938e+01 -1.215267539024353027e+00
-3.984049987792968750e+01 -7.232914733886718750e+01
2.148329353332519531e+01 -2.471537590026855469e+01
-1.094447851181030273e+00 -4.435404968261718750e+01
3.441012573242187500e+01 8.271235656738281250e+01
-3.783377075195312500e+01 -6.956987762451171875e+01
-8.771726226806640625e+01 -6.750845432281494141e+00
-3.437101364135742188e+00 7.527248859405517578e+00
-6.889730072021484375e+01 -1.863660049438476562e+01
-1.422627162933349609e+01 -9.232719421386718750e+00
4.862971496582031250e+01 4.409959793090820312e+01
9.056625366210937500e+00 -1.062279281616210938e+02
4.318271636962890625e+01 -8.571522521972656250e+01
3.553885269165039062e+01 -7.326346588134765625e+01
6.710204124450683594e+00 1.160192260742187500e+02
2.056354331970214844e+01 -1.999928474426269531e+01
4.327247619628906250e+01 1.168161201477050781e+01
2.064986228942871094e+01 -8.896419525146484375e+01
-1.840345191955566406e+01 -4.069025802612304688e+01
2.776347732543945312e+01 -8.973304748535156250e+01
8.007230377197265625e+01 -4.035929870605468750e+01
1.857209014892578125e+01 7.223184204101562500e+01
-3.833774566650390625e+01 5.772145271301269531e+00
1.215845966339111328e+01 2.671370315551757812e+01
4.982054519653320312e+01 -8.731970214843750000e+01
-1.536841678619384766e+01 -1.788421821594238281e+01
1.487837219238281250e+01 8.331348419189453125e+01
-1.436940133571624756e-01 -4.486407852172851562e+01
-1.793572807312011719e+01 8.917641448974609375e+01
5.754179477691650391e+00 1.168967514038085938e+02
-2.373150587081909180e+00 -4.001891326904296875e+01
5.422922515869140625e+01 -8.572994995117187500e+01
4.226526260375976562e+01 7.996817016601562500e+01
6.409318923950195312e+00 2.348958778381347656e+01
-1.407804298400878906e+01 4.387504196166992188e+01
2.440668106079101562e+01 -9.787518310546875000e+01
-3.032181739807128906e+01 -1.964230728149414062e+01
-7.876711368560791016e+00 -6.110464096069335938e+01
2.497358894348144531e+01 -8.643764495849609375e+01
-4.020705413818359375e+01 -7.210847473144531250e+01
1.650193023681640625e+01 9.153308868408203125e+01
9.136970520019531250e+00 -2.742804336547851562e+01
-7.543043518066406250e+01 3.265372085571289062e+01
-8.039782714843750000e+01 2.324039077758789062e+01
2.236849212646484375e+01 -8.793708801269531250e+01
-3.877869033813476562e+01 -5.467551422119140625e+01
-3.093722343444824219e+01 -2.670547676086425781e+01
4.966330718994140625e+01 -8.723572540283203125e+01
-4.202921390533447266e+00 -4.749814224243164062e+01
-3.073625564575195312e+01 -6.225632858276367188e+01
2.340453147888183594e+01 -2.790811347961425781e+01
7.220342254638671875e+01 -4.175535202026367188e+01
4.224360275268554688e+01 8.631475067138671875e+01
-1.670982170104980469e+01 -3.688825225830078125e+01
1.852852439880371094e+01 8.582854461669921875e+01
-5.909053802490234375e+01 -1.608259010314941406e+01
2.623709869384765625e+01 -9.702361297607421875e+01
4.813715744018554688e+01 -8.496115112304687500e+01
-6.788766479492187500e+01 -1.204270839691162109e+00
-1.638652420043945312e+01 1.242252731323242188e+01
-6.771877288818359375e+01 2.437269783020019531e+01
1.395615100860595703e+01 7.682229614257812500e+01
-6.928787994384765625e+01 1.325850868225097656e+01
-5.407657241821289062e+01 3.914290237426757812e+01
3.308288192749023438e+01 -2.973172569274902344e+01
-3.180509567260742188e+01 -6.739698791503906250e+01
-1.926288223266601562e+01 -9.029074668884277344e+00
2.021945953369140625e+01 -9.341226196289062500e+01
2.135869979858398438e+01 5.672743225097656250e+01
2.568840026855468750e+01 8.892493438720703125e+01
-7.843991088867187500e+01 -2.595639705657958984e+00
-1.014017295837402344e+01 -6.253152084350585938e+01
3.517374420166015625e+01 7.379495239257812500e+01
-8.120353698730468750e+01 -1.050269985198974609e+01
1.940366363525390625e+01 1.232840270996093750e+02
7.095030975341796875e+01 -4.270569610595703125e+01
4.882830047607421875e+01 -7.184992980957031250e+01
5.939361953735351562e+01 -5.584044456481933594e+00
2.353546142578125000e+01 -2.485784149169921875e+01
-7.565405273437500000e+01 3.055015373229980469e+01
-7.465645599365234375e+01 2.729041481018066406e+01
-9.639342308044433594e+00 -1.004708385467529297e+01
-6.206946182250976562e+01 6.886721134185791016e+00
1.671109199523925781e+01 4.947984695434570312e+01
2.757606315612792969e+01 -8.788887023925781250e+01
2.628754425048828125e+01 1.041667404174804688e+02
4.659915924072265625e+01 -7.710693359375000000e+01
1.715325355529785156e+01 5.861783218383789062e+01
1.281772232055664062e+01 -2.625015068054199219e+01
-3.922615051269531250e+01 -7.179172515869140625e+01
-7.892004489898681641e+00 2.165587234497070312e+01
2.884441566467285156e+01 -8.137982940673828125e+01
-8.848156738281250000e+01 2.437579154968261719e+01
-8.601509857177734375e+01 -3.475785064697265625e+01
3.539123153686523438e+01 7.306097412109375000e+01
2.921042060852050781e+01 -6.475025939941406250e+01
5.597573471069335938e+01 -9.979931831359863281e+00
4.858300018310546875e+01 -7.177682495117187500e+01
2.725334739685058594e+01 -9.733391571044921875e+01
-2.917850494384765625e+01 -2.990991973876953125e+01
-4.002371215820312500e+01 -5.796371841430664062e+01
-2.932698965072631836e+00 -4.460094451904296875e+01
2.507760429382324219e+01 -4.066322326660156250e+01
2.181458282470703125e+01 -1.024728698730468750e+02
2.289974594116210938e+01 -1.017613449096679688e+02
-9.047148895263671875e+01 -7.201830387115478516e+00
2.258115768432617188e+01 -8.704700469970703125e+01
4.190715026855468750e+01 -7.910340881347656250e+01
1.899336051940917969e+01 -5.340355682373046875e+01
4.253187561035156250e+01 -8.710054779052734375e+01
-3.514904785156250000e+01 -5.773281478881835938e+01
-5.902770519256591797e+00 1.434066963195800781e+01
-7.996883392333984375e+01 4.951195716857910156e+00
1.680345344543457031e+01 7.200946807861328125e+01
-6.214257812500000000e+01 -3.525296783447265625e+01
7.450992584228515625e+01 -4.066597366333007812e+01
-1.491405010223388672e+01 -5.768219375610351562e+01
2.815784645080566406e+01 -8.878447723388671875e+01
-6.518894958496093750e+01 4.135000610351562500e+01
-7.991509246826171875e+01 2.422405052185058594e+01
1.592647552490234375e+01 1.159741516113281250e+02
2.651936912536621094e+01 -9.321319580078125000e+01
3.049775314331054688e+01 -9.885000610351562500e+01
-3.715185546875000000e+01 -5.717295074462890625e+01
-4.151197433471679688e+01 -7.215824890136718750e+01
-3.618081808090209961e+00 -4.374935913085937500e+01
5.523525619506835938e+01 4.588807678222656250e+01
1.151384258270263672e+01 -1.035793838500976562e+02
6.039310836791992188e+01 -6.111733245849609375e+01
-4.358187866210937500e+01 -2.505381774902343750e+01
9.099308967590332031e+00 -7.655484771728515625e+01
-9.376969909667968750e+01 -1.794242668151855469e+01
-4.318789291381835938e+01 -4.315326309204101562e+01
2.881078529357910156e+01 -5.131086730957031250e+01
-8.933784484863281250e+00 -6.261147689819335938e+01
-1.371902370452880859e+01 2.021496009826660156e+01
-8.527029418945312500e+01 2.772154808044433594e+01
-1.826315116882324219e+01 2.042524528503417969e+01
-2.862276554107666016e+00 -4.777228927612304688e+01
-1.685105323791503906e+01 1.972928619384765625e+01
-5.396207427978515625e+01 3.254608869552612305e+00
2.907995414733886719e+01 -4.971096420288085938e+01
-1.675879859924316406e+01 -3.979427337646484375e+01
-3.761959075927734375e+01 -5.368518829345703125e+01
2.236997604370117188e+01 1.086063537597656250e+02
2.255873680114746094e+01 -5.739764785766601562e+01
-4.131013107299804688e+01 -4.484144210815429688e+01
5.883027076721191406e+00 9.401988220214843750e+01
2.187420272827148438e+01 1.089884033203125000e+02
1.537739372253417969e+01 1.222194061279296875e+02
3.366918563842773438e+01 -7.774552917480468750e+01
2.343999671936035156e+01 -5.438619613647460938e+01
-6.711362457275390625e+01 1.665036582946777344e+01
1.062295436859130859e+01 -7.616992187500000000e+01
4.514986419677734375e+01 1.160340785980224609e+01
5.878015995025634766e+00 -9.246711730957031250e+01
-9.441291809082031250e+01 -2.072495269775390625e+01
5.391268920898437500e+01 -6.437831878662109375e+01
-3.033816909790039062e+01 -2.884407043457031250e+01
-6.272880935668945312e+01 3.408174991607666016e+00
1.846825027465820312e+01 -6.194515228271484375e+00
-9.749482727050781250e+01 -8.672250747680664062e+00
7.757369995117187500e+01 -4.298969650268554688e+01
3.379961013793945312e+01 7.638780975341796875e+01
1.418780231475830078e+01 -7.817665863037109375e+01
-5.874029636383056641e+00 1.435334014892578125e+01
-4.299748229980468750e+01 -4.957964324951171875e+01
-9.148583984375000000e+01 2.048877525329589844e+01
2.340879249572753906e+01 3.368916749954223633e+00
-5.981085205078125000e+01 7.374050140380859375e+00
2.285516738891601562e+01 -5.355069732666015625e+01
-9.177636718750000000e+01 1.906426429748535156e+01
4.203573226928710938e+01 8.111396026611328125e+01
-2.861558914184570312e+01 -6.493763732910156250e+01
-5.361197662353515625e+01 -3.119292449951171875e+01
8.591902732849121094e+00 1.179904174804687500e+02
-2.430528259277343750e+01 7.252964782714843750e+01
-3.815332794189453125e+01 2.745598602294921875e+01
2.133635902404785156e+01 -8.252781677246093750e+01
2.391492080688476562e+01 1.148322448730468750e+02
-5.061351394653320312e+01 3.539176177978515625e+01
1.922857475280761719e+01 1.205042419433593750e+02
2.606708717346191406e+01 3.784200286865234375e+01
-3.293383836746215820e+00 -4.588668823242187500e+01
1.831421661376953125e+01 1.004486618041992188e+02
-6.210984420776367188e+01 7.173699378967285156e+00
7.174156188964843750e+01 -3.787079238891601562e+01
-4.159162139892578125e+01 -4.790647888183593750e+01
-2.546372222900390625e+01 -6.168172073364257812e+01
-3.769075775146484375e+01 -6.246132659912109375e+01
-1.231547355651855469e+01 7.632521629333496094e+00
-3.480745315551757812e+01 -3.536760711669921875e+01
1.024614620208740234e+01 6.379930973052978516e+00
-8.744131088256835938e+00 2.170651626586914062e+01
3.115268707275390625e+01 1.164575271606445312e+02
2.215101432800292969e+01 -2.670248413085937500e+01
1.671119117736816406e+01 -8.635681152343750000e+01
-6.314409637451171875e+01 -3.722911071777343750e+01
1.365609169006347656e+01 1.092817916870117188e+02
-3.659089279174804688e+01 -7.525502014160156250e+01
-4.166511154174804688e+01 2.582757377624511719e+01
-1.219599056243896484e+01 -6.157496643066406250e+01
6.698554229736328125e+01 -5.462213516235351562e+01
-7.532551574707031250e+01 -2.021623802185058594e+01
1.547468948364257812e+01 8.233525848388671875e+01
2.556732940673828125e+01 -8.409307861328125000e+01
6.317726135253906250e+01 -5.917153930664062500e+01
2.103099822998046875e+01 -5.608592605590820312e+01
1.928999519348144531e+01 -7.406811523437500000e+01
3.361864852905273438e+01 6.182306289672851562e+01
1.072269821166992188e+01 5.938512802124023438e+01
-2.433664321899414062e+01 8.664280700683593750e+01
-4.046974945068359375e+01 -4.452565383911132812e+01
-7.173487091064453125e+01 -2.425064086914062500e+01
-8.156640625000000000e+01 -5.227876663208007812e+00
7.052975463867187500e+01 -5.050916290283203125e+01
-4.880675506591796875e+01 -5.861536407470703125e+01
1.987270355224609375e+01 -2.471261024475097656e+01
-2.143719482421875000e+01 -7.129428982734680176e-01
4.050666427612304688e+01 9.105834007263183594e+00
2.459807205200195312e+01 -5.187797164916992188e+01
3.953163909912109375e+01 1.100909881591796875e+02
2.435337257385253906e+01 -8.739675903320312500e+01
8.121689796447753906e+00 1.195319061279296875e+02
-7.702254486083984375e+01 1.321589279174804688e+01
-3.936927413940429688e+01 -5.936606979370117188e+01
-6.225521469116210938e+01 -3.975718688964843750e+01
4.390739059448242188e+01 1.005365180969238281e+01
-2.538618469238281250e+01 -4.256352615356445312e+01
-4.058664321899414062e+01 -7.095554351806640625e+01
-9.027529716491699219e+00 1.960365867614746094e+01
1.412027740478515625e+01 8.471445465087890625e+01
8.002799224853515625e+01 -4.510760116577148438e+01
1.557864952087402344e+01 1.097332763671875000e+02
4.402886199951171875e+01 5.924710750579833984e+00
3.168418693542480469e+01 1.230113677978515625e+02
3.668651580810546875e+01 7.399653625488281250e+01
-1.704351043701171875e+01 -3.918746185302734375e+01
2.338188362121582031e+01 1.222585105895996094e+01
4.605894565582275391e+00 1.177646636962890625e+02
-7.668704223632812500e+01 -2.613813209533691406e+01
2.540337753295898438e+01 1.112034606933593750e+02
-6.776084899902343750e+01 -2.319755935668945312e+01
-3.450099182128906250e+01 -7.207205200195312500e+01
1.643026161193847656e+01 1.100879364013671875e+02
-8.966632843017578125e+01 1.334923362731933594e+01
1.154660892486572266e+01 9.188830566406250000e+01
1.991977119445800781e+01 -1.951635360717773438e+01
-7.580993652343750000e+01 3.019681549072265625e+01
-3.848661422729492188e+01 -6.668292999267578125e+01
-3.556406784057617188e+01 -6.856660461425781250e+01
2.550733947753906250e+01 -5.458777618408203125e+01
3.394865417480468750e+01 -9.562017059326171875e+01
5.116878890991210938e+01 9.049585342407226562e+00
5.024944686889648438e+01 -1.204720973968505859e+01
-7.402924346923828125e+01 4.029202270507812500e+01
4.624893951416015625e+01 -8.374807739257812500e+01
-3.733076858520507812e+01 -5.862510299682617188e+01
5.597932052612304688e+01 -1.057955837249755859e+01
-9.712831878662109375e+01 1.350573253631591797e+01
5.592586517333984375e+00 -2.515908813476562500e+01
3.776456832885742188e+01 -7.091847991943359375e+01
-2.210335731506347656e+01 -5.658265686035156250e+01
1.528643321990966797e+01 -7.745787811279296875e+01
3.023325443267822266e+00 -8.476222229003906250e+01
-3.179730987548828125e+01 -6.529238128662109375e+01
5.973796463012695312e+01 8.974125862121582031e+00
-5.252491760253906250e+01 -5.553081130981445312e+01
-5.374494934082031250e+01 3.340436697006225586e+00
-3.295471954345703125e+01 -6.874224853515625000e+01
7.175624084472656250e+01 -4.654132461547851562e+01
7.478114318847656250e+01 -4.259749221801757812e+01
-5.476545333862304688e+01 -2.498528480529785156e+00
-2.681225204467773438e+01 -4.302111053466796875e+01
4.211098480224609375e+01 8.703504180908203125e+01
2.081456947326660156e+01 7.189127349853515625e+01
4.533426666259765625e+01 -5.803600311279296875e+01
2.383381843566894531e+01 8.689190673828125000e+01
-4.692090225219726562e+01 3.219501495361328125e+01
-3.617287063598632812e+01 2.765461444854736328e+00
3.293923950195312500e+01 -1.027337341308593750e+02
-6.537821960449218750e+01 -3.746596908569335938e+01
2.799261665344238281e+01 -5.194960784912109375e+01
1.012253952026367188e+01 -1.682490921020507812e+01
-3.885583496093750000e+01 -5.650776290893554688e+01
4.971574306488037109e+00 -1.398862552642822266e+01
-3.714264678955078125e+01 4.457364273071289062e+01
-8.819403839111328125e+01 2.161016082763671875e+01
-7.006055450439453125e+01 -1.941586685180664062e+01
-2.785365867614746094e+01 -6.524983215332031250e+01
1.569157695770263672e+01 1.217463073730468750e+02
-4.333939743041992188e+01 -4.779338073730468750e+01
-3.699425125122070312e+01 -6.892481994628906250e+01
-4.083221435546875000e+01 -4.775094604492187500e+01
-6.637849426269531250e+01 8.782232284545898438e+00
-5.135345840454101562e+01 -5.817573547363281250e+01
7.106218719482421875e+01 -4.010856246948242188e+01
-3.852911710739135742e+00 -3.935487747192382812e+01
-7.923234558105468750e+01 -6.455765724182128906e+00
1.600434684753417969e+01 8.905829620361328125e+01
1.773410034179687500e+01 1.175102157592773438e+02
4.971330261230468750e+01 -3.906820678710937500e+01
6.450171661376953125e+01 2.418811798095703125e+01
-6.342165756225585938e+01 2.443460226058959961e+00
4.708139419555664062e+01 -8.319000244140625000e+01
-3.908739089965820312e+01 -4.333325576782226562e+01
-3.576044464111328125e+01 -5.491670608520507812e+01
1.980588340759277344e+01 4.797399139404296875e+01
-3.957735443115234375e+01 -7.102165222167968750e+01
4.956709671020507812e+01 -8.321891784667968750e+01
-4.399020385742187500e+01 -4.341273498535156250e+01
-5.908781051635742188e+01 -1.936002159118652344e+01
2.387965393066406250e+01 1.164218673706054688e+02
3.333254623413085938e+01 6.135032653808593750e+01
2.759843635559082031e+01 -8.735633087158203125e+01
4.327452468872070312e+01 -1.771443939208984375e+01
-1.137530231475830078e+01 -6.187208557128906250e+01
2.012419319152832031e+01 1.123190994262695312e+02
5.100924301147460938e+01 -8.525542449951171875e+01
2.542557907104492188e+01 1.117756500244140625e+02
1.345543479919433594e+01 -1.033220138549804688e+02
4.031985092163085938e+01 -4.556583023071289062e+01
-1.532883739471435547e+01 1.021156597137451172e+01
2.546525192260742188e+01 9.874605560302734375e+01
-6.090219497680664062e+01 -3.691547775268554688e+01
2.263909339904785156e+01 1.287980365753173828e+01
-4.301544189453125000e+01 1.430188369750976562e+01
-3.940935134887695312e+01 2.959802055358886719e+01
5.167590332031250000e+01 -2.624881744384765625e+01
-3.676085662841796875e+01 -7.250549316406250000e+01
-3.627442932128906250e+01 -6.167062377929687500e+01
-8.307360076904296875e+01 1.710221672058105469e+01
3.933435821533203125e+01 9.346639251708984375e+01
-8.794177246093750000e+01 -5.074233531951904297e+00
1.775275039672851562e+01 3.293568849563598633e+00
5.983569335937500000e+01 -4.467200756072998047e+00
-8.775308609008789062e+00 -6.353808212280273438e+01
3.134836006164550781e+01 1.113755035400390625e+02
-5.282923889160156250e+01 -1.422316169738769531e+01
5.971826076507568359e+00 -9.075071716308593750e+01
-6.343270111083984375e+01 -2.370808982849121094e+01
2.754898643493652344e+01 -9.246745300292968750e+01
6.292049407958984375e+01 -4.712826919555664062e+01
-2.205446815490722656e+01 8.826396179199218750e+01
5.140810966491699219e+00 1.049252319335937500e+02
6.585723114013671875e+01 2.918417739868164062e+01
2.405830574035644531e+01 -4.669153213500976562e+01
-1.916035270690917969e+01 -2.106679344177246094e+01
-5.111763381958007812e+01 -5.321436309814453125e+01
-4.190067291259765625e+01 -6.077274703979492188e+01
1.776659393310546875e+01 3.218412637710571289e+00
1.589241695404052734e+01 -7.716344451904296875e+01
-3.166868019104003906e+01 -5.395771026611328125e+01
-4.560320663452148438e+01 3.086616134643554688e+01
2.351401710510253906e+01 -1.013897247314453125e+02
3.397117996215820312e+01 9.613288879394531250e+01
1.613425064086914062e+01 -1.019955825805664062e+02
6.679167938232421875e+01 2.594351387023925781e+01
3.486477661132812500e+01 -8.666865539550781250e+01
1.801465988159179688e+01 1.003896942138671875e+02
-2.892329788208007812e+01 -6.938431549072265625e+01
-7.851577758789062500e+01 -1.591883563995361328e+01
-3.683168029785156250e+01 4.585387420654296875e+01
-3.309477233886718750e+01 4.456280517578125000e+01
-8.853713989257812500e+01 7.348509311676025391e+00
-8.108920288085937500e+01 -1.145012950897216797e+01
1.619575309753417969e+01 8.197689056396484375e+01
-2.884688377380371094e+01 3.520251083374023438e+01
3.411977767944335938e+01 1.130342960357666016e+01
5.848434448242187500e+01 4.784622573852539062e+01
5.408647155761718750e+01 9.165101051330566406e+00
-1.125140762329101562e+01 -1.481220340728759766e+01
3.042464637756347656e+01 -1.000309066772460938e+02
-1.747510337829589844e+01 1.345179677009582520e+00
1.242056274414062500e+01 -1.019381256103515625e+02
1.479045963287353516e+01 8.461251831054687500e+01
-6.343913650512695312e+01 -3.213862991333007812e+01
-1.684040069580078125e+01 -4.068451309204101562e+01
2.346714973449707031e+01 -4.449736022949218750e+01
-3.064580917358398438e+01 1.957125473022460938e+01
1.776952362060546875e+01 4.436709976196289062e+01
2.744634628295898438e+01 -8.088261413574218750e+01
-1.139914989471435547e+00 1.505714511871337891e+01
-4.168970108032226562e+01 -5.758170700073242188e+01
5.373764419555664062e+01 -4.783575820922851562e+01
2.652505683898925781e+01 -8.827874755859375000e+01
-2.293184852600097656e+01 -6.808399200439453125e+01
4.212809753417968750e+01 -7.081576538085937500e+01
-2.671491050720214844e+01 7.774565887451171875e+01
-7.518643188476562500e+01 -3.408621978759765625e+01
1.001196861267089844e+01 1.209140014648437500e+02
1.356178665161132812e+01 5.792198181152343750e+01
3.140052413940429688e+01 1.047867126464843750e+02
6.164540767669677734e+00 -1.980153083801269531e+01
3.494264602661132812e+00 3.035737991333007812e+01
7.065039825439453125e+01 -4.448430633544921875e+01
-8.573604583740234375e+01 3.317181777954101562e+01
4.911843872070312500e+01 -8.200267791748046875e+01
-6.672661590576171875e+01 1.370600891113281250e+01
-7.970292663574218750e+01 -1.678657150268554688e+01
5.739419174194335938e+01 -6.203553009033203125e+01
1.843104934692382812e+01 -4.823917770385742188e+01
-3.982028579711914062e+01 -4.458025360107421875e+01
2.540560722351074219e+01 -4.643847274780273438e+01
-4.123500442504882812e+01 -7.316960144042968750e+01
-2.246499252319335938e+01 7.194545745849609375e+00
-2.798354148864746094e+01 1.537896633148193359e+00
5.353253936767578125e+01 -4.030952453613281250e+01
-5.656422424316406250e+01 6.304746150970458984e+00
-6.009316635131835938e+01 4.029008865356445312e+00
3.369638681411743164e+00 1.277532672882080078e+01
-2.001241874694824219e+01 -2.717354583740234375e+01
-4.067529296875000000e+01 1.109597682952880859e+01
-8.152663421630859375e+01 2.269939231872558594e+01
5.251866531372070312e+01 -8.201503753662109375e+01
1.350458049774169922e+01 -2.581690788269042969e+01
-6.607261657714843750e+01 -3.860976409912109375e+01
-1.213980102539062500e+01 -5.814131927490234375e+01
2.478471946716308594e+01 9.194142150878906250e+01
-5.893091583251953125e+01 -2.401810073852539062e+01
-1.663793373107910156e+01 7.713183593750000000e+01
-1.795856666564941406e+01 -4.069594955444335938e+01
1.188634109497070312e+01 1.120103149414062500e+02
-3.839705276489257812e+01 3.371741485595703125e+01
2.494731521606445312e+01 -9.920584106445312500e+01
2.459850883483886719e+01 1.091979141235351562e+02
-3.354458618164062500e+01 -7.072431182861328125e+01
3.220734024047851562e+01 -7.812476348876953125e+01
-5.701199340820312500e+01 1.162620067596435547e+01
-6.772055816650390625e+01 1.728089904785156250e+01
1.150056076049804688e+01 -1.066776351928710938e+02
3.454417037963867188e+01 8.125144195556640625e+01
9.479613304138183594e+00 -2.743631935119628906e+01
-9.675600433349609375e+01 -1.028872299194335938e+01
-2.164683341979980469e+01 1.351096820831298828e+01
-4.652078628540039062e+01 -1.988476753234863281e+01
3.960800552368164062e+01 -7.910545349121093750e+01
-3.461962890625000000e+01 -7.039510345458984375e+01
9.048450469970703125e+00 5.686132812500000000e+01
3.433068466186523438e+01 9.121864318847656250e+01
-1.067178153991699219e+01 -1.421640682220458984e+01
-4.029735946655273438e+01 -4.345002365112304688e+01
2.706697845458984375e+01 -7.248512268066406250e+01
-2.091983413696289062e+01 5.837790679931640625e+01
2.262801742553710938e+01 1.263319396972656250e+02
3.717847061157226562e+01 2.416213989257812500e+01
-8.567832946777343750e+01 2.522163009643554688e+01
-4.284954071044921875e+01 1.935967063903808594e+01
5.462398910522460938e+01 -5.538829326629638672e+00
5.109016418457031250e+01 8.817378997802734375e+00
-6.735322570800781250e+01 1.303594207763671875e+01
-8.182419586181640625e+01 -1.766811943054199219e+01
5.259539031982421875e+01 -3.726935958862304688e+01
-1.815758514404296875e+01 1.941712379455566406e+01
-7.285445404052734375e+01 2.802245140075683594e+01
-3.170688629150390625e+01 4.756420898437500000e+01
-7.906471729278564453e+00 -6.261923980712890625e+01
-2.606572628021240234e+00 -3.158786892890930176e-01
2.034557914733886719e+01 -5.651987457275390625e+01
3.217568588256835938e+01 -1.023887481689453125e+02
1.262055110931396484e+01 1.094085388183593750e+02
1.526763725280761719e+01 -9.762591552734375000e+01
-1.384567356109619141e+01 2.456995582580566406e+01
2.792853164672851562e+01 -4.883797454833984375e+01
2.010736656188964844e+01 -1.010012283325195312e+02
-2.488530576229095459e-01 1.431498908996582031e+01
1.107352447509765625e+01 1.446366310119628906e+01
-3.584570693969726562e+01 -5.331721782684326172e+00
-7.047237396240234375e+01 -2.916847991943359375e+01
-8.622085571289062500e+01 -3.670607376098632812e+01
-9.165225982666015625e+01 2.342771911621093750e+01
-9.129847717285156250e+01 -3.131738281250000000e+01
4.268459320068359375e+01 -5.945053482055664062e+01
2.396514701843261719e+01 6.278197097778320312e+01
-5.678807830810546875e+01 -2.987736892700195312e+01
2.309954261779785156e+01 3.579640626907348633e+00
1.123749828338623047e+01 1.119117889404296875e+02
2.750017547607421875e+01 8.598016357421875000e+01
9.103495597839355469e+00 9.469385528564453125e+01
-6.890318298339843750e+01 -3.288508224487304688e+01
-5.170182418823242188e+01 1.507571816444396973e+00
8.649054527282714844e+00 1.130075836181640625e+02
2.802483558654785156e+01 -5.222423553466796875e+01
4.052619934082031250e+01 8.222493743896484375e+01
-4.449045562744140625e+01 -4.342807006835937500e+01
7.666003704071044922e+00 6.603686809539794922e+00
5.234815597534179688e+01 4.473418426513671875e+01
-6.049189376831054688e+01 1.109889507293701172e+01
-1.600163650512695312e+01 -4.116985702514648438e+01
4.468648147583007812e+01 -6.381835174560546875e+01
-7.335494995117187500e+01 -1.635226440429687500e+01
2.972680807113647461e+00 -9.725424194335937500e+01
7.979701042175292969e+00 -9.754409790039062500e+01
-9.369502258300781250e+01 -2.143239974975585938e+01
3.842562484741210938e+01 8.495834350585937500e+01
1.381080436706542969e+01 9.094667053222656250e+01
-6.449365997314453125e+01 -3.946556091308593750e+01
-4.070164489746093750e+01 -7.569662475585937500e+01
4.829183578491210938e+01 -8.383174896240234375e+01
1.033981227874755859e+01 -1.028337249755859375e+02
-3.801443099975585938e+01 4.156043243408203125e+01
3.750561523437500000e+01 7.183912658691406250e+01
-7.863503098487854004e-01 -4.581224822998046875e+01
-1.272575092315673828e+01 -6.421257019042968750e+01
-8.625593185424804688e+00 -1.599224853515625000e+01
-8.487617492675781250e+01 1.470296955108642578e+01
-1.677653789520263672e+00 -6.046638488769531250e+01
2.289823913574218750e+01 -5.532209396362304688e+01
-5.302692794799804688e+01 1.020321559906005859e+01
-6.575849151611328125e+01 1.117800807952880859e+01
-3.512767028808593750e+01 -7.147673797607421875e+01
2.609818077087402344e+01 1.086291122436523438e+02
6.591997146606445312e+00 1.238859176635742188e+01
7.322167205810546875e+01 -4.020145034790039062e+01
-2.566773295402526855e-01 3.618028259277343750e+01
-5.626818847656250000e+01 9.612278938293457031e+00
-1.227544021606445312e+01 -2.935366439819335938e+01
3.767683792114257812e+01 2.649458122253417969e+01
1.650241088867187500e+01 -2.773042297363281250e+01
-6.074710083007812500e+01 -2.708622932434082031e+01
-4.074263763427734375e+01 2.451424360275268555e+00
4.783348083496093750e+01 -7.672260284423828125e+01
2.016492652893066406e+01 -5.845283889770507812e+01
-3.060335350036621094e+01 1.331915664672851562e+01
-1.278854370117187500e+01 6.090155029296875000e+01
3.315127182006835938e+01 4.213891983032226562e+01
8.468829154968261719e+00 1.171028900146484375e+02
4.509912109375000000e+01 -5.800514602661132812e+01
2.774894714355468750e+01 -1.038186111450195312e+02
-5.493675994873046875e+01 -2.787788772583007812e+01
-5.389984130859375000e+01 1.502541828155517578e+01
5.101036548614501953e+00 -9.735742950439453125e+01
1.319865703582763672e+01 8.829072570800781250e+01
3.941896438598632812e+01 4.381748199462890625e+00
5.762342453002929688e+01 -1.059564018249511719e+01
-3.135146331787109375e+01 7.728159332275390625e+01
1.227189826965332031e+01 9.826836395263671875e+01
2.084798431396484375e+01 7.261084747314453125e+01
-2.652968978881835938e+01 -7.678533935546875000e+01
-2.119199752807617188e+00 1.209228610992431641e+01
-7.119249725341796875e+01 -8.995723724365234375e+00
5.490136718750000000e+01 2.818271064758300781e+01
-6.460827636718750000e+01 7.340379238128662109e+00
7.398989868164062500e+01 -4.856021881103515625e+01
-4.890671920776367188e+01 -1.956746816635131836e+00
2.050077819824218750e+01 -9.120226287841796875e+01
-7.465518188476562500e+01 -9.736906051635742188e+00
-3.272852706909179688e+01 1.129784965515136719e+01
-2.779926061630249023e+00 -6.769402313232421875e+01
1.888490867614746094e+01 5.547700500488281250e+01
-1.327833747863769531e+01 2.778825187683105469e+01
-1.753539276123046875e+01 1.096351432800292969e+01
5.158592987060546875e+01 -8.290560150146484375e+01
1.304789638519287109e+01 4.800196456909179688e+01
1.222843456268310547e+01 1.166371917724609375e+02
-6.231671524047851562e+01 1.588212394714355469e+01
9.303120613098144531e+00 7.144159793853759766e+00
1.407693290710449219e+01 8.867918395996093750e+01
2.111598777770996094e+01 5.018041229248046875e+01
-4.034121704101562500e+01 -4.323341369628906250e+01
-2.535826873779296875e+01 -4.131596374511718750e+01
2.143212890625000000e+01 7.288402557373046875e+01
-1.603548049926757812e+01 2.776346778869628906e+01
-3.555461645126342773e+00 2.105865287780761719e+01
1.281176853179931641e+01 9.581170654296875000e+01
9.004488587379455566e-01 9.916510581970214844e+00
-9.995243072509765625e+00 1.710721015930175781e+01
4.929447937011718750e+01 5.816058158874511719e+00
-1.547020339965820312e+01 -4.167437362670898438e+01
-5.728718566894531250e+01 3.445964431762695312e+01
2.027120971679687500e+01 -8.499711608886718750e+01
-9.723560333251953125e+01 1.332468318939208984e+01
-3.253853988647460938e+01 7.046963691711425781e+00
4.492482757568359375e+01 4.989964663982391357e-01
-2.793798065185546875e+01 -5.866112232208251953e+00
-7.865359497070312500e+01 2.688894081115722656e+01
-3.601389312744140625e+01 -6.260285949707031250e+01
4.786202239990234375e+01 6.713589477539062500e+01
-4.444906234741210938e+01 -5.717084121704101562e+01
1.840839767456054688e+01 9.287006378173828125e+01
-7.496994781494140625e+01 -3.061644744873046875e+01
8.324217224121093750e+01 -4.112928771972656250e+01
1.202495193481445312e+01 -8.699696350097656250e+01
2.551402854919433594e+01 7.636949920654296875e+01
-9.376304626464843750e+01 -2.511548042297363281e+01
-8.663801574707031250e+01 2.485443496704101562e+01
-6.197192001342773438e+01 2.171159362792968750e+01
-2.959302520751953125e+01 -7.377055358886718750e+01
1.463189792633056641e+01 -8.653648376464843750e+01
-1.067208385467529297e+01 1.508697891235351562e+01
-1.686327743530273438e+01 -1.719043159484863281e+01
-5.143639755249023438e+01 2.075006294250488281e+01
-5.285119533538818359e+00 -3.414272689819335938e+01
2.339618492126464844e+01 -9.726279449462890625e+01
-8.901641845703125000e+00 -1.914685630798339844e+01
2.456341934204101562e+01 1.208701400756835938e+02
1.923973083496093750e+01 4.650393295288085938e+01
8.008649826049804688e+00 4.223038673400878906e+00
3.553586721420288086e+00 3.883343935012817383e+00
1.954443931579589844e+01 1.000381774902343750e+02
3.692818832397460938e+01 -8.274985504150390625e+01
-6.211058044433593750e+01 9.323942184448242188e+00
1.948804092407226562e+01 -3.467374324798583984e+00
5.266980743408203125e+01 -3.428421783447265625e+01
1.519186592102050781e+01 -1.070859603881835938e+02
2.626383972167968750e+01 7.331427001953125000e+01
-1.225272297859191895e+00 -2.997351074218750000e+01
1.378724288940429688e+01 -9.695351409912109375e+01
-5.739041900634765625e+01 -3.679868698120117188e+00
3.782913970947265625e+01 -1.565898513793945312e+01
-3.754344558715820312e+01 4.174214935302734375e+01
3.650524139404296875e+01 8.861345672607421875e+01
-5.350961685180664062e+01 5.069650650024414062e+01
-2.943886756896972656e+01 -6.113256072998046875e+01
3.971553421020507812e+01 -1.825133705139160156e+01
2.038430213928222656e+01 1.801996994018554688e+01
-7.767865180969238281e+00 -6.537658691406250000e+01
-1.755319595336914062e+01 7.805336761474609375e+01
4.413581466674804688e+01 1.386754131317138672e+01
-1.047738838195800781e+01 -8.240243911743164062e+00
-4.005532073974609375e+01 4.896836853027343750e+01
3.217597198486328125e+01 2.486018180847167969e+01
-3.724690246582031250e+01 -7.097360229492187500e+01
4.455860519409179688e+01 -4.877730178833007812e+01
-3.699477386474609375e+01 9.231531143188476562e+00
1.339670372009277344e+01 -8.373162841796875000e+01
-4.464876937866210938e+01 -4.222745418548583984e+00
-8.802623748779296875e+00 -9.864821434020996094e+00
-2.796367645263671875e+01 7.953043365478515625e+01
1.143212318420410156e+01 1.186926879882812500e+02
1.612729263305664062e+01 4.802355575561523438e+01
5.967470169067382812e+01 9.014653205871582031e+00
4.759313964843750000e+01 -5.293997573852539062e+01
-5.753907775878906250e+01 5.520833969116210938e+00
2.017374610900878906e+01 -4.597592163085937500e+01
-8.481201934814453125e+01 -2.262355995178222656e+01
-5.951239013671875000e+01 1.006822586059570312e+01
-7.540872955322265625e+01 -2.012776374816894531e+01
-5.727075576782226562e+01 1.144739723205566406e+01
-7.330220794677734375e+01 2.801562881469726562e+01
-5.744061946868896484e+00 -4.266395092010498047e+00
-1.439074325561523438e+01 -8.683020591735839844e+00
-3.522060394287109375e+01 -5.576802062988281250e+01
-6.665734100341796875e+01 3.885578393936157227e+00
1.198358345031738281e+01 -8.005969047546386719e+00
1.172798061370849609e+01 1.968811035156250000e+01
-3.110499382019042969e+01 7.546307086944580078e+00
7.031801223754882812e+00 -2.057567024230957031e+01
-3.256095504760742188e+01 -7.209410858154296875e+01
-3.824208831787109375e+01 1.308569622039794922e+01
6.333565711975097656e+00 6.457747459411621094e+00
-3.120355606079101562e+01 6.890901947021484375e+01
-2.109875297546386719e+01 -3.929119491577148438e+01
-4.358834075927734375e+01 1.477237510681152344e+01
1.116874885559082031e+01 4.949139022827148438e+01
-2.372681427001953125e+01 7.152537345886230469e+00
-2.954217338562011719e+01 -6.682184600830078125e+01
3.664677810668945312e+01 -6.480768585205078125e+01
4.316392898559570312e+01 4.640776634216308594e+00
1.231010818481445312e+01 -7.561264801025390625e+01
8.545995712280273438e+00 -1.367907905578613281e+01
2.189413261413574219e+01 1.093524169921875000e+01
1.551593780517578125e+01 -9.735197448730468750e+01
-4.516443252563476562e+01 7.235520839691162109e+00
-2.825028610229492188e+01 -3.694369506835937500e+01
-2.404504966735839844e+01 -3.750354003906250000e+01
-8.302622222900390625e+01 1.709292984008789062e+01
3.564127731323242188e+01 -8.316227722167968750e+01
-2.174500083923339844e+01 -2.759807395935058594e+01
-4.128401184082031250e+01 -4.405198287963867188e+01
1.479802799224853516e+01 5.857505416870117188e+01
-3.672968292236328125e+01 -6.419449615478515625e+01
-2.939036369323730469e+01 -1.839706993103027344e+01
-2.702123260498046875e+01 -4.088764190673828125e+01
5.444419860839843750e+01 2.115477371215820312e+01
2.445536041259765625e+01 -5.015070343017578125e+01
2.825507736206054688e+01 -5.009103393554687500e+01
-1.813349914550781250e+01 -2.069217681884765625e+01
4.579816055297851562e+01 -7.466360473632812500e+01
-9.581187438964843750e+01 -1.828308486938476562e+01
3.618264007568359375e+01 -8.750537872314453125e+01
1.384693908691406250e+01 5.458984756469726562e+01
-5.483280944824218750e+01 1.020940113067626953e+01
-5.741260528564453125e+01 1.984560775756835938e+01
9.007347106933593750e+00 1.195016708374023438e+02
6.997583770751953125e+01 -3.935379028320312500e+01
-4.126655578613281250e+01 -1.267978286743164062e+01
2.662027359008789062e+01 2.465325164794921875e+01
4.935943603515625000e+00 1.053486022949218750e+02
2.149255752563476562e+01 -2.213686561584472656e+01
-2.037361383438110352e+00 -1.829586410522460938e+01
1.608162879943847656e+01 -5.962395095825195312e+01
4.109952926635742188e+01 -6.051961517333984375e+01
2.758011817932128906e+01 1.088554763793945312e+02
6.012503814697265625e+01 4.743960571289062500e+01
-2.897007179260253906e+01 7.599799346923828125e+01
5.160233306884765625e+01 -3.499488067626953125e+01
1.656283760070800781e+01 1.020018920898437500e+02
-2.932186508178710938e+01 6.800441741943359375e+01
-2.331244468688964844e+01 1.615406036376953125e+01
-3.015401268005371094e+01 -1.858645248413085938e+01
-6.386181640625000000e+01 -4.000614166259765625e+00
-8.616959571838378906e+00 2.549253845214843750e+01
3.649109268188476562e+01 2.615165328979492188e+01
4.588341140747070312e+01 -3.933988189697265625e+01
2.883126640319824219e+01 8.380756378173828125e+01
-4.268831253051757812e+00 2.247781753540039062e+01
-4.079548835754394531e+00 4.648299026489257812e+01
-3.013955497741699219e+01 -1.868874073028564453e+00
2.666643142700195312e+01 2.464282798767089844e+01
1.245015907287597656e+01 8.532092285156250000e+01
7.819996356964111328e+00 8.797086334228515625e+01
-6.944944381713867188e+00 2.858553886413574219e+01
-3.784324264526367188e+01 -7.173203277587890625e+01
-8.518807411193847656e+00 -1.731072425842285156e+01
5.026977157592773438e+01 -4.235616683959960938e+01
7.008588409423828125e+01 -3.810972213745117188e+01
-3.215100479125976562e+01 -6.115338134765625000e+01
4.725953292846679688e+01 7.064019775390625000e+01
-4.418171691894531250e+01 -1.597703552246093750e+01
-6.206741333007812500e+00 2.127993202209472656e+01
-3.462930679321289062e+01 -1.401201915740966797e+01
-6.811002349853515625e+01 -9.703797340393066406e+00
-6.222402191162109375e+01 -3.622374725341796875e+01
1.524128818511962891e+01 8.001512908935546875e+01
-1.863887405395507812e+01 1.256522083282470703e+01
-8.853741455078125000e+01 -2.088589096069335938e+01
2.100836181640625000e+01 8.228281402587890625e+01
1.050638771057128906e+01 9.477599334716796875e+01
-4.209221267700195312e+01 -6.992408752441406250e+01
3.256192779541015625e+01 7.062260437011718750e+01
2.249640083312988281e+01 -4.456324386596679688e+01
-7.650077342987060547e-02 1.202396774291992188e+01
-1.000032806396484375e+02 -2.076939964294433594e+01
1.754365348815917969e+01 4.907666778564453125e+01
1.278500270843505859e+01 -2.697380256652832031e+01
4.792840576171875000e+01 -4.602402877807617188e+01
-1.041613578796386719e+01 -1.665893173217773438e+01
2.868379783630371094e+01 1.052976379394531250e+02
-3.909423828125000000e+01 -1.805359077453613281e+01
1.972898292541503906e+01 -5.114598464965820312e+01
-3.675915527343750000e+01 4.834277725219726562e+01
-7.541335296630859375e+01 -3.012000274658203125e+01
1.521350955963134766e+01 1.104463291168212891e+01
1.293477267026901245e-01 2.068038940429687500e+01
-2.875416183471679688e+01 8.435680389404296875e+01
-4.934101581573486328e+00 -4.909691238403320312e+01
-8.961849212646484375e+01 2.870081329345703125e+01
-2.737051200866699219e+01 4.147454452514648438e+01
1.664085769653320312e+01 -7.512521362304687500e+01
1.000416755676269531e+01 1.161149368286132812e+02
3.522668838500976562e+00 -4.880274963378906250e+01
-2.113073921203613281e+01 -2.323940086364746094e+01
-3.138442420959472656e+01 4.525319671630859375e+01
5.676458358764648438e+01 3.408119583129882812e+01
5.535817623138427734e+00 -2.808399772644042969e+01
-2.497139358520507812e+01 2.505581474304199219e+01
6.021369457244873047e+00 1.120128555297851562e+02
3.300435256958007812e+01 -8.209513854980468750e+01
5.499613952636718750e+01 1.058529090881347656e+01
3.895879364013671875e+01 -1.520679855346679688e+01
1.035989570617675781e+01 3.304012298583984375e+00
-4.079021453857421875e+01 -4.153214263916015625e+01
2.169693756103515625e+01 -5.255083465576171875e+01
6.839497089385986328e+00 7.214500308036804199e-01
-9.105973815917968750e+01 -2.120612716674804688e+01
-6.116590118408203125e+01 -3.441378784179687500e+01
-5.205046081542968750e+01 1.507680416107177734e+01
-6.554051208496093750e+01 1.580768203735351562e+01
3.264043045043945312e+01 8.202731323242187500e+01
-5.890479278564453125e+01 -2.382874870300292969e+01
-9.849371337890625000e+01 -1.131738471984863281e+01
-6.133068847656250000e+01 -2.314553833007812500e+01
5.431964111328125000e+01 2.621898269653320312e+01
-1.702537345886230469e+01 -6.095085144042968750e+01
-8.816748046875000000e+01 2.108842658996582031e+01
-5.471237182617187500e+01 -2.543513536453247070e+00
-5.599002075195312500e+01 -2.820137977600097656e+01
1.180263996124267578e+01 -7.610229492187500000e+01
-3.511232435703277588e-01 5.631927871704101562e+01
-2.316895866394042969e+01 7.938629150390625000e+01
-1.402125358581542969e+01 -8.390669822692871094e+00
-3.208624422550201416e-01 -2.074558448791503906e+01
-3.742941665649414062e+01 5.105006408691406250e+01
-5.319537353515625000e+01 1.340854018926620483e-01
-2.344321250915527344e+01 3.219321250915527344e+00
-7.792256164550781250e+01 -1.114820957183837891e+01
1.219639110565185547e+01 9.253294372558593750e+01
-2.498591995239257812e+01 8.152877044677734375e+01
5.249834442138671875e+01 -2.333596801757812500e+01
-1.047312641143798828e+01 2.612743949890136719e+01
1.535359287261962891e+01 -8.644874572753906250e+01
1.172333717346191406e+01 1.026884689331054688e+02
-4.811231994628906250e+01 -1.575144767761230469e+00
-6.020745086669921875e+01 9.554405808448791504e-01
-4.614459609985351562e+01 3.129416275024414062e+01
-3.517790985107421875e+01 2.861701774597167969e+01
-6.802764129638671875e+01 -1.468262672424316406e+01
-3.272969055175781250e+01 -6.765200805664062500e+01
-6.292736053466796875e+01 -3.053289222717285156e+01
-7.246478271484375000e+01 -3.452427625656127930e+00
7.755727291107177734e+00 3.488568115234375000e+01
1.082869625091552734e+01 4.330862426757812500e+01
-2.806536102294921875e+01 2.610337066650390625e+01
-3.596539688110351562e+01 2.084395027160644531e+01
2.651513862609863281e+01 -5.041247177124023438e+01
-8.012684822082519531e+00 -5.001849746704101562e+01
1.888253450393676758e+00 2.617262840270996094e+01
9.274641036987304688e+00 5.820132732391357422e+00
-8.856938171386718750e+01 -2.970101737976074219e+01
5.010052490234375000e+01 -8.212619781494140625e+01
2.226545906066894531e+01 8.276032257080078125e+01
4.648252105712890625e+01 6.952175903320312500e+01
-5.376042175292968750e+01 -3.432994604110717773e+00
-2.433547019958496094e+01 2.223522949218750000e+01
5.787503719329833984e+00 3.730775833129882812e+00
-3.048225402832031250e+01 -2.683615112304687500e+01
-7.571766376495361328e+00 3.418188095092773438e+01
-5.975086975097656250e+01 -3.235703277587890625e+01
-3.590348482131958008e+00 -3.728145599365234375e+01
-4.722673416137695312e+01 2.723242378234863281e+01
1.243780422210693359e+01 1.055967712402343750e+01
4.983479309082031250e+01 5.682550048828125000e+01
-3.679381942749023438e+01 4.501281356811523438e+01
2.356573104858398438e+00 -8.727075576782226562e+00
5.558620452880859375e+01 -1.444516181945800781e+00
-1.857111167907714844e+01 6.329558181762695312e+01
1.533347892761230469e+01 -4.710626602172851562e+01
2.564882850646972656e+01 8.454321289062500000e+01
9.816412329673767090e-01 7.550080299377441406e+00
-2.239862251281738281e+01 -3.442658233642578125e+01
4.824559402465820312e+01 4.394510269165039062e+01
2.044492530822753906e+01 5.690313339233398438e+01
1.460201454162597656e+01 5.725008392333984375e+01
1.889931797981262207e+00 7.617344379425048828e+00
-3.539407730102539062e+01 -6.533485412597656250e+00
-3.837148666381835938e+01 -6.983104705810546875e+01
3.170918464660644531e+01 -7.438789367675781250e+01
2.418941307067871094e+01 1.468303489685058594e+01
-2.252312850952148438e+01 -5.718846893310546875e+01
-2.772898864746093750e+01 4.176293182373046875e+01
-2.168150901794433594e+01 7.960038757324218750e+01
1.006944179534912109e+01 1.143540668487548828e+01
1.634300041198730469e+01 -7.421054840087890625e+01
5.427832031250000000e+01 -8.521659088134765625e+01
-9.910796165466308594e+00 3.396407699584960938e+01
3.006477832794189453e+00 1.068476867675781250e+02
1.046046447753906250e+01 -1.749103164672851562e+01
-4.411818027496337891e+00 1.897314643859863281e+01
3.696419906616210938e+01 2.751039505004882812e+01
1.836739921569824219e+01 -8.785239410400390625e+01
-7.702072143554687500e+01 -1.135196304321289062e+01
3.146071243286132812e+01 1.715250968933105469e+01
6.824572086334228516e+00 1.169917373657226562e+02
2.020831108093261719e+01 7.825935363769531250e+01
-6.187918186187744141e+00 -2.725576210021972656e+01
-5.789652633666992188e+01 -1.969888877868652344e+01
-1.500539588928222656e+01 6.840805053710937500e+01
1.031119060516357422e+01 5.895061492919921875e+01
3.371826171875000000e+01 2.411795043945312500e+01
1.256465530395507812e+01 8.685236358642578125e+01
-2.087971687316894531e+00 1.379644680023193359e+01
5.153964233398437500e+01 -2.661019897460937500e+01
4.810856246948242188e+01 -8.825270080566406250e+01
-3.450947189331054688e+01 -8.485229492187500000e+00
2.909366798400878906e+01 -4.742704772949218750e+01
-9.164736175537109375e+01 -2.855895614624023438e+01
-8.278358459472656250e+00 8.172068786621093750e+01
1.654673004150390625e+01 7.892288208007812500e+01
-1.812561988830566406e+01 7.214530944824218750e+01
7.154547882080078125e+01 2.738154029846191406e+01
-2.417413330078125000e+01 7.050438690185546875e+01
-6.441902160644531250e+01 -4.089079284667968750e+01
2.005494880676269531e+01 -1.046039047241210938e+02
-1.583338642120361328e+01 1.344139289855957031e+01
6.828257560729980469e+00 4.619537353515625000e+01
-5.906015396118164062e+01 -3.271300792694091797e+00
-3.178454017639160156e+01 -6.309762954711914062e+01
6.780775070190429688e+00 -4.823824691772460938e+01
-5.435311126708984375e+01 7.906011104583740234e+00
6.129962801933288574e-01 -4.633211135864257812e+01
7.658174896240234375e+01 -3.718352508544921875e+01
5.118403434753417969e+00 4.237667846679687500e+01
5.093394088745117188e+01 -1.601501703262329102e-01
-9.891291046142578125e+01 -2.357116699218750000e+01
2.292399024963378906e+01 3.600904464721679688e+01
2.563204956054687500e+01 -1.009733428955078125e+02
3.444493484497070312e+01 -6.902142333984375000e+01
5.913074111938476562e+01 -4.078826904296875000e+01
-5.953067302703857422e+00 5.997686767578125000e+01
-3.791818237304687500e+01 -5.893740081787109375e+01
3.441747665405273438e+01 -4.954303359985351562e+01
-1.452957153320312500e+01 1.821890258789062500e+01
-2.868280220031738281e+01 3.115814208984375000e+01
-2.838024902343750000e+01 -7.221910095214843750e+01
3.344504833221435547e+00 1.065325164794921875e+02
-1.428020763397216797e+01 5.615481567382812500e+01
-8.167780303955078125e+01 -3.287988662719726562e+01
-5.056157684326171875e+01 3.274268341064453125e+01
-2.064655870199203491e-01 2.925097846984863281e+01
-4.680334472656250000e+01 -5.371991729736328125e+01
1.636290931701660156e+01 8.844563293457031250e+01
-3.772665405273437500e+01 -5.555110931396484375e+01
-5.626103973388671875e+01 -2.854602622985839844e+01
-7.150661945343017578e+00 -6.358455657958984375e+01
8.150998115539550781e+00 5.215156555175781250e+01
3.606275558471679688e+01 7.247221374511718750e+01
2.166236686706542969e+01 5.828722381591796875e+01
-3.480256652832031250e+01 -6.348108291625976562e+01
-3.114635467529296875e+01 2.740924835205078125e+01
9.905677795410156250e+00 6.215429306030273438e+00
7.076848149299621582e-01 -3.078153038024902344e+01
9.939088821411132812e+00 1.163966979980468750e+02
-7.180231475830078125e+01 -2.261873817443847656e+01
3.185121154785156250e+01 4.212253952026367188e+01
3.540522766113281250e+01 -6.590348815917968750e+01
-1.243878269195556641e+01 2.202811622619628906e+01
3.951335251331329346e-01 1.560747146606445312e+01
-2.466690635681152344e+01 -2.673548698425292969e+00
-3.779191374778747559e-01 -4.784902191162109375e+01
-1.963433074951171875e+01 -2.776371955871582031e+01
-4.570480823516845703e+00 9.968720674514770508e-01
4.574649429321289062e+01 7.370758533477783203e+00
-3.652272415161132812e+01 -7.748085021972656250e+01
-2.415352249145507812e+01 -3.953116607666015625e+01
2.487215995788574219e+01 -1.021849594116210938e+02
-8.743913269042968750e+01 2.403272819519042969e+01
-5.353012466430664062e+01 1.147592449188232422e+01
1.913444137573242188e+01 -9.533782005310058594e+00
-6.714752197265625000e+01 9.948578834533691406e+00
-5.038675689697265625e+01 -5.416186523437500000e+01
-2.476060390472412109e+00 -4.607487106323242188e+01
-9.317591094970703125e+01 -1.885154914855957031e+01
1.051933479309082031e+01 -7.446419525146484375e+01
-4.299934387207031250e+01 -7.172963714599609375e+01
3.492055511474609375e+01 4.575164413452148438e+01
1.118303108215332031e+01 4.268751144409179688e+01
-2.650704002380371094e+01 1.587277603149414062e+01
7.580834960937500000e+01 -4.113705062866210938e+01
-5.902233505249023438e+01 -2.830094909667968750e+01
-1.412532520294189453e+01 7.727631378173828125e+01
-6.339803695678710938e+01 -3.506611633300781250e+01
-7.730345916748046875e+01 3.336411714553833008e+00
-6.083404064178466797e+00 5.051409912109375000e+01
-1.150565385818481445e+00 4.894536972045898438e+01
-5.485080718994140625e+01 3.564614486694335938e+01
-1.907010459899902344e+01 8.887967681884765625e+01
9.403656959533691406e+00 1.014568176269531250e+02
-1.239448308944702148e+00 -1.281281375885009766e+01
-9.283043670654296875e+01 -1.523541545867919922e+01
-7.846849060058593750e+01 -1.036051273345947266e+01
-5.278939056396484375e+01 -3.335146713256835938e+01
-1.106519412994384766e+01 -4.068254947662353516e+00
2.986030197143554688e+01 -5.381406021118164062e+01
6.876806735992431641e+00 5.735860466957092285e-01
-4.174025726318359375e+01 -6.332782363891601562e+01
2.291575241088867188e+01 3.570336914062500000e+01
2.453518486022949219e+01 -4.152052879333496094e+00
-8.717994689941406250e+01 -3.768354654312133789e+00
4.001454544067382812e+01 1.092316055297851562e+02
1.291451454162597656e+01 5.893605422973632812e+01
-1.893981933593750000e+01 -1.543601322174072266e+01
-1.994862937927246094e+01 -8.716597557067871094e+00
-2.137561988830566406e+01 2.842609024047851562e+01
-7.729062080383300781e+00 -2.284765625000000000e+01
-1.353384780883789062e+01 -7.448164224624633789e-01
-4.076907348632812500e+01 -1.497701072692871094e+01
3.252021408081054688e+01 5.546507644653320312e+01
-1.817050743103027344e+01 -6.530600738525390625e+01
-6.394943237304687500e+01 -2.507475662231445312e+01
-1.133381557464599609e+01 1.758592414855957031e+01
-8.812092590332031250e+01 6.684541225433349609e+00
-1.705650329589843750e+01 -5.805286026000976562e+01
3.182360839843750000e+01 2.801658439636230469e+01
-5.980396270751953125e+00 5.403977870941162109e+00
-2.608005714416503906e+01 -2.528671455383300781e+01
5.303889083862304688e+01 -6.106359004974365234e+00
1.729700469970703125e+01 8.146049499511718750e+01
-2.653335952758789062e+01 8.463801574707031250e+01
1.773631858825683594e+01 7.020557403564453125e+01
-6.529992675781250000e+01 -3.195426940917968750e+01
1.165957641601562500e+01 3.178035974502563477e+00
-2.951408922672271729e-01 1.347169494628906250e+01
3.518449401855468750e+01 -7.804943847656250000e+01
-2.652491760253906250e+01 -7.680075836181640625e+01
-8.421955871582031250e+01 2.365528869628906250e+01
-1.286202812194824219e+01 7.547172307968139648e-01
-3.069600105285644531e+01 -2.277627563476562500e+01
-6.134976196289062500e+01 2.781661272048950195e+00
-5.455595016479492188e+00 9.275048828125000000e+01
-5.562791061401367188e+01 -8.931307792663574219e+00
7.833819389343261719e+00 8.797966003417968750e+01
-1.787134552001953125e+01 2.187984275817871094e+01
-4.021399974822998047e+00 -5.914128112792968750e+01
5.441973876953125000e+01 2.165130043029785156e+01
-2.597004318237304688e+01 7.857131958007812500e+01
1.938104057312011719e+01 -8.878154754638671875e+01
2.829151916503906250e+01 8.604660034179687500e+01
1.742634201049804688e+01 -7.681714630126953125e+01
9.369172096252441406e+00 -7.644606781005859375e+01
2.829704284667968750e+00 6.626475524902343750e+01
-1.844855189323425293e+00 -3.380722045898437500e+01
1.937912178039550781e+01 -9.271721649169921875e+01
1.159860801696777344e+01 7.945652770996093750e+01
4.540665817260742188e+01 2.099723052978515625e+01
-9.643509674072265625e+01 1.471936511993408203e+01
5.512639045715332031e+00 -1.041513633728027344e+01
-5.085667419433593750e+01 1.503582763671875000e+01
-8.516290283203125000e+01 -1.586743259429931641e+01
-1.561400318145751953e+01 4.300054073333740234e+00
5.031396865844726562e+01 7.261229991912841797e+00
-3.532021522521972656e+00 -7.540595054626464844e+00
5.089873123168945312e+01 2.697589874267578125e+01
4.770021057128906250e+01 4.339898300170898438e+01
-5.547733688354492188e+01 -7.039246559143066406e+00
1.373893260955810547e+01 -3.980426406860351562e+01
-3.509445571899414062e+01 -6.445642471313476562e+00
-9.836783409118652344e+00 5.879050445556640625e+01
-1.453062248229980469e+01 3.643546104431152344e-01
-1.781336784362792969e+01 6.638558197021484375e+01
-2.072596549987792969e+01 2.350242042541503906e+01
-2.233906835317611694e-01 2.147818565368652344e+01
1.232245063781738281e+01 -1.986108779907226562e+01
-8.885102081298828125e+01 -2.648819923400878906e+01
-3.528607177734375000e+01 2.246127510070800781e+01
3.965332412719726562e+01 9.267475891113281250e+01
-4.099751663208007812e+01 4.590179824829101562e+01
-8.342932128906250000e+01 2.519513511657714844e+01
-9.136112213134765625e+00 -8.062575340270996094e+00
-9.708573150634765625e+01 -1.688486099243164062e+01
-8.492822647094726562e+00 -1.713807106018066406e+01
5.376432037353515625e+01 3.886077499389648438e+01
-6.666338348388671875e+01 1.460083866119384766e+01
3.393576812744140625e+01 2.534195137023925781e+01
2.507972908020019531e+01 -9.764324188232421875e+01
-9.576850128173828125e+01 -1.074142551422119141e+01
5.835411548614501953e+00 4.876840209960937500e+01
1.831295585632324219e+01 2.535772705078125000e+01
1.432067108154296875e+01 -8.607920074462890625e+01
-3.994738006591796875e+01 3.086087799072265625e+01
4.594953155517578125e+01 -5.017507553100585938e+01
-4.332738113403320312e+01 3.000076675415039062e+01
-3.252241897583007812e+01 -2.512744903564453125e+01
-4.312195205688476562e+01 -2.348860168457031250e+01
1.871240234375000000e+01 -9.607034301757812500e+01
-1.321505832672119141e+01 6.168977355957031250e+01
-4.832047271728515625e+01 -1.302866744995117188e+01
2.583055686950683594e+01 9.809703063964843750e+01
1.109423065185546875e+01 6.107138442993164062e+01
-6.523104906082153320e-01 3.597973632812500000e+01
-3.857441329956054688e+01 4.028184127807617188e+01
5.340887451171875000e+01 2.896375083923339844e+01
-3.222036361694335938e+01 -6.037302780151367188e+01
6.309519290924072266e+00 -3.439374923706054688e+01
1.619939613342285156e+01 -4.071913909912109375e+01
-6.780041503906250000e+01 -3.009845733642578125e+01
-5.793910980224609375e+01 -1.064551234245300293e+00
-3.818844604492187500e+01 2.932947540283203125e+01
-9.215394973754882812e+00 3.851878738403320312e+01
-8.866000366210937500e+01 7.561018943786621094e+00
3.813942337036132812e+01 -2.217501068115234375e+01
6.936263084411621094e+00 2.477078628540039062e+01
-2.325127601623535156e+01 7.945185852050781250e+01
-2.006442642211914062e+01 7.840631866455078125e+01
2.358744621276855469e+01 -5.152610015869140625e+01
2.694779448211193085e-02 2.043257141113281250e+01
-8.058200836181640625e+01 1.633243203163146973e+00
1.781375169754028320e+00 2.797935676574707031e+01
1.298414230346679688e+01 3.710069656372070312e+01
-3.794408035278320312e+01 4.095217514038085938e+01
1.716433715820312500e+01 -3.898616409301757812e+01
-7.146090984344482422e+00 4.765784835815429688e+01
1.505858135223388672e+01 -2.892057800292968750e+01
3.985144042968750000e+01 2.855328750610351562e+01
5.921811676025390625e+01 -4.350658416748046875e+01
2.632467651367187500e+01 -5.191197586059570312e+01
-2.939795494079589844e+01 7.162605762481689453e+00
-8.627819824218750000e+01 2.997322845458984375e+01
-5.033330535888671875e+01 1.137529945373535156e+01
-3.667118835449218750e+01 -5.907762527465820312e+01
-1.403935623168945312e+01 3.458345413208007812e+01
-2.842294931411743164e+00 -5.993937683105468750e+01
1.660830116271972656e+01 -8.408700561523437500e+01
-1.394906234741210938e+01 1.649575614929199219e+01
5.071175003051757812e+01 2.992119598388671875e+01
-2.259829139709472656e+01 3.582058429718017578e+00
-3.725266647338867188e+01 2.814925575256347656e+01
9.183370590209960938e+00 1.102375030517578125e+02
-7.604903697967529297e+00 4.857417678833007812e+01
-2.990751743316650391e+00 -2.790260696411132812e+01
-3.535290145874023438e+01 4.929985427856445312e+01
-2.167652130126953125e+01 7.885095977783203125e+01
4.989722824096679688e+01 -4.757114791870117188e+01
-2.572597694396972656e+01 9.000057220458984375e+01
1.509165048599243164e+00 -2.829778480529785156e+01
-3.277984619140625000e+01 -7.469649505615234375e+01
-1.313010406494140625e+01 4.401924514770507812e+01
3.776342010498046875e+01 -7.097324371337890625e+01
-4.620312500000000000e+01 6.857177734375000000e+00
1.656928634643554688e+01 -9.304317474365234375e+01
-2.928358078002929688e+01 -7.329970550537109375e+01
2.531203031539916992e+00 5.112092208862304688e+01
-2.522615242004394531e+01 5.826800346374511719e+00
-5.788103103637695312e+01 1.254158401489257812e+01
-2.287011337280273438e+01 7.334181785583496094e+00
1.197317695617675781e+01 -1.030791091918945312e+02
-4.153421878814697266e+00 -7.157001972198486328e+00
1.057565093040466309e+00 1.269333171844482422e+01
-9.053363800048828125e+01 1.849414634704589844e+01
3.371168136596679688e+01 7.622075653076171875e+01
-2.730768013000488281e+01 9.707853317260742188e+00
2.142249488830566406e+01 1.195659255981445312e+01
-2.786508750915527344e+01 8.163591003417968750e+01
-1.018113899230957031e+01 -2.327734756469726562e+01
-4.269018650054931641e+00 -5.364543437957763672e+00
-3.201148605346679688e+01 -1.806016540527343750e+01
-7.584073638916015625e+01 3.474333953857421875e+01
-3.374596023559570312e+01 -2.437454986572265625e+01
-3.517445755004882812e+01 1.203184413909912109e+01
-7.720624542236328125e+01 1.331450462341308594e+01
-1.691718292236328125e+01 3.120887374877929688e+01
-6.727390289306640625e+01 7.658830165863037109e+00
-5.722957992553710938e+01 -3.124874687194824219e+01
-6.870547485351562500e+01 -1.985388755798339844e+01
-4.657555770874023438e+01 6.722406387329101562e+00
3.203024291992187500e+01 2.789265060424804688e+01
6.250842285156250000e+01 -4.691614913940429688e+01
-2.227462196350097656e+01 -1.913235855102539062e+01
-6.810535430908203125e+00 1.013274192810058594e+01
3.983886718750000000e+00 -8.447929382324218750e+00
2.284890556335449219e+01 9.268060302734375000e+01
-2.928506469726562500e+01 -1.266151046752929688e+01
-1.758171463012695312e+01 7.527162170410156250e+01
-2.610331916809082031e+01 8.008987426757812500e+01
-7.350952911376953125e+01 -9.146266937255859375e+00
9.694446563720703125e+00 5.742799758911132812e+01
-4.024591064453125000e+01 4.655458068847656250e+01
1.012308788299560547e+01 1.150545349121093750e+02
-9.563793182373046875e+00 -9.344458580017089844e+00
-4.129567146301269531e+00 2.177007484436035156e+01
-5.485202026367187500e+01 -3.832936096191406250e+01
-2.889992713928222656e+01 1.053925037384033203e+01
-3.068643379211425781e+01 -1.481392669677734375e+01
4.474498748779296875e+01 7.135485076904296875e+01
-2.059822845458984375e+01 7.664184570312500000e+01
-4.838897705078125000e+01 2.296447944641113281e+01
-3.823933792114257812e+01 2.977510261535644531e+01
-3.571595764160156250e+01 1.866805839538574219e+01
2.025686454772949219e+01 7.822491455078125000e+01
-2.149713897705078125e+01 3.644923019409179688e+01
2.431684875488281250e+01 -5.898373126983642578e+00
1.266305160522460938e+01 1.025565338134765625e+02
2.807138442993164062e+01 -5.529745101928710938e+01
-5.122517013549804688e+01 -5.269737243652343750e+01
-4.953149032592773438e+01 1.196012115478515625e+01
-1.966654777526855469e+01 3.832918548583984375e+01
-7.697362518310546875e+01 3.982720565795898438e+01
-5.640640258789062500e+01 -1.026924896240234375e+01
-1.110982179641723633e+00 3.937282562255859375e+01
-1.508879280090332031e+01 1.463966178894042969e+01
-1.688322067260742188e+01 -2.247049903869628906e+01
-1.848965835571289062e+01 2.724011242389678955e-01
3.848046112060546875e+01 -3.632482528686523438e+01
-1.190485477447509766e+01 1.182096290588378906e+01
-8.556474304199218750e+01 2.791682243347167969e+01
1.554378986358642578e+01 2.284529876708984375e+01
5.377359771728515625e+01 -3.545372390747070312e+01
4.004991912841796875e+01 8.883940696716308594e+00
1.391953945159912109e+01 -5.918127441406250000e+01
-1.450350475311279297e+01 3.905086278915405273e+00
1.091085529327392578e+01 -2.051097679138183594e+01
-4.840571212768554688e+01 -3.628035068511962891e+00
-1.267182254791259766e+01 1.429037952423095703e+01
-3.856795501708984375e+01 1.612758445739746094e+01
-4.241379737854003906e+00 3.407281494140625000e+01
4.177052307128906250e+01 7.413561248779296875e+01
1.785023498535156250e+01 -3.753007507324218750e+01
-4.016864395141601562e+01 1.137291908264160156e+01
-3.359970092773437500e+01 7.895977783203125000e+01
-5.170362472534179688e+01 1.319453239440917969e+01
5.149367141723632812e+01 4.748892211914062500e+01
5.682178115844726562e+01 3.559753036499023438e+01
-2.144277334213256836e+00 5.470750427246093750e+01
3.745307159423828125e+01 -6.685319519042968750e+01
3.425597000122070312e+01 4.675534439086914062e+01
-4.290000534057617188e+01 -2.635232925415039062e+01
6.797358989715576172e+00 1.307191753387451172e+01
5.231715393066406250e+01 -4.877349090576171875e+01
-6.935349273681640625e+01 -4.065624237060546875e+01
-6.147808074951171875e+01 4.290032386779785156e+00
1.392785739898681641e+01 -7.763105010986328125e+01
-2.372855758666992188e+01 3.417282867431640625e+01
-4.686511039733886719e+00 2.652805137634277344e+01
1.428300571441650391e+01 -1.027550888061523438e+02
-1.329238605499267578e+01 2.692453765869140625e+01
-1.319186305999755859e+01 7.045893192291259766e+00
-3.228598403930664062e+01 8.113861846923828125e+01
5.312652206420898438e+01 4.925541305541992188e+01
-3.433842849731445312e+01 3.904878234863281250e+01
-7.318363189697265625e+01 4.156224250793457031e+00
5.494483947753906250e+01 -6.554245948791503906e+00
-5.647326278686523438e+01 -7.414731383323669434e-01
3.671444654464721680e-01 -6.042900466918945312e+01
-5.289446640014648438e+01 9.143864631652832031e+00
-8.034620285034179688e+00 2.311945343017578125e+01
1.883416938781738281e+01 -4.551053237915039062e+01
5.238331985473632812e+01 1.322761821746826172e+01
-5.464499664306640625e+01 1.361212062835693359e+01
-3.772318267822265625e+01 -1.272132015228271484e+01
1.321098804473876953e+01 8.131809234619140625e+01
4.720476531982421875e+01 4.896447753906250000e+01
-3.499116134643554688e+01 -7.510510444641113281e+00
-9.610459327697753906e+00 -1.258875608444213867e+00
-2.643288040161132812e+01 7.591300964355468750e+01
2.021151351928710938e+01 -4.434769058227539062e+01
-8.033836364746093750e+00 4.288333892822265625e+01
-1.015278472900390625e+02 -2.149484825134277344e+01
-5.218488311767578125e+01 -1.022459793090820312e+01
-3.922931289672851562e+01 -2.015678405761718750e+01
-4.857355499267578125e+01 -1.426418781280517578e+01
1.348133468627929688e+01 5.821848297119140625e+01
-3.938143157958984375e+01 -4.592984771728515625e+01
6.612844848632812500e+01 2.686710166931152344e+01
2.336856651306152344e+01 -4.218387603759765625e+01
-1.026707077026367188e+01 -2.459031295776367188e+01
-4.163345336914062500e+00 3.539455032348632812e+01
-8.963857269287109375e+01 2.184638214111328125e+01
-2.513795471191406250e+01 -6.268494033813476562e+01
3.563928222656250000e+01 -1.941634559631347656e+01
-1.269691085815429688e+01 3.111588096618652344e+01
-9.540175437927246094e+00 3.807664108276367188e+01
4.427414703369140625e+01 -1.867289161682128906e+01
2.172516632080078125e+01 -2.911360740661621094e+01
-7.484428882598876953e+00 6.099982070922851562e+01
1.309295272827148438e+01 -4.247989654541015625e+01
1.822667884826660156e+01 -4.774460220336914062e+01
-2.968741035461425781e+01 6.976604461669921875e+01
1.124450683593750000e+01 -1.043222503662109375e+02
-1.930128288269042969e+01 3.894168472290039062e+01
2.328299331665039062e+01 3.339227294921875000e+01
-5.182899475097656250e+01 1.072148990631103516e+01
-3.026825332641601562e+01 -2.823114776611328125e+01
-8.742151641845703125e+01 1.852182769775390625e+01
-7.429693603515625000e+01 -9.068609237670898438e+00
4.357217407226562500e+01 1.193780040740966797e+01
-2.497305154800415039e+00 4.054968261718750000e+01
-3.711811065673828125e+01 -1.845064735412597656e+01
1.203430271148681641e+01 -1.044116592407226562e+02
-3.151557922363281250e+00 -3.232372665405273438e+01
-1.920808029174804688e+01 -2.689426231384277344e+01
-1.677890014648437500e+01 5.557625293731689453e+00
-8.422180175781250000e+00 -9.968946456909179688e+00
-9.048536300659179688e+00 5.299613571166992188e+01
5.432423591613769531e+00 4.793721389770507812e+01
1.499804973602294922e+00 3.428976058959960938e+01
-3.117288589477539062e+01 -1.621165275573730469e+01
7.480188751220703125e+01 -4.521152496337890625e+01
-1.930191612243652344e+01 3.033888339996337891e+00
1.854550004005432129e+00 6.552014160156250000e+01
-2.498370552062988281e+01 8.244833374023437500e+01
-2.126509666442871094e+01 1.353487205505371094e+01
1.610574340820312500e+01 -4.077506256103515625e+01
-9.063896942138671875e+01 1.319437026977539062e+01
-3.245837402343750000e+01 4.577468109130859375e+01
3.818788909912109375e+01 -1.810514640808105469e+01
-6.699511528015136719e+00 2.066083908081054688e+01
3.817297744750976562e+01 -8.927165031433105469e+00
-4.517184829711914062e+01 -6.046945095062255859e+00
-1.051105022430419922e+01 5.892840957641601562e+01
4.558085632324218750e+01 2.829892539978027344e+01
-3.689476013183593750e+00 3.406345367431640625e+01
-2.253970909118652344e+01 1.649092864990234375e+01
-2.204886054992675781e+01 -1.312472057342529297e+01
1.921318054199218750e+01 -5.240464687347412109e+00
5.241228485107421875e+01 -4.033597183227539062e+01
-2.873204040527343750e+01 -1.175154209136962891e+01
5.463182067871093750e+01 4.310316085815429688e+01
-3.853699493408203125e+01 1.599634552001953125e+01
-6.187168884277343750e+01 -2.582445335388183594e+01
1.535507488250732422e+01 6.062849044799804688e+01
-2.176305961608886719e+01 2.537635421752929688e+01
-2.629499244689941406e+01 -3.145978355407714844e+01
-5.014759826660156250e+01 -1.469813823699951172e+00
1.166247749328613281e+01 -1.008837738037109375e+02
5.315071105957031250e+01 1.250605106353759766e+01
-8.895870208740234375e+01 -1.799955177307128906e+01
-9.635597229003906250e+00 2.894633865356445312e+01
5.563070678710937500e+01 -1.323942470550537109e+01
-6.735202789306640625e+01 -4.303120803833007812e+01
-4.386540222167968750e+01 -4.866458892822265625e+01
9.705926895141601562e+00 -1.060895690917968750e+02
-1.408750820159912109e+01 3.873762893676757812e+01
-8.136752319335937500e+01 2.048600387573242188e+01
-3.781333541870117188e+01 1.263003730773925781e+01
5.993042945861816406e+00 9.316916656494140625e+01
-8.705356597900390625e+01 -3.549398422241210938e+01
1.633805847167968750e+01 1.303520298004150391e+01
9.361054897308349609e-01 -1.025945854187011719e+01
6.598313331604003906e+00 2.399132919311523438e+01
-2.638699913024902344e+01 1.635001373291015625e+01
-1.460712146759033203e+01 1.887864494323730469e+01
7.855347990989685059e-01 3.480472564697265625e+01
4.903792572021484375e+01 2.547843170166015625e+01
-9.757051467895507812e+00 -1.569313812255859375e+01
-1.380869865417480469e+01 3.848178482055664062e+01
-1.023858451843261719e+01 -1.567963981628417969e+01
-4.492195510864257812e+01 2.745704078674316406e+01
-6.646031951904296875e+01 -3.303342437744140625e+01
-3.407452774047851562e+01 2.357135772705078125e+01
-4.396851730346679688e+01 3.686965179443359375e+01
1.240578556060791016e+01 -6.072240447998046875e+01
1.273362874984741211e+00 -2.585083961486816406e+01
-6.568174743652343750e+01 -3.566352081298828125e+01
-2.779066085815429688e+01 7.750935363769531250e+01
1.095363044738769531e+01 9.088120269775390625e+01
-5.832743453979492188e+01 3.496467971801757812e+01
2.081492042541503906e+01 -4.502570724487304688e+01
-3.454535293579101562e+01 -3.538840484619140625e+01
9.664568901062011719e+00 -8.526684570312500000e+01
2.010813713073730469e+00 4.927679443359375000e+01
3.612193822860717773e+00 1.002942123413085938e+02
-3.424702453613281250e+01 4.024200439453125000e+01
-3.341492080688476562e+01 -2.166240692138671875e+01
-6.727203845977783203e+00 -2.863161087036132812e+01
-6.426715850830078125e+00 6.089196014404296875e+01
-2.721234321594238281e+00 3.649722576141357422e+00
2.277520179748535156e+01 9.710599517822265625e+01
1.245463943481445312e+01 1.942365074157714844e+01
4.332721328735351562e+01 -3.480279922485351562e+01
3.350623703002929688e+01 4.191798019409179688e+01
-6.881639862060546875e+01 -3.939655685424804688e+01
1.598090171813964844e+01 -1.051035919189453125e+02
1.255123519897460938e+01 7.546356201171875000e+01
6.755904674530029297e+00 5.506988525390625000e+01
4.741942214965820312e+01 -2.632313072681427002e-01
-7.128096771240234375e+01 1.575161266326904297e+01
3.508773422241210938e+01 2.564557456970214844e+01
-7.082211303710937500e+01 1.795249938964843750e+00
5.574372482299804688e+01 -3.772251510620117188e+01
-2.831010055541992188e+01 4.602884674072265625e+01
4.151935195922851562e+01 -6.373134994506835938e+01
-1.998729515075683594e+01 3.180466270446777344e+01
-5.820910930633544922e+00 3.169733238220214844e+01
4.271335601806640625e+00 -1.298612403869628906e+01
3.883916854858398438e+01 -6.693820190429687500e+01
-4.485222625732421875e+01 -5.683299636840820312e+01
-3.250447463989257812e+01 2.503811836242675781e+00
3.855108261108398438e+01 -5.668630218505859375e+01
-6.980492401123046875e+01 5.636905670166015625e+00
5.059594345092773438e+01 -6.430463409423828125e+01
-2.776949691772460938e+01 4.873883056640625000e+01
-3.793485641479492188e+00 -5.787377548217773438e+01
1.377229309082031250e+01 -8.510742950439453125e+01
6.577011108398437500e+01 -5.263215255737304688e+01
-7.604850769042968750e+01 3.492591857910156250e+01
7.577461242675781250e+01 -4.383198165893554688e+01
-6.029095840454101562e+01 5.736433506011962891e+00
-2.924591255187988281e+01 5.791909027099609375e+01
5.784236907958984375e+01 3.860345077514648438e+01
-2.853743362426757812e+01 -3.053261566162109375e+01
-9.071477890014648438e+00 -6.403404235839843750e+01
-2.391288375854492188e+01 8.080396270751953125e+01
-1.772968673706054688e+01 7.277127075195312500e+01
1.407457923889160156e+01 3.904922866821289062e+01
5.514414978027343750e+01 -4.559716796875000000e+01
1.188536453247070312e+01 1.162622985839843750e+02
-2.585120964050292969e+01 -2.432493782043457031e+01
-6.903109741210937500e+01 -3.835274124145507812e+01
4.245731353759765625e+01 7.396183013916015625e+01
-4.378821849822998047e+00 3.083844375610351562e+01
9.540581703186035156e+00 -1.442274475097656250e+01
7.647157669067382812e+00 -1.907246398925781250e+01
-1.474597740173339844e+01 -1.239862155914306641e+01
3.332578659057617188e+01 2.648765563964843750e+01
-6.702329254150390625e+01 -3.602388381958007812e+01
-6.289348602294921875e+01 -3.405233764648437500e+01
-6.443721008300781250e+01 -4.066512298583984375e+01
-1.645880508422851562e+01 7.116993713378906250e+01
7.150752544403076172e+00 3.867670822143554688e+01
-6.367488098144531250e+01 -2.809608268737792969e+01
-1.785116195678710938e+01 6.553464508056640625e+01
3.367403030395507812e+01 2.490610694885253906e+01
-1.871434020996093750e+01 1.273485660552978516e+01
5.235795497894287109e+00 5.752545547485351562e+01
-5.667952060699462891e+00 6.169541168212890625e+01
-2.873768615722656250e+01 2.502000808715820312e+01
-7.711088562011718750e+01 -2.629386520385742188e+01
5.722122955322265625e+01 -6.290034484863281250e+01
-9.857942581176757812e+00 2.974344444274902344e+01
2.204304218292236328e+00 5.098425674438476562e+01
-1.287053489685058594e+01 5.451374053955078125e+01
-7.915210247039794922e+00 4.551264190673828125e+01
-1.917902183532714844e+01 3.852821731567382812e+01
-9.451698303222656250e+00 -1.395431232452392578e+01
-2.480345916748046875e+01 5.133294582366943359e+00
1.461056613922119141e+01 1.286814975738525391e+01
-7.487667846679687500e+01 -7.527276992797851562e+00
4.010784149169921875e+01 -1.567528820037841797e+01
-2.704744529724121094e+01 -2.437251091003417969e+01
3.426093339920043945e+00 2.687411689758300781e+01
2.090890502929687500e+01 1.671430587768554688e+01
3.647613906860351562e+01 2.874536514282226562e+01
-5.698033809661865234e+00 3.097087097167968750e+01
-1.700545120239257812e+01 -2.149024963378906250e+01
-1.618706130981445312e+01 2.700433731079101562e+01
1.650726509094238281e+01 4.681394577026367188e+01
3.587265014648437500e+01 2.515957641601562500e+01
1.873795890808105469e+01 -9.468109130859375000e+01
-9.177596282958984375e+01 -4.208276271820068359e+00
3.709192657470703125e+01 -9.170715332031250000e+00
-4.472048950195312500e+01 -3.626120328903198242e+00
-3.359645080566406250e+01 1.862907981872558594e+01
1.179015445709228516e+01 -7.485408782958984375e+01
-3.768677520751953125e+01 3.487401199340820312e+01
-6.931338310241699219e+00 4.647134017944335938e+01
-6.362082290649414062e+01 4.546782016754150391e+00
1.069121074676513672e+01 -5.938677978515625000e+01
-8.219334602355957031e+00 5.212055206298828125e+01
-6.023486328125000000e+01 1.027521038055419922e+01
-2.662542152404785156e+01 8.733773040771484375e+01
3.012036561965942383e+00 3.412870407104492188e+01
-2.242765045166015625e+01 2.763044929504394531e+01
-9.328854560852050781e+00 -1.453565883636474609e+01
-3.960176467895507812e+01 -6.686520576477050781e+00
-2.587492561340332031e+01 -1.037152023315429688e+02
-8.362739562988281250e+01 -2.391654777526855469e+01
-3.676519393920898438e+01 4.831209564208984375e+01
1.212377262115478516e+01 4.889097213745117188e+01
-7.449429321289062500e+01 -1.698092079162597656e+01
1.444897937774658203e+01 -8.793058776855468750e+01
-1.016299724578857422e+01 7.795099639892578125e+01
-7.230070495605468750e+01 1.571263885498046875e+01
2.303707599639892578e+00 -2.078301191329956055e+00
-1.649423599243164062e+01 1.745758438110351562e+01
-2.720161819458007812e+01 -6.382383346557617188e+01
-1.009564495086669922e+01 4.638607406616210938e+01
-2.467242240905761719e+01 -2.725194454193115234e+00
1.115677452087402344e+01 2.183996200561523438e+01
3.281101989746093750e+01 1.191471481323242188e+01
-3.991241073608398438e+01 -6.104226112365722656e+00
8.668879508972167969e+00 -9.650884246826171875e+01
1.490353012084960938e+01 5.908180999755859375e+01
-5.505236434936523438e+01 3.582775497436523438e+01
4.314968109130859375e+01 1.439767837524414062e+01
-7.327349090576171875e+01 -1.631353950500488281e+01
-3.345122528076171875e+01 -2.545409011840820312e+01
-4.994914627075195312e+01 5.021136093139648438e+01
2.924555969238281250e+01 -4.679944610595703125e+01
6.392866969108581543e-01 4.186600112915039062e+01
-2.605927276611328125e+01 8.316694641113281250e+01
-1.124479675292968750e+01 5.936034393310546875e+01
2.583473968505859375e+01 9.932342529296875000e+00
2.637278366088867188e+01 -5.508514404296875000e+01
1.519640350341796875e+01 -5.672983932495117188e+01
-3.902615737915039062e+01 -7.541289520263671875e+01
-1.961597824096679688e+01 2.508503723144531250e+01
1.573913931846618652e+00 2.794433212280273438e+01
1.163719463348388672e+01 -7.696051788330078125e+01
-5.310995483398437500e+01 -5.618952178955078125e+01
-4.737932205200195312e+01 3.259220123291015625e+01
4.495826339721679688e+01 2.186171340942382812e+01
1.698751258850097656e+01 -9.340623474121093750e+01
-3.684446334838867188e+01 9.545516967773437500e+00
-2.383760261535644531e+01 -1.197090816497802734e+01
-4.141716384887695312e+01 4.200415420532226562e+01
1.917036533355712891e+00 1.744150543212890625e+01
-7.714532470703125000e+01 3.019157791137695312e+01
2.589284658432006836e+00 -2.383400917053222656e+01
-7.129343414306640625e+01 1.730971717834472656e+01
4.988528251647949219e+00 -1.783026504516601562e+01
-7.846855163574218750e+01 8.808340072631835938e+00
-4.153381347656250000e+01 1.436440497636795044e-01
-3.328722763061523438e+01 4.130226135253906250e+01
2.938549613952636719e+01 1.207752380371093750e+02
-3.165605354309082031e+01 4.971684265136718750e+01
2.371982955932617188e+01 7.817286682128906250e+01
-9.436565399169921875e+01 -1.926402688026428223e+00
-1.566153335571289062e+01 7.174864196777343750e+01
5.311856460571289062e+01 -1.685900330543518066e+00
-1.918358421325683594e+01 2.621715736389160156e+01
1.092455577850341797e+01 -5.966464614868164062e+01
1.690271139144897461e+00 4.775785064697265625e+01
-7.074384689331054688e+00 3.944897842407226562e+01
-3.321463394165039062e+01 -2.390620040893554688e+01
-7.783909606933593750e+01 1.122247314453125000e+01
4.782762145996093750e+01 -6.934397888183593750e+01
-2.125982093811035156e+01 2.704136276245117188e+01
-3.299401092529296875e+01 4.639930343627929688e+01
-8.257409095764160156e+00 3.183201599121093750e+01
-2.079240226745605469e+01 -5.614004898071289062e+01
-4.626805877685546875e+01 -5.401575469970703125e+01
6.368257904052734375e+01 -5.786279678344726562e+01
1.154761505126953125e+01 -1.094199562072753906e+01
-2.299848175048828125e+01 5.297619342803955078e+00
-1.511934566497802734e+01 -3.786236190795898438e+01
-4.126290130615234375e+01 -7.617282867431640625e+01
-7.936689758300781250e+01 -7.522374153137207031e+00
-6.507482147216796875e+01 -3.267998886108398438e+01
5.182209777832031250e+01 -7.938483428955078125e+01
5.524314117431640625e+01 -1.193841361999511719e+01
-3.452045822143554688e+01 4.183670043945312500e+01
2.716748619079589844e+01 9.110395812988281250e+01
-3.436611938476562500e+01 3.954163360595703125e+01
7.844951629638671875e+00 3.467089843750000000e+01
-2.744552993774414062e+01 -1.565249252319335938e+01
-8.555809974670410156e+00 2.530282592773437500e+01
2.190149688720703125e+01 -3.033525943756103516e+00
2.600128364562988281e+01 3.786246871948242188e+01
-1.733095359802246094e+01 -1.457398509979248047e+01
-3.392685317993164062e+01 -5.508856201171875000e+01
-4.716434097290039062e+01 -1.356846714019775391e+01
-6.668520355224609375e+01 2.554843902587890625e+01
-1.881500244140625000e+01 7.103015136718750000e+01
-1.528499603271484375e+01 -5.034644317626953125e+01
-1.723768234252929688e+01 -5.415866374969482422e+00
4.377504730224609375e+01 2.242847442626953125e+01
-3.414818954467773438e+01 5.037019348144531250e+01
-1.281211090087890625e+01 4.961589050292968750e+01
-6.287459182739257812e+01 -1.214156246185302734e+01
1.292733764648437500e+01 7.609408569335937500e+01
-3.782395935058593750e+01 -1.887007713317871094e+01
-4.420003890991210938e+01 2.226489639282226562e+01
-2.493625259399414062e+01 -8.097570419311523438e+00
-4.279916000366210938e+01 -1.061997699737548828e+01
-2.413648033142089844e+01 1.393310189247131348e+00
1.109204673767089844e+01 2.389235305786132812e+01
-2.248534774780273438e+01 -1.665091705322265625e+01
-3.229945755004882812e+01 -1.552213668823242188e+01
6.780651855468750000e+01 -3.996116638183593750e+01
7.097477722167968750e+01 -5.295928192138671875e+01
-7.315071868896484375e+01 -2.116617393493652344e+01
-3.568905258178710938e+01 1.246316313743591309e+00
-6.112803268432617188e+01 -2.381909370422363281e+01
-2.057406425476074219e+01 2.974855995178222656e+01
2.147707176208496094e+01 -4.251208496093750000e+01
-9.403765678405761719e+00 4.419736099243164062e+01
7.430838108062744141e+00 -7.576713085174560547e+00
4.110949707031250000e+01 -6.855926513671875000e+01
-3.581353378295898438e+01 -8.047961425781250000e+01
2.950882911682128906e+00 -3.526271057128906250e+01
1.946572685241699219e+01 2.629706764221191406e+01
3.680317306518554688e+01 -9.211724281311035156e+00
-8.967786407470703125e+01 2.867815589904785156e+01
-2.962701225280761719e+01 5.741916275024414062e+01
6.292757415771484375e+01 -4.322026062011718750e+01
-2.389941787719726562e+01 -1.642743492126464844e+01
-6.801462554931640625e+01 -2.027046012878417969e+01
5.116189956665039062e+01 -1.077841758728027344e+01
4.869265365600585938e+01 9.596398353576660156e+00
-9.077050781250000000e+01 -2.770739364624023438e+01
-3.314573669433593750e+01 1.870542144775390625e+01
-2.646932363510131836e+00 3.082210731506347656e+01
-4.182381820678710938e+01 2.917381286621093750e+01
-7.722576141357421875e+00 -2.318288421630859375e+01
7.939889907836914062e+00 3.020318412780761719e+01
3.635175466537475586e+00 4.010883808135986328e+00
-7.580003738403320312e+00 5.804143524169921875e+01
-7.444965362548828125e+01 2.511592768132686615e-02
-2.810073852539062500e+01 -1.190571594238281250e+01
-5.494343185424804688e+01 -2.424805450439453125e+01
3.889238739013671875e+01 8.349747657775878906e+00
2.033110427856445312e+01 -8.715621185302734375e+01
-3.338220214843750000e+01 7.138055324554443359e+00
1.179170131683349609e+00 5.112852859497070312e+01
3.722207641601562500e+01 -6.679979705810546875e+01
-9.046295166015625000e+01 2.418077087402343750e+01
-3.725268936157226562e+01 -2.676559448242187500e+00
2.258744430541992188e+01 1.106300544738769531e+01
-2.682745361328125000e+01 4.863218307495117188e+01
-5.668683052062988281e-01 -1.189050102233886719e+01
-3.622505950927734375e+01 -4.364368438720703125e+00
-6.416680908203125000e+01 -1.829379653930664062e+01
9.695242881774902344e+00 -1.415889930725097656e+01
6.300771713256835938e+01 -3.493849182128906250e+01
-5.191744232177734375e+01 -2.461728668212890625e+01
-5.624916076660156250e+00 9.417341947555541992e-01
-2.817039966583251953e+00 -8.340729475021362305e-01
-9.962028503417968750e+00 5.618944931030273438e+01
-5.666539001464843750e+01 -5.903301715850830078e+00
-5.568306732177734375e+01 1.202601146697998047e+01
-6.746112060546875000e+01 -3.361635208129882812e+01
1.283405971527099609e+01 2.181586647033691406e+01
-7.613584899902343750e+01 -3.494322967529296875e+01
-1.640314483642578125e+01 -5.015716171264648438e+01
-7.216726684570312500e+01 3.156875991821289062e+01
-2.140722656250000000e+01 3.715124130249023438e+01
-2.451950073242187500e+00 4.061439895629882812e+01
-5.387949752807617188e+01 -5.203202819824218750e+01
9.113926887512207031e+00 4.431364822387695312e+01
-3.193081474304199219e+01 4.859029388427734375e+01
-2.210695743560791016e+00 4.295915603637695312e+01
-2.412097549438476562e+01 6.690110778808593750e+01
5.017083358764648438e+01 1.873768210411071777e+00
-3.432781600952148438e+01 -7.626909637451171875e+01
5.598545074462890625e+00 -4.782556152343750000e+01
-2.461845588684082031e+01 2.934719657897949219e+01
-1.858733749389648438e+01 1.590992736816406250e+01
-5.170324707031250000e+01 -4.737017059326171875e+01
4.294787979125976562e+01 -8.593835449218750000e+01
-5.989089584350585938e+01 -2.949257469177246094e+01
1.546619796752929688e+01 -1.058703460693359375e+02
-6.192712402343750000e+01 1.040545940399169922e+01
-1.050736427307128906e+01 7.524530029296875000e+01
-2.584972381591796875e+01 -9.725345611572265625e+00
-5.362587356567382812e+01 1.656612586975097656e+01
4.634496307373046875e+01 2.491383743286132812e+01
5.547779083251953125e+01 -1.793020129203796387e+00
-3.873315429687500000e+01 -7.665552520751953125e+01
-5.458383560180664062e+01 1.399511718750000000e+01
-3.186356544494628906e+01 -5.732391357421875000e+01
1.595795822143554688e+01 -5.730115509033203125e+01
2.643405342102050781e+01 -4.878472518920898438e+01
-3.086342811584472656e+01 -2.412429237365722656e+01
-4.946809005737304688e+01 -1.425305557250976562e+01
3.976458740234375000e+01 1.041275978088378906e+01
2.908809852600097656e+01 -3.942484283447265625e+01
5.783495330810546875e+01 -4.364428329467773438e+01
2.910646057128906250e+01 2.443582534790039062e+01
-3.146913719177246094e+01 5.117445755004882812e+01
6.841812133789062500e+00 -7.422824382781982422e+00
-6.906259155273437500e+01 3.585635757446289062e+01
-1.402652740478515625e+01 3.460195541381835938e+01
-2.715573883056640625e+01 -7.476509094238281250e+01
-1.611287117004394531e+01 8.556618499755859375e+01
-6.264670193195343018e-02 8.639516830444335938e+00
5.854028701782226562e+01 -2.258834266662597656e+01
-1.410425901412963867e-01 4.616898345947265625e+01
-2.358019638061523438e+01 8.261305236816406250e+01
5.414687347412109375e+01 3.328880691528320312e+01
-9.551839447021484375e+01 -2.699428367614746094e+01
2.201478385925292969e+01 7.717569732666015625e+01
-5.651962757110595703e+00 4.397816467285156250e+01
-5.747492313385009766e+00 3.019034004211425781e+01
-3.720129394531250000e+01 -1.987168121337890625e+01
-5.274557113647460938e+01 -9.417769432067871094e+00
-3.017638015747070312e+01 5.527292251586914062e+01
1.026499271392822266e+01 -8.606213378906250000e+01
8.665167808532714844e+00 -3.331653594970703125e+01
-2.362796401977539062e+01 -3.734749221801757812e+01
7.462906646728515625e+01 -4.138095474243164062e+01
-5.856885147094726562e+01 1.332525825500488281e+01
1.203589344024658203e+01 2.738007736206054688e+01
-1.979544067382812500e+01 8.319854736328125000e+01
4.869606781005859375e+01 1.175483894348144531e+01
-2.444454956054687500e+01 2.908283805847167969e+01
-6.488645935058593750e+01 -3.492684555053710938e+01
-6.479397583007812500e+01 -1.830889701843261719e+01
6.913423156738281250e+01 -5.111959838867187500e+01
-3.418195724487304688e+01 -2.022953605651855469e+01
8.677429199218750000e+00 -3.633654022216796875e+01
-3.702517700195312500e+01 -8.923140525817871094e+00
-4.561141204833984375e+01 -1.953610610961914062e+01
4.290565872192382812e+01 -5.239602088928222656e+00
-6.716409301757812500e+01 2.504668807983398438e+01
-2.263191223144531250e+01 -1.676963806152343750e+01
1.705374956130981445e+00 -1.543003559112548828e+01
-9.986468315124511719e+00 -5.879135513305664062e+01
-8.659685516357421875e+01 -3.159683227539062500e+01
-6.789979553222656250e+01 -9.563249588012695312e+00
-7.966365814208984375e+01 1.461713695526123047e+01
4.843750762939453125e+01 8.074054121971130371e-01
2.158304405212402344e+01 -9.460718536376953125e+01
1.014206886291503906e+01 -1.131965541839599609e+01
5.335815048217773438e+01 9.727387428283691406e+00
-3.533340072631835938e+01 -1.331210327148437500e+01
2.344447708129882812e+01 3.793405532836914062e+01
1.196708297729492188e+01 7.478273010253906250e+01
-6.800982666015625000e+01 -2.631953048706054688e+01
1.369270038604736328e+01 -4.093761062622070312e+01
4.675318527221679688e+01 2.633018493652343750e+01
-7.261320590972900391e+00 -2.719538688659667969e+01
4.794645309448242188e+01 1.116181492805480957e+00
-2.561914253234863281e+01 -6.674542999267578125e+01
-3.741525650024414062e+01 -4.079566574096679688e+01
-8.033382415771484375e+01 2.134414482116699219e+01
-1.017488956451416016e+01 4.047394180297851562e+01
4.496028900146484375e+01 5.825224685668945312e+01
-9.142830848693847656e+00 -2.162321090698242188e+00
-3.552396011352539062e+01 4.831929397583007812e+01
-4.692846775054931641e+00 2.669822502136230469e+01
-3.536175537109375000e+01 -6.623212432861328125e+01
5.443997573852539062e+01 -3.776260757446289062e+01
6.961478424072265625e+01 -4.230665969848632812e+01
-9.063813018798828125e+01 -1.025514245033264160e+00
-3.066948127746582031e+01 -7.359079837799072266e+00
3.367512130737304688e+01 -4.422206497192382812e+01
4.628707885742187500e+01 2.391367673873901367e+00
-1.226228117942810059e+00 4.892088317871093750e+01
-3.523077392578125000e+01 -7.993411254882812500e+01
9.895595550537109375e+00 -1.037847900390625000e+02
-1.466199636459350586e+00 2.509932518005371094e+01
-7.802070617675781250e+01 3.093302536010742188e+01
-1.304467105865478516e+01 -5.848598098754882812e+01
-2.548779296875000000e+01 -2.379342842102050781e+01
-7.442755889892578125e+01 7.788207054138183594e+00
7.085268402099609375e+01 -4.903673934936523438e+01
-3.481560516357421875e+01 4.896210098266601562e+01
-3.587438821792602539e+00 3.978362655639648438e+01
-4.941251754760742188e+01 1.473860740661621094e+01
8.193254470825195312e+00 -3.431076049804687500e+01
-3.338039779663085938e+01 -5.040700912475585938e+00
-4.646071243286132812e+01 -2.537785530090332031e+01
-6.334946060180664062e+01 -1.360073280334472656e+01
-6.720015716552734375e+01 -3.114023399353027344e+01
2.550536632537841797e+00 -3.610120391845703125e+01
-9.376045227050781250e+01 -2.530230522155761719e+01
-2.243877983093261719e+01 -1.778517723083496094e+01
-3.694612121582031250e+01 -2.125719070434570312e+01
-1.201308250427246094e+01 -5.691318893432617188e+01
5.297697448730468750e+01 -5.293583869934082031e+00
-7.015889739990234375e+01 -3.520922470092773438e+01
-3.231597518920898438e+01 -3.575758743286132812e+01
2.000450372695922852e+00 5.318331146240234375e+01
-2.163563728332519531e+01 -1.326708984375000000e+01
-2.890423202514648438e+01 -1.030815029144287109e+01
6.150172710418701172e+00 1.940809059143066406e+01
-6.423544311523437500e+01 -3.622067642211914062e+01
-5.431247711181640625e+01 -5.428888320922851562e+01
4.113385772705078125e+01 -1.399521827697753906e+01
4.974015808105468750e+01 2.976337814331054688e+01
-8.255545806884765625e+01 -3.246950912475585938e+01
-3.847909545898437500e+01 -1.935183715820312500e+01
-2.043257331848144531e+01 7.263959503173828125e+01
-6.875317382812500000e+01 -1.809626388549804688e+01
-2.434831428527832031e+01 -1.366159248352050781e+01
-9.552251434326171875e+01 -1.865091514587402344e+01
-8.065888977050781250e+01 -2.295338058471679688e+01
-2.943527030944824219e+01 -2.643878936767578125e+01
-4.008030700683593750e+01 4.235839080810546875e+01
-2.847853469848632812e+01 5.870845413208007812e+01
8.009841918945312500e+00 -3.547219848632812500e+01
-1.370636367797851562e+01 3.604823723435401917e-02
5.133845520019531250e+01 -8.171887207031250000e+01
4.475214004516601562e+01 5.977593421936035156e+00
-2.890530776977539062e+01 6.039141178131103516e+00
1.148566436767578125e+01 9.623424530029296875e+01
-8.097339630126953125e+01 2.134006690979003906e+01
9.369431495666503906e+00 -8.522896575927734375e+01
-1.225627422332763672e+01 1.076224708557128906e+01
-3.458550643920898438e+01 -1.910111427307128906e+01
1.397717446088790894e-01 5.939058303833007812e+01
4.638233947753906250e+01 1.700691795349121094e+01
2.522848892211914062e+01 -1.007332324981689453e+01
-6.879022979736328125e+01 -3.859069061279296875e+01
-2.665889167785644531e+01 3.072528648376464844e+01
-2.755198669433593750e+01 -2.063950920104980469e+01
4.976781845092773438e+01 -3.108904123306274414e+00
-3.891278839111328125e+01 4.785376739501953125e+01
4.754857254028320312e+01 1.622271418571472168e+00
1.558563709259033203e+01 -1.039940643310546875e+02
7.219729614257812500e+01 -5.129761123657226562e+01
1.407692623138427734e+01 -7.573220825195312500e+01
-7.278360748291015625e+01 -2.126475524902343750e+01
-2.220341491699218750e+01 6.982424926757812500e+01
-6.536874389648437500e+01 -3.421895980834960938e+01
6.001224517822265625e+01 5.082379817962646484e+00
3.077517318725585938e+01 -4.399428939819335938e+01
7.078576087951660156e+00 -3.898530578613281250e+01
-2.268726921081542969e+01 -6.722912597656250000e+01
-2.411125183105468750e+00 -1.803115081787109375e+01
5.074712753295898438e+01 -1.050588035583496094e+01
3.965489196777343750e+01 -2.906771850585937500e+01
-3.399871063232421875e+01 -2.548065376281738281e+01
-1.027715301513671875e+01 7.731997680664062500e+01
-3.962291717529296875e+01 4.383517074584960938e+01
-2.693202972412109375e+01 5.962387466430664062e+01
-3.615254974365234375e+01 -2.497669029235839844e+01
-3.958998107910156250e+01 -1.405716323852539062e+01
-1.727512359619140625e+01 -5.028532409667968750e+01
5.901461410522460938e+01 -3.739078903198242188e+01
-8.656970214843750000e+01 -3.037967681884765625e+01
-2.666575431823730469e+01 -1.809379768371582031e+01
5.239339351654052734e+00 -2.364698791503906250e+01
-5.406067657470703125e+01 -5.078178024291992188e+01
-4.021525573730468750e+01 -1.197431468963623047e+01
