5.792717742919921875e+01 4.603764343261718750e+01
5.007681655883789062e+01 -5.973420333862304688e+01
3.308277511596679688e+01 -2.738860321044921875e+01
7.388963317871093750e+01 -5.400756454467773438e+01
5.491825485229492188e+01 -7.197001647949218750e+01
5.332502365112304688e+01 -6.961148834228515625e+01
5.211441421508789062e+01 -6.037530517578125000e+01
3.922272872924804688e+01 -8.324246215820312500e+01
3.416653060913085938e+01 -9.123457336425781250e+01
3.228768157958984375e+01 -2.545478820800781250e+01
4.636859130859375000e+01 -8.023451995849609375e+01
6.356060028076171875e+01 -5.590042877197265625e+01
5.477460098266601562e+01 -6.746193695068359375e+01
5.747625732421875000e+01 4.717911148071289062e+01
3.884527587890625000e+01 -8.592726898193359375e+01
3.381906127929687500e+01 -8.985931396484375000e+01
-2.303252220153808594e+01 2.053836631774902344e+01
-5.111819839477539062e+01 3.343659210205078125e+01
5.544245147705078125e+01 -5.963906478881835938e+01
7.714960479736328125e+01 -4.010009765625000000e+01
1.857235717773437500e+01 -1.086369857788085938e+02
4.955559158325195312e+01 5.827861785888671875e+01
3.700696182250976562e+01 8.100460815429687500e+01
-2.007539367675781250e+01 3.149463462829589844e+01
-4.121852874755859375e+01 -5.534890365600585938e+01
-5.721910476684570312e+01 2.996293640136718750e+01
1.714921569824218750e+01 -2.898850440979003906e+01
4.753074264526367188e+01 -5.971185684204101562e+01
8.089922332763671875e+01 -3.607198333740234375e+01
5.492181015014648438e+01 2.807941055297851562e+01
4.708285903930664062e+01 -5.431061553955078125e+01
7.821204376220703125e+01 -3.907372665405273438e+01
5.219877243041992188e+01 -5.567842864990234375e+01
-3.245139312744140625e+01 -1.081231403350830078e+01
2.927216148376464844e+01 -9.742996978759765625e+01
2.848638534545898438e+01 1.160212554931640625e+02
-5.303243637084960938e+01 3.264480590820312500e+01
-1.031519165039062500e+02 -1.295793151855468750e+01
6.209637451171875000e+01 -5.801384353637695312e+01
1.964923095703125000e+01 -1.019962158203125000e+02
7.933272552490234375e+01 -3.815801620483398438e+01
-8.622924041748046875e+01 -1.847625160217285156e+01
-8.558282470703125000e+01 -2.050673294067382812e+01
-6.403126525878906250e+01 -1.331832313537597656e+01
7.979782104492187500e+01 -3.945524978637695312e+01
5.994286346435546875e+01 -4.333171463012695312e+01
4.358228302001953125e+01 -7.922644042968750000e+01
2.921482276916503906e+01 -6.474253082275390625e+01
5.152101516723632812e+00 -9.170386505126953125e+01
-5.415649795532226562e+01 3.488822174072265625e+01
1.835064697265625000e+01 -1.079100265502929688e+02
2.931550025939941406e+01 -9.893792724609375000e+01
2.752988052368164062e+01 1.220557022094726562e+02
-8.563394927978515625e+01 -8.033670425415039062e+00
6.418319702148437500e+01 -5.755033111572265625e+01
4.542350292205810547e+00 9.025361061096191406e+00
2.110616207122802734e+00 -1.232945346832275391e+01
1.079670524597167969e+01 -9.674515533447265625e+01
-8.403971862792968750e+01 -2.301600265502929688e+01
4.582215499877929688e+01 8.243070220947265625e+01
-1.588402938842773438e+01 -3.341835403442382812e+01
5.026166152954101562e+01 -4.707220077514648438e+01
7.833734130859375000e+01 -3.977589416503906250e+01
4.812833786010742188e+01 5.861906433105468750e+01
1.802596282958984375e+01 8.249019622802734375e+01
4.915732192993164062e+01 -5.554298782348632812e+01
-9.076799011230468750e+01 -1.318817996978759766e+01
-4.094097518920898438e+01 4.762588977813720703e+00
3.669785308837890625e+01 -9.134542846679687500e+01
5.179589462280273438e+01 -5.756523132324218750e+01
-5.119192886352539062e+01 3.490857315063476562e+01
4.835919189453125000e+01 5.591453170776367188e+01
7.417793273925781250e+01 -5.788193130493164062e+01
-9.366583251953125000e+01 -2.703057289123535156e+01
-2.474361610412597656e+01 1.308156871795654297e+01
5.165686035156250000e+01 -6.022516250610351562e+01
2.328240776062011719e+01 -6.123812198638916016e+00
2.643607521057128906e+01 1.139307785034179688e+02
4.854236221313476562e+01 -6.482579803466796875e+01
-4.723646163940429688e+00 -1.175310707092285156e+01
2.465774154663085938e+01 -1.028823089599609375e+02
-1.184231567382812500e+01 -3.837059974670410156e+00
1.627873420715332031e+01 1.155994110107421875e+02
4.128229141235351562e+01 1.384681415557861328e+01
4.723726654052734375e+01 -5.831492614746093750e+01
4.607539749145507812e+01 -5.974586868286132812e+01
1.772108268737792969e+01 1.152845458984375000e+02
3.936199951171875000e+01 -7.369349670410156250e+01
6.937062835693359375e+01 -5.071968078613281250e+01
3.737959671020507812e+01 9.679435729980468750e+01
3.815638732910156250e+01 -9.004560852050781250e+01
-7.667130279541015625e+01 -1.827232122421264648e+00
1.066828441619873047e+01 -9.607302856445312500e+01
-8.072586822509765625e+01 -1.110500144958496094e+01
5.725641632080078125e+01 3.373792648315429688e+01
2.678622055053710938e+01 1.249824218750000000e+02
5.704761886596679688e+01 -5.797523498535156250e+00
-5.493156051635742188e+01 9.742754101753234863e-01
2.435792160034179688e+01 -4.252836608886718750e+01
7.441537475585937500e+01 -5.093238449096679688e+01
4.843507385253906250e+01 2.305819034576416016e+00
5.697443771362304688e+01 4.977643585205078125e+01
3.424391555786132812e+01 1.152060699462890625e+02
3.018971633911132812e+01 -1.013610229492187500e+02
-9.076809692382812500e+01 -3.075790023803710938e+01
4.147010421752929688e+01 1.255847811698913574e-01
1.264774036407470703e+01 -7.342863464355468750e+01
1.971660041809082031e+01 -9.837710571289062500e+01
3.397788619995117188e+01 -8.823281097412109375e+01
6.085272979736328125e+01 -4.239551544189453125e+01
-5.304503440856933594e+00 -1.591896724700927734e+01
-8.232421112060546875e+01 3.311852264404296875e+01
1.852498817443847656e+01 -9.807102966308593750e+01
1.100254344940185547e+01 -7.289485168457031250e+01
-6.082702636718750000e+01 2.173041343688964844e+01
2.819528198242187500e+01 1.142094650268554688e+02
2.923373413085937500e+01 -8.958727264404296875e+01
2.271648788452148438e+01 4.947830963134765625e+01
1.658557701110839844e+01 1.290935516357421875e+02
3.219087600708007812e+01 9.183626556396484375e+01
3.927446365356445312e+01 1.513901996612548828e+01
-1.566779136657714844e+01 -4.011354064941406250e+01
-7.857179260253906250e+01 2.043919181823730469e+01
-8.551714324951171875e+01 -6.789079666137695312e+00
3.527114868164062500e+01 4.646639633178710938e+01
8.067678070068359375e+01 -4.185232925415039062e+01
5.003539276123046875e+01 -7.818349456787109375e+01
1.618245887756347656e+01 -2.693021774291992188e+01
-9.489915466308593750e+01 2.547237777709960938e+01
1.196779060363769531e+01 -1.965424919128417969e+01
3.624293899536132812e+01 -1.618130493164062500e+01
1.925442314147949219e+01 1.115885238647460938e+02
3.449739837646484375e+01 -8.257547760009765625e+01
-6.695022583007812500e+00 -1.708848571777343750e+01
2.858296775817871094e+01 1.183735427856445312e+02
-8.432662963867187500e+01 4.029275131225585938e+01
3.125652503967285156e+01 1.203960037231445312e+02
1.878019213676452637e+00 -1.682235145568847656e+01
2.181782150268554688e+01 1.225779953002929688e+02
3.158128356933593750e+01 1.039336013793945312e+02
-4.124797439575195312e+01 -5.682674026489257812e+01
-3.889592361450195312e+01 -7.822409629821777344e+00
2.003112792968750000e+01 1.169073257446289062e+02
7.589828491210937500e+00 -5.172737240791320801e-01
-6.921592712402343750e+01 1.430919551849365234e+01
2.322068786621093750e+01 -1.047125015258789062e+02
4.359877395629882812e+01 5.116827774047851562e+01
1.895225334167480469e+01 1.135416564941406250e+02
2.268429279327392578e+00 -2.635311698913574219e+01
2.109385490417480469e+01 1.173195190429687500e+02
2.773118972778320312e+01 1.163421020507812500e+02
1.917990684509277344e+01 1.096327667236328125e+02
2.716734695434570312e+01 1.180784072875976562e+02
3.434526443481445312e+01 -8.765290832519531250e+01
-1.164021778106689453e+01 -4.173922348022460938e+01
1.744815254211425781e+01 7.105506896972656250e+01
-5.162089157104492188e+01 -3.104869842529296875e+01
-6.828738403320312500e+01 1.378743743896484375e+01
8.819667816162109375e+00 -9.564002227783203125e+01
6.592279815673828125e+01 -5.747378158569335938e+01
3.304652404785156250e+01 1.115348510742187500e+02
-9.586603164672851562e+00 -6.691572570800781250e+01
-7.332469177246093750e+01 1.105461502075195312e+01
-7.096705627441406250e+01 1.759315109252929688e+01
2.854386520385742188e+01 -8.632303619384765625e+01
2.581205368041992188e+01 1.174999618530273438e+02
5.209596252441406250e+01 -1.107215309143066406e+01
-9.138838195800781250e+01 -1.803742408752441406e+01
-1.140478897094726562e+01 3.451110124588012695e+00
-4.930024147033691406e+00 -4.472448730468750000e+01
5.778061676025390625e+01 -4.735060691833496094e+00
4.562443542480468750e+01 -6.773925018310546875e+01
2.726452445983886719e+01 -1.475062656402587891e+01
3.118439292907714844e+01 2.377152681350708008e+00
7.430377197265625000e+01 -3.804308319091796875e+01
3.237262725830078125e+01 8.843631744384765625e+01
7.594655513763427734e+00 1.149754104614257812e+02
-2.328204154968261719e+01 8.355854797363281250e+01
3.251750946044921875e+01 1.206790695190429688e+02
4.761804580688476562e+01 -6.345917892456054688e+01
-9.385406494140625000e+01 -7.717976093292236328e+00
5.067606353759765625e+01 5.310147476196289062e+01
7.553826332092285156e+00 9.564593505859375000e+01
-7.734098052978515625e+01 3.632777786254882812e+01
-6.355929374694824219e+00 -2.474614143371582031e+01
2.236311721801757812e+01 -2.554398155212402344e+01
4.887511062622070312e+01 -8.083020019531250000e+01
5.373818969726562500e+01 -5.905551910400390625e+01
-8.225202941894531250e+01 2.856968688964843750e+01
5.541636276245117188e+01 -5.225580596923828125e+01
6.036476516723632812e+01 -3.864133358001708984e+00
5.008032608032226562e+01 5.174969482421875000e+01
5.145425415039062500e+01 -2.518898391723632812e+01
4.860172653198242188e+01 -7.914554595947265625e+01
-9.414389038085937500e+01 1.816278648376464844e+01
5.604319381713867188e+01 7.191772460937500000e+00
2.893968963623046875e+01 1.132265548706054688e+02
4.132872009277343750e+01 -5.625103378295898438e+01
1.945586585998535156e+01 -9.722689819335937500e+01
-9.224380493164062500e+00 1.956896591186523438e+01
5.578985977172851562e+01 -9.198866844177246094e+00
2.860940361022949219e+01 -9.681070709228515625e+01
5.853454589843750000e+00 -2.554792404174804688e+01
2.479120016098022461e+00 -5.034198379516601562e+01
3.688582611083984375e+01 -1.707955551147460938e+01
3.675084304809570312e+01 1.197631225585937500e+02
5.844668579101562500e+01 4.926227951049804688e+01
4.609318161010742188e+01 8.100772857666015625e+01
2.973841857910156250e+01 9.346363830566406250e+01
6.151425552368164062e+01 -5.494977474212646484e+00
6.655471801757812500e+01 2.478307533264160156e+01
5.117067718505859375e+01 -3.998287582397460938e+01
4.725683593750000000e+01 -7.849600982666015625e+01
-5.310213851928710938e+01 5.758372306823730469e+00
-4.084036827087402344e+00 -4.692084503173828125e+01
-6.135183715820312500e+01 -6.705483436584472656e+00
1.915512275695800781e+01 -4.043796157836914062e+01
2.078352928161621094e+01 -2.555295372009277344e+01
-6.116284179687500000e+01 3.385865688323974609e+00
7.128897094726562500e+01 -4.389043807983398438e+01
2.281864547729492188e+01 -9.899346160888671875e+01
4.316848373413085938e+01 7.675534820556640625e+01
1.829843711853027344e+01 -2.767595481872558594e+01
1.439909172058105469e+01 1.077674789428710938e+02
-1.487548255920410156e+01 -4.056583404541015625e+01
4.601152038574218750e+01 -3.026026535034179688e+01
1.999032783508300781e+01 8.710174560546875000e+01
-8.847722625732421875e+01 2.384505271911621094e+00
3.048993492126464844e+01 1.177646408081054688e+02
2.713200759887695312e+01 9.432637023925781250e+01
1.563272380828857422e+01 1.173995513916015625e+02
1.456347751617431641e+01 8.708421325683593750e+01
1.234909629821777344e+01 8.275779724121093750e+01
-4.867884159088134766e+00 -4.627804946899414062e+01
1.062219238281250000e+01 -9.467242431640625000e+01
1.974650192260742188e+01 -5.724873733520507812e+01
-8.780321502685546875e+01 -2.944745635986328125e+01
5.905227661132812500e+01 -5.172203445434570312e+01
4.877797317504882812e+01 4.904116058349609375e+01
2.653067016601562500e+01 1.173227005004882812e+02
4.329515075683593750e+01 -3.479127502441406250e+01
5.320827102661132812e+01 -7.859719276428222656e+00
2.378764343261718750e+01 -9.072375488281250000e+01
9.657639503479003906e+00 5.342858886718750000e+01
5.664849853515625000e+01 1.088025760650634766e+01
-8.127712249755859375e+01 2.810407829284667969e+01
2.840375900268554688e+01 -6.865517425537109375e+01
3.102152824401855469e+00 1.150493774414062500e+02
2.020069503784179688e+01 7.574021911621093750e+01
7.192743682861328125e+01 -3.992642593383789062e+01
-5.428510665893554688e+01 3.413718795776367188e+01
4.932286071777343750e+01 -8.105163574218750000e+01
-6.800330162048339844e+00 1.787168121337890625e+01
3.652018737792968750e+01 -8.616848754882812500e+01
-1.758424186706542969e+01 -4.203588867187500000e+01
2.169254302978515625e+01 -4.596058654785156250e+01
-5.877550125122070312e+01 3.358807325363159180e+00
3.987036514282226562e+01 7.279754638671875000e+01
2.346347618103027344e+01 1.061009826660156250e+02
5.729158782958984375e+01 -5.037336826324462891e+00
3.349238967895507812e+01 8.350125122070312500e+01
3.415321731567382812e+01 9.042229461669921875e+01
-6.246504974365234375e+01 1.558234500885009766e+01
-6.221171569824218750e+01 -2.940975570678710938e+01
2.493590736389160156e+01 1.181188888549804688e+02
1.538039302825927734e+01 1.201912021636962891e+01
-9.420082092285156250e+01 1.921544456481933594e+01
-3.480764389038085938e+01 -4.387121498584747314e-01
1.087376308441162109e+01 1.042826156616210938e+02
-8.627154541015625000e+01 3.321826553344726562e+01
-1.642583656311035156e+01 7.187295436859130859e+00
3.971532440185546875e+01 8.276613616943359375e+01
-4.494139862060546875e+01 -5.329548263549804688e+01
-6.517575073242187500e+01 1.345058917999267578e+01
-6.213649368286132812e+01 5.440650463104248047e+00
3.680002212524414062e+01 1.198602142333984375e+02
5.016569137573242188e+01 5.520780944824218750e+01
-9.489858627319335938e+00 -4.206631183624267578e-01
-7.828609466552734375e+01 1.945480918884277344e+01
2.980203056335449219e+01 1.111346740722656250e+02
-9.036074066162109375e+01 -1.254299831390380859e+01
3.448768234252929688e+01 -8.133203887939453125e+01
2.699311637878417969e+01 -4.490230941772460938e+01
1.619234466552734375e+01 1.025227260589599609e+01
-6.824766540527343750e+01 1.113873863220214844e+01
8.426916122436523438e+00 3.285224151611328125e+01
1.792414855957031250e+01 4.416120147705078125e+01
5.493470764160156250e+01 -8.063526916503906250e+01
-8.078661346435546875e+01 2.602239990234375000e+01
6.132126808166503906e+00 1.130205535888671875e+02
5.241532516479492188e+01 4.939725112915039062e+01
5.693029022216796875e+01 4.805200576782226562e+01
3.266849136352539062e+01 -3.253283739089965820e+00
-7.719748687744140625e+01 3.235691547393798828e+00
2.936596679687500000e+01 1.191507034301757812e+02
-8.395357513427734375e+01 -5.383956909179687500e+00
3.395536804199218750e+01 -1.445956993103027344e+01
3.513776397705078125e+01 8.386288452148437500e+01
-8.009124755859375000e+01 3.072339630126953125e+01
3.843748331069946289e+00 -2.614578056335449219e+01
1.322537326812744141e+01 -1.513238072395324707e+00
-2.398863792419433594e+01 -1.239954280853271484e+01
1.872763442993164062e+01 5.158745193481445312e+01
1.912527465820312500e+01 5.330347824096679688e+01
-2.904443264007568359e+00 -2.803308296203613281e+01
-4.706159973144531250e+01 -5.521917724609375000e+01
2.039693450927734375e+01 1.027260284423828125e+02
-8.491900634765625000e+01 -7.079445838928222656e+00
-2.443554878234863281e+01 8.505764770507812500e+01
-3.299060058593750000e+01 1.896289706230163574e+00
6.153810024261474609e+00 1.933288192749023438e+01
-6.772163391113281250e+00 3.250477981567382812e+01
-6.122368621826171875e+01 -2.240196418762207031e+01
-2.286651420593261719e+01 8.534069061279296875e+01
5.622012329101562500e+01 4.787934494018554688e+01
2.361140441894531250e+01 8.083049774169921875e+01
1.852310562133789062e+01 9.011825561523437500e+01
2.214205551147460938e+01 -3.109573364257812500e+00
2.610554313659667969e+01 1.190531768798828125e+02
1.602772140502929688e+01 -5.778821563720703125e+01
2.556086730957031250e+01 -9.517538452148437500e+01
2.319222831726074219e+01 -3.814379501342773438e+01
-3.411837005615234375e+01 1.474239444732666016e+01
3.295387268066406250e+01 -3.189905548095703125e+01
1.339714527130126953e+01 -1.423243880271911621e+00
3.061809539794921875e+01 8.272778320312500000e+01
-5.116292190551757812e+01 5.853820323944091797e+00
2.937358665466308594e+01 9.220886993408203125e+01
4.037850570678710938e+01 -1.837132453918457031e+01
1.731862449645996094e+01 9.631994628906250000e+01
1.859574890136718750e+01 1.159698257446289062e+02
5.342327499389648438e+01 -4.596280670166015625e+01
4.491863632202148438e+01 3.118404006958007812e+01
-8.087405395507812500e+01 3.109095191955566406e+01
4.099477767944335938e+00 5.197333526611328125e+01
4.868858814239501953e+00 7.875884246826171875e+01
3.963908386230468750e+01 -8.125516510009765625e+01
1.923790550231933594e+01 -5.156303787231445312e+01
3.440014266967773438e+01 1.143394622802734375e+02
5.492073822021484375e+01 -4.698290634155273438e+01
-7.928855133056640625e+01 2.877671241760253906e+01
1.769233131408691406e+01 -5.231652450561523438e+01
3.499232864379882812e+01 8.547772216796875000e+01
-6.855113220214843750e+01 1.623893165588378906e+01
-9.479205322265625000e+01 -1.266169834136962891e+01
1.364464092254638672e+01 1.141514892578125000e+02
3.640497589111328125e+01 8.424274444580078125e+01
-7.588478088378906250e+00 3.518958282470703125e+01
2.593372917175292969e+01 8.069823455810546875e+01
3.605239486694335938e+01 1.057821960449218750e+02
-9.006061553955078125e+01 -4.816494941711425781e+00
4.446366882324218750e+01 3.163702964782714844e+01
3.003263235092163086e+00 -2.441284179687500000e+01
-3.686721801757812500e+01 6.602956295013427734e+00
-1.454115295410156250e+01 -1.750829315185546875e+01
3.192506408691406250e+01 9.289727210998535156e+00
3.826427459716796875e+01 -7.713433837890625000e+01
5.393614578247070312e+01 -7.957894897460937500e+01
5.640658855438232422e+00 1.059375381469726562e+01
-6.052550125122070312e+01 -3.029602050781250000e+01
1.621370124816894531e+01 -9.726085662841796875e+01
1.699098396301269531e+01 -1.036962280273437500e+02
3.809976577758789062e+01 1.077858428955078125e+02
-5.235960769653320312e+01 3.446542739868164062e+01
3.513982009887695312e+01 8.026679992675781250e+01
4.741785430908203125e+01 -5.823285293579101562e+01
-6.252000045776367188e+01 2.160612106323242188e+01
-9.103550720214843750e+01 -8.124209403991699219e+00
9.800312042236328125e+00 1.092087707519531250e+02
-3.228086531162261963e-01 3.487819910049438477e+00
-2.150899696350097656e+01 -2.456602859497070312e+01
1.691138839721679688e+01 1.188100051879882812e+02
2.146689796447753906e+01 1.103809814453125000e+02
4.663938140869140625e+01 -6.225615310668945312e+01
4.777900695800781250e+01 -4.799177551269531250e+01
5.647782135009765625e+01 4.909265518188476562e+01
1.584336757659912109e+01 -2.932073593139648438e+01
2.923220634460449219e+01 1.099042587280273438e+02
3.005595207214355469e+01 1.077744903564453125e+02
1.114826011657714844e+01 -8.054155731201171875e+01
2.714674377441406250e+01 -9.443883514404296875e+01
-5.872259521484375000e+01 -3.509264469146728516e+00
-2.057605171203613281e+01 1.861056709289550781e+01
3.463692474365234375e+01 4.728882598876953125e+01
-5.966047763824462891e+00 -2.039270019531250000e+01
2.378275299072265625e+01 -8.922988128662109375e+01
1.926624870300292969e+01 1.203715667724609375e+02
4.545215606689453125e+01 -7.318446350097656250e+01
-5.871622562408447266e-01 -2.565229654312133789e+00
6.451112270355224609e+00 1.224516487121582031e+01
-4.786823272705078125e+01 -2.425447463989257812e+00
3.753123855590820312e+01 -8.865940093994140625e+01
3.510101699829101562e+01 -7.807395172119140625e+01
1.238000202178955078e+01 1.059059906005859375e+02
1.509018993377685547e+01 -5.499427032470703125e+01
2.417525863647460938e+01 1.064052124023437500e+02
-5.391493320465087891e+00 1.168651962280273438e+01
-9.206879425048828125e+01 -5.857338309288024902e-01
-8.877429962158203125e+01 -5.284850120544433594e+00
8.738009452819824219e+00 3.079609107971191406e+01
2.736190032958984375e+01 1.134694290161132812e+02
5.632384490966796875e+01 2.851621818542480469e+01
5.835058593750000000e+01 -6.009102630615234375e+01
5.674271392822265625e+01 5.351086044311523438e+01
3.531843185424804688e+01 9.251889038085937500e+01
-1.029212665557861328e+01 2.313147544860839844e+01
4.338568878173828125e+01 8.833925628662109375e+01
2.168342399597167969e+01 1.153646850585937500e+02
3.604487228393554688e+01 9.046756744384765625e+01
3.064970588684082031e+01 1.137013626098632812e+02
6.992115020751953125e+01 2.306793594360351562e+01
5.886114120483398438e+01 -3.919563531875610352e+00
-1.040934562683105469e+01 -3.096592903137207031e+01
2.691704559326171875e+01 1.068565826416015625e+02
2.679722785949707031e+01 1.155177993774414062e+02
-6.626621246337890625e+01 1.761195373535156250e+01
-2.734745788574218750e+01 -3.741935348510742188e+01
4.233912277221679688e+01 -8.277168273925781250e+01
-2.945758628845214844e+01 1.454443359375000000e+01
3.785646438598632812e+01 -5.410130310058593750e+01
1.915328979492187500e+01 4.978646850585937500e+01
8.195555877685546875e+01 -4.190688323974609375e+01
-3.077636718750000000e+01 2.699811935424804688e+01
-8.472763824462890625e+01 -1.825243186950683594e+01
2.372831726074218750e+01 1.185387191772460938e+02
-2.806302070617675781e+00 -4.970324325561523438e+01
3.625066375732421875e+01 1.087119064331054688e+02
1.974650979042053223e+00 1.093729877471923828e+01
2.235360527038574219e+01 -3.688746643066406250e+01
-1.795310592651367188e+01 1.637636566162109375e+01
-5.654071426391601562e+01 -1.940097236633300781e+01
3.910908508300781250e+01 1.116636962890625000e+02
-6.384197616577148438e+01 5.567486286163330078e+00
-9.008877754211425781e+00 -3.089231300354003906e+01
1.632592010498046875e+01 1.208807296752929688e+02
3.402357864379882812e+01 -4.942842102050781250e+01
5.134862899780273438e+01 -8.073265838623046875e+01
3.994643783569335938e+01 -8.267185974121093750e+01
5.657769775390625000e+01 5.425058364868164062e+01
-1.400323867797851562e+01 -3.907720565795898438e+01
1.061946201324462891e+01 1.141290206909179688e+02
1.430268192291259766e+01 1.112018661499023438e+02
-2.561722755432128906e+01 1.784848785400390625e+01
-2.186951828002929688e+01 7.657756805419921875e+01
-8.545637512207031250e+01 -3.817029953002929688e+01
2.888026428222656250e+01 1.677020072937011719e+01
-6.589141082763671875e+01 -2.574353790283203125e+01
2.697456932067871094e+01 1.199126129150390625e+02
3.552268600463867188e+01 8.983890533447265625e+01
1.850360488891601562e+01 9.813620758056640625e+01
2.204343223571777344e+01 1.186100616455078125e+02
2.238406562805175781e+01 7.876435852050781250e+01
-3.338051605224609375e+01 -5.777729415893554688e+01
4.353583908081054688e+01 -7.351246643066406250e+01
3.857962417602539062e+01 8.732151794433593750e+01
-9.157292175292968750e+01 -1.430678844451904297e+01
-5.909351348876953125e+01 -2.792544746398925781e+01
2.288248062133789062e+01 -4.598636627197265625e+01
5.548783493041992188e+01 -8.353983306884765625e+01
-9.682636260986328125e+01 -2.133538246154785156e+01
-1.356931400299072266e+01 -3.989247131347656250e+01
-5.374154281616210938e+01 5.163248062133789062e+00
5.403890609741210938e+01 -4.262976837158203125e+01
-6.378018569946289062e+01 1.315263843536376953e+01
5.532106399536132812e+01 3.075690650939941406e+01
2.975262641906738281e+00 -5.121599960327148438e+01
2.243866729736328125e+01 1.123773422241210938e+02
5.367135620117187500e+01 3.167056846618652344e+01
2.106196594238281250e+01 1.045188140869140625e+02
3.375031280517578125e+01 4.654249954223632812e+01
2.545003128051757812e+01 1.244385223388671875e+02
6.743814849853515625e+01 2.392940711975097656e+01
3.851279449462890625e+01 1.103454055786132812e+02
3.322102355957031250e+01 9.250922393798828125e+01
-1.504047679901123047e+01 1.970901489257812500e+01
5.519373703002929688e+01 3.087645721435546875e+01
5.516872024536132812e+01 -5.184216308593750000e+01
5.016491317749023438e+01 5.565929031372070312e+01
2.146616363525390625e+01 1.137159881591796875e+02
-7.432865142822265625e+01 7.209477901458740234e+00
8.118629455566406250e+01 -3.553232192993164062e+01
5.028131103515625000e+01 -7.373206329345703125e+01
6.138954925537109375e+01 -4.635620498657226562e+01
5.637392807006835938e+01 -4.446874618530273438e+01
5.036372756958007812e+01 -5.221117782592773438e+01
4.273250579833984375e+01 7.835042572021484375e+01
3.064078712463378906e+01 8.596926116943359375e+01
7.611367797851562500e+01 -4.280268478393554688e+01
-9.326078414916992188e+00 -3.730984115600585938e+01
2.347890090942382812e+01 9.012035369873046875e+01
2.136231231689453125e+01 1.146422500610351562e+02
5.058356094360351562e+01 -4.962769699096679688e+01
7.759611511230468750e+01 -4.704456329345703125e+01
2.434209734201431274e-01 -8.795816302299499512e-01
4.965338897705078125e+01 -4.472531509399414062e+01
1.926119613647460938e+01 8.305255889892578125e+01
-4.815029144287109375e+01 -5.362563705444335938e+01
1.296766090393066406e+01 -8.288659667968750000e+01
4.693076324462890625e+01 -7.289401245117187500e+01
2.428291511535644531e+01 -4.206504440307617188e+01
4.748517608642578125e+01 -6.419673156738281250e+01
-8.508454132080078125e+01 -3.266026687622070312e+01
-3.543454360961914062e+01 -4.975830078125000000e+01
2.437097549438476562e+01 -4.889143753051757812e+01
-1.918387794494628906e+01 6.004989242553710938e+01
4.332576370239257812e+01 7.591685485839843750e+01
-2.219145965576171875e+01 8.312834167480468750e+01
-4.798589324951171875e+01 -2.569439125061035156e+01
-4.282167053222656250e+01 -4.859153747558593750e+01
1.661837005615234375e+01 1.290856475830078125e+02
2.204482269287109375e+01 -2.339210891723632812e+01
2.245475196838378906e+01 1.068999938964843750e+02
2.631827163696289062e+01 1.069791030883789062e+02
7.125279998779296875e+01 -4.069617843627929688e+01
-8.484621047973632812e-01 -4.787317657470703125e+01
4.500566101074218750e+01 -8.164817810058593750e+01
2.830008125305175781e+01 8.865818023681640625e+01
-3.988836288452148438e+01 -4.065156936645507812e+01
3.360115814208984375e+01 8.547084808349609375e+01
3.903671264648437500e+01 1.073529510498046875e+02
-1.586921811103820801e+00 -2.414790534973144531e+01
-9.876834869384765625e+01 -1.646826171875000000e+01
-8.438932037353515625e+01 -7.287037372589111328e+00
7.365110015869140625e+01 -3.869168090820312500e+01
-5.752647781372070312e+01 -3.632114410400390625e+01
-3.577419281005859375e+01 -3.515288162231445312e+01
-6.786905765533447266e+00 -3.866685867309570312e+01
5.463016128540039062e+01 -7.156151580810546875e+01
4.778781890869140625e+01 -5.146103668212890625e+01
3.059968948364257812e+01 1.172669601440429688e+02
-4.398358917236328125e+01 -3.946222686767578125e+01
5.524985504150390625e+01 -5.585569381713867188e+01
3.302399826049804688e+01 9.009958648681640625e+01
-5.484471893310546875e+01 -3.121733856201171875e+01
3.118660926818847656e+01 2.390446662902832031e+00
3.787991333007812500e+01 7.153314208984375000e+01
-2.643579673767089844e+01 -6.260840225219726562e+01
-2.348316192626953125e+01 7.617372894287109375e+01
1.785834503173828125e+01 1.124395446777343750e+02
4.493497848510742188e+01 -5.256429290771484375e+01
2.505676269531250000e+01 1.162384414672851562e+02
-5.589964294433593750e+01 -1.447778224945068359e+01
-7.921366119384765625e+01 3.344503021240234375e+01
3.835369491577148438e+01 7.893154144287109375e+01
1.926944160461425781e+01 4.919123840332031250e+01
3.504994964599609375e+01 8.869004821777343750e+01
1.970885467529296875e+01 -5.800396347045898438e+01
5.465402221679687500e+01 -5.099661254882812500e+01
-2.191537094116210938e+01 8.436721801757812500e+01
7.934323120117187500e+01 -3.759466934204101562e+01
1.722840690612792969e+01 1.128421096801757812e+02
-9.740778350830078125e+01 -1.486734294891357422e+01
-5.625325012207031250e+01 1.456524753570556641e+01
2.310848045349121094e+01 -7.091498851776123047e+00
4.639543151855468750e+01 7.650067138671875000e+01
4.353985977172851562e+01 4.610911941528320312e+01
7.816632270812988281e+00 -1.433288097381591797e+01
1.375144195556640625e+01 1.203248367309570312e+02
2.041622734069824219e+01 8.811423492431640625e+01
3.780981826782226562e+01 1.062098007202148438e+02
1.140338611602783203e+01 1.080753784179687500e+02
-8.650935173034667969e+00 1.498733901977539062e+01
7.261664581298828125e+01 -4.937918472290039062e+01
1.508517265319824219e+01 1.079590148925781250e+02
2.169551086425781250e+01 5.580748748779296875e+01
-7.340777587890625000e+01 2.329020690917968750e+01
-1.723641204833984375e+01 -5.390501976013183594e+00
7.883198738098144531e+00 5.873892974853515625e+01
-7.911862945556640625e+01 6.090053081512451172e+00
-5.185040283203125000e+01 -3.136082458496093750e+01
3.146947669982910156e+01 -8.490250396728515625e+01
3.766165161132812500e+01 -4.590315246582031250e+01
1.426103591918945312e+01 1.157997055053710938e+02
-6.278158187866210938e+00 -3.759507369995117188e+01
4.867807769775390625e+01 -5.076935958862304688e+01
1.743306159973144531e+01 5.059640121459960938e+01
2.054083633422851562e+01 1.045502243041992188e+02
4.234228610992431641e+00 -4.814252471923828125e+01
3.095553779602050781e+01 7.972624969482421875e+01
-1.948464202880859375e+01 8.412815856933593750e+01
4.042716979980468750e+01 5.663888168334960938e+01
-2.867981910705566406e+01 7.918959045410156250e+01
1.612284088134765625e+01 -7.552843475341796875e+01
7.747053527832031250e+01 -3.411846542358398438e+01
4.580166244506835938e+01 -5.553772735595703125e+01
3.736565017700195312e+01 8.307203674316406250e+01
2.536555099487304688e+01 -2.741514778137207031e+01
5.538431930541992188e+01 4.959830474853515625e+01
3.173756980895996094e+01 9.885112762451171875e+01
-3.973888397216796875e+01 -7.367569732666015625e+01
2.587367630004882812e+01 -4.632684326171875000e+01
2.397749519348144531e+01 1.093019180297851562e+02
5.091068649291992188e+01 5.751054763793945312e+01
-7.814360046386718750e+01 2.020410156250000000e+01
-5.890127944946289062e+01 7.920629978179931641e+00
6.806674957275390625e+01 2.558184242248535156e+01
-4.031916809082031250e+01 -1.839129829406738281e+01
-4.163846588134765625e+01 -5.438525772094726562e+01
4.871181869506835938e+01 4.898114395141601562e+01
4.570058441162109375e+01 8.312947845458984375e+01
5.206948089599609375e+01 5.576642608642578125e+01
2.000694274902343750e-01 -4.886929702758789062e+01
1.078955936431884766e+01 -2.024638652801513672e+00
3.001115417480468750e+01 8.386914825439453125e+01
-2.874817657470703125e+01 8.586356353759765625e+01
3.868994474411010742e+00 2.074210643768310547e+00
2.400273895263671875e+01 -5.817569732666015625e+01
-8.718032836914062500e+01 -1.679459571838378906e+01
6.129363250732421875e+01 -5.147248458862304688e+01
-6.226856994628906250e+01 1.843557929992675781e+01
-5.397237300872802734e+00 5.846951961517333984e+00
-3.709195327758789062e+01 -5.158995437622070312e+01
-7.954832458496093750e+01 1.448103523254394531e+01
3.496962738037109375e+01 8.636994171142578125e+01
4.210060501098632812e+01 8.189891815185546875e+01
-3.045050239562988281e+01 -5.960714721679687500e+01
-3.012187767028808594e+01 -1.869650721549987793e+00
-1.275144100189208984e+01 4.849796676635742188e+01
1.975110244750976562e+01 1.082336120605468750e+02
3.044529342651367188e+01 1.144603805541992188e+02
-1.797035598754882812e+01 -1.496747374534606934e+00
-4.031366348266601562e+00 4.732856369018554688e+01
2.938732528686523438e+01 1.075675354003906250e+02
-8.602616310119628906e+00 8.861435699462890625e+01
7.625621795654296875e+00 7.461057662963867188e+00
2.474029350280761719e+01 -9.567767333984375000e+01
3.623522567749023438e+01 1.086935043334960938e+02
1.681441307067871094e+01 1.139590301513671875e+02
3.748288345336914062e+01 9.379198455810546875e+01
2.382850265502929688e+01 -2.477908515930175781e+01
4.921879577636718750e+01 5.716139984130859375e+01
7.349293518066406250e+01 -4.373849868774414062e+01
5.345304107666015625e+01 1.109936332702636719e+01
3.866164398193359375e+01 7.445829772949218750e+01
3.103672027587890625e+01 -7.276682281494140625e+01
1.083474063873291016e+01 1.008903274536132812e+02
1.870652198791503906e+01 9.099720764160156250e+01
-5.494058609008789062e+01 6.772725582122802734e+00
5.107746887207031250e+01 3.146154212951660156e+01
1.076322317123413086e+00 2.164708900451660156e+01
4.269702911376953125e+01 7.884033966064453125e+01
-7.883560180664062500e+01 7.079374313354492188e+00
4.648817825317382812e+01 7.000035858154296875e+01
-9.755677032470703125e+01 1.247086620330810547e+01
4.725508880615234375e+01 -8.110892486572265625e+01
-2.221334266662597656e+01 -5.369636058807373047e+00
3.441446685791015625e+01 1.159319229125976562e+02
-2.139601707458496094e+01 8.526802062988281250e+01
-9.143798828125000000e+01 -1.784523248672485352e+00
1.527796268463134766e+00 8.625569343566894531e+00
2.452226638793945312e+01 1.129671630859375000e+02
3.994898605346679688e+01 7.374588012695312500e+01
-2.568021774291992188e+01 8.972002410888671875e+01
2.698960685729980469e+01 7.693796539306640625e+01
1.438557052612304688e+01 1.063585662841796875e+02
3.189104461669921875e+01 8.669713592529296875e+01
1.402399921417236328e+01 1.134350814819335938e+02
-8.007365417480468750e+01 -1.019188880920410156e+01
-5.737768173217773438e+00 -4.836709594726562500e+01
2.885919570922851562e+01 8.167351531982421875e+01
2.397785377502441406e+01 5.481916809082031250e+01
3.321832656860351562e+01 1.172449111938476562e+02
3.142232513427734375e+01 7.909962463378906250e+01
5.754153823852539062e+01 5.894014358520507812e+00
-2.817362022399902344e+01 -6.021918106079101562e+01
-3.403729248046875000e+01 1.219073390960693359e+01
6.014266490936279297e+00 1.138915634155273438e+02
-6.036319732666015625e+01 2.187742233276367188e+01
4.074208450317382812e+01 5.951086044311523438e+00
5.587799072265625000e+00 1.069951477050781250e+02
4.352323150634765625e+01 8.544630432128906250e+01
-3.677900695800781250e+01 -1.730780601501464844e+01
9.642188072204589844e+00 5.566669845581054688e+01
3.127016830444335938e+01 7.886549377441406250e+01
3.671192169189453125e+01 8.396957397460937500e+01
1.808426475524902344e+01 -4.068584060668945312e+01
1.141206455230712891e+01 5.312938690185546875e+01
5.631269454956054688e+01 3.654506683349609375e+01
2.225162506103515625e+01 -2.413756561279296875e+01
-1.537334537506103516e+01 -3.897764587402343750e+01
3.764217376708984375e+01 9.187879943847656250e+01
2.958620071411132812e+01 1.695421791076660156e+01
4.028744506835937500e+01 7.624980163574218750e+01
-1.073699111938476562e+02 -2.830000305175781250e+01
2.605706977844238281e+01 1.060688934326171875e+02
-2.778937911987304688e+01 -6.266017532348632812e+01
4.709276962280273438e+01 6.754055023193359375e+01
-1.110030746459960938e+01 7.066651916503906250e+01
-6.068513393402099609e+00 -2.062161445617675781e+01
-6.467095947265625000e+01 1.007427120208740234e+01
-4.954175472259521484e+00 -2.529270172119140625e+01
3.903101348876953125e+01 -1.713976478576660156e+01
-2.166201400756835938e+01 7.193850708007812500e+01
5.400308609008789062e+01 4.074071884155273438e+01
3.378612899780273438e+01 -8.431275177001953125e+01
2.311634063720703125e+01 1.276097412109375000e+02
-9.199583053588867188e+00 8.888824462890625000e+00
3.731040573120117188e+01 1.080223083496093750e+02
-2.396886253356933594e+01 -4.556634902954101562e+01
-3.196283721923828125e+01 -7.841090393066406250e+01
-8.386553192138671875e+01 3.026441192626953125e+01
-2.799448394775390625e+01 1.001658058166503906e+01
-3.772497177124023438e+01 -7.306581115722656250e+01
-4.776943206787109375e+00 -2.345992279052734375e+01
9.507331252098083496e-01 -5.167807769775390625e+01
-1.725462913513183594e+01 1.701176643371582031e+01
5.128308868408203125e+01 -7.703047943115234375e+01
2.246368408203125000e+01 5.999654388427734375e+01
4.407324600219726562e+01 8.897133636474609375e+01
2.860670661926269531e+01 9.174125671386718750e+01
-5.645234298706054688e+01 -8.683043479919433594e+00
4.867538452148437500e+01 -4.994742202758789062e+01
5.055266571044921875e+01 -7.895886993408203125e+01
5.500071334838867188e+01 -4.740128707885742188e+01
-1.165340137481689453e+01 -3.266599655151367188e+01
-9.820011138916015625e+00 -3.040914916992187500e+01
-4.026502227783203125e+01 -5.215631103515625000e+01
-3.707715749740600586e+00 -2.742921447753906250e+01
2.470212364196777344e+01 1.631097984313964844e+01
1.602107429504394531e+01 8.100065231323242188e+00
6.386764907836914062e+01 -4.416353225708007812e+01
1.664202117919921875e+01 7.861584472656250000e+01
1.620500946044921875e+01 1.006334838867187500e+02
6.453227996826171875e+01 2.304687690734863281e+01
4.101681518554687500e+01 1.379340839385986328e+01
-7.709423828125000000e+01 2.824888801574707031e+01
2.094404983520507812e+01 1.272787170410156250e+02
3.991739654541015625e+01 7.028913879394531250e+01
3.589263534545898438e+01 -1.470050334930419922e+01
3.936878204345703125e+01 9.121644592285156250e+01
5.378317260742187500e+01 3.904100418090820312e+01
-3.513051605224609375e+01 -1.747419685125350952e-01
-2.032189369201660156e+01 4.453702163696289062e+01
3.984666824340820312e+01 5.317804336547851562e+00
-4.560570907592773438e+01 -6.942330169677734375e+01
5.107911682128906250e+01 -7.322650146484375000e+01
1.972629928588867188e+01 1.150006179809570312e+02
5.146946716308593750e+01 4.954394912719726562e+01
2.535088729858398438e+01 1.202725830078125000e+02
1.397212314605712891e+01 -4.425065612792968750e+01
2.187352752685546875e+01 -9.329982757568359375e+01
2.310572814941406250e+01 1.037060165405273438e+02
1.825257873535156250e+01 4.835531234741210938e+01
-9.305561065673828125e+00 1.398138999938964844e+01
1.406729030609130859e+01 4.736135101318359375e+01
-7.953710174560546875e+01 -1.758568000793457031e+01
-6.281445312500000000e+01 2.045034790039062500e+01
-6.505773925781250000e+01 -2.398932266235351562e+01
-9.231481552124023438e+00 1.383068275451660156e+01
-2.508512306213378906e+01 8.726090431213378906e+00
3.254968261718750000e+01 8.475251770019531250e+01
-5.546350479125976562e+01 1.993547058105468750e+01
-9.185080528259277344e+00 7.923383235931396484e+00
1.765433311462402344e+01 1.032917556762695312e+02
-5.433581161499023438e+01 -8.986261367797851562e+00
3.005115318298339844e+01 8.926016235351562500e+01
4.060666656494140625e+01 7.549329376220703125e+01
-9.152293395996093750e+01 -1.805092430114746094e+01
-8.064229583740234375e+01 1.340024232864379883e+00
1.032749843597412109e+01 -1.855381011962890625e+01
2.163295555114746094e+01 7.995304107666015625e+01
9.138392448425292969e+00 8.595305442810058594e+00
5.690131759643554688e+01 -2.458285808563232422e+00
2.249183273315429688e+01 -9.221214294433593750e+01
2.489347267150878906e+01 -7.655093383789062500e+01
-9.383962249755859375e+01 2.136607170104980469e+01
3.064232826232910156e+00 5.064233303070068359e+00
2.510805320739746094e+01 7.655296325683593750e+01
3.967767333984375000e+01 7.107498168945312500e+01
-6.124277877807617188e+01 -1.292194080352783203e+01
-2.800814628601074219e+01 1.555675268173217773e+00
-4.495600891113281250e+01 3.850613784790039062e+01
-8.385396575927734375e+01 3.047655296325683594e+01
1.852237892150878906e+01 1.053576660156250000e+02
-2.860281562805175781e+01 2.555177116394042969e+01
2.576946449279785156e+01 1.160668563842773438e+02
2.812543487548828125e+01 9.456808471679687500e+01
2.202361679077148438e+01 1.005554046630859375e+02
-1.151385498046875000e+01 -4.176757812500000000e+01
1.598390769958496094e+01 1.197257919311523438e+02
3.242834472656250000e+01 1.285619926452636719e+01
5.590147781372070312e+01 3.365376663208007812e+01
2.929751014709472656e+01 1.066736373901367188e+02
3.575139236450195312e+01 8.250321960449218750e+01
5.375186157226562500e+01 -5.761309814453125000e+01
-9.723932647705078125e+01 -2.217452239990234375e+01
-3.092495346069335938e+01 -5.673359298706054688e+01
-6.318956756591796875e+01 -4.245463848114013672e+00
9.208606719970703125e+00 1.803929901123046875e+01
-8.419738769531250000e+01 -2.882353782653808594e+01
2.358625793457031250e+01 1.099668045043945312e+02
-4.945313644409179688e+01 5.086870574951171875e+01
-9.432236480712890625e+01 2.025923728942871094e+01
1.158225727081298828e+01 -7.384619712829589844e+00
-1.874902725219726562e+01 8.014274597167968750e+01
-1.056910037994384766e+01 -3.291460418701171875e+01
6.873184204101562500e+01 2.478351211547851562e+01
2.139048957824707031e+01 8.524675750732421875e+01
5.260406875610351562e+01 -7.387835979461669922e+00
-4.456570053100585938e+01 2.082164382934570312e+01
2.555277824401855469e+01 -9.287551116943359375e+01
2.828506088256835938e+01 1.249530029296875000e+02
9.938529968261718750e+00 2.280745506286621094e+00
4.757027053833007812e+01 7.701645660400390625e+01
-2.950250244140625000e+01 2.320339775085449219e+01
-4.484659671783447266e+00 2.417072486877441406e+01
2.045183372497558594e+01 3.612876510620117188e+01
-3.555172348022460938e+01 -8.102689361572265625e+01
1.872756004333496094e+01 8.596632385253906250e+01
-7.916578674316406250e+01 2.709869766235351562e+01
1.777397346496582031e+01 7.679491424560546875e+01
5.094041442871093750e+01 -5.152227401733398438e+01
1.186334800720214844e+01 6.182077884674072266e+00
6.888971710205078125e+01 -5.768562316894531250e+01
1.126917648315429688e+01 1.941390609741210938e+01
3.597576856613159180e+00 -2.766307830810546875e+01
-9.441616821289062500e+01 -1.687470245361328125e+01
4.514385986328125000e+01 8.613223266601562500e+01
5.202565002441406250e+01 2.848961639404296875e+01
3.869453811645507812e+01 -7.375690460205078125e+01
5.542916107177734375e+01 -8.353595733642578125e+01
2.117255401611328125e+01 1.227482604980468750e+02
-9.853361511230468750e+01 -2.108662605285644531e+01
1.272651004791259766e+01 -2.817033576965332031e+01
6.685720920562744141e+00 7.381719970703125000e+01
-4.268190383911132812e+01 -5.098763275146484375e+01
7.104078292846679688e+00 -2.009515571594238281e+01
1.583473300933837891e+01 7.692266082763671875e+01
-5.750522994995117188e+01 1.898866271972656250e+01
4.658345794677734375e+01 -4.487129974365234375e+01
-8.851812744140625000e+01 -3.313396072387695312e+01
8.144507408142089844e+00 1.076646652221679688e+02
-1.752600669860839844e+01 8.044844055175781250e+01
-2.770039367675781250e+01 -6.918790817260742188e+00
4.918278884887695312e+01 1.969394493103027344e+01
3.019456672668457031e+01 -7.508451843261718750e+01
-8.992910003662109375e+01 4.657163619995117188e+00
4.677842140197753906e+00 -2.214839744567871094e+01
-7.052416992187500000e+01 -1.114111804962158203e+01
-9.869523620605468750e+01 -1.857946777343750000e+01
2.811894989013671875e+01 8.087419128417968750e+01
1.951924324035644531e+01 2.513845252990722656e+01
2.849464035034179688e+01 1.120993041992187500e+02
-8.286784362792968750e+01 3.226066207885742188e+01
1.529720115661621094e+01 7.948246765136718750e+01
1.055493068695068359e+01 1.078610229492187500e+02
7.103306055068969727e-02 9.845598220825195312e+00
-3.830693054199218750e+01 -1.420332336425781250e+01
8.672028541564941406e+00 1.025368881225585938e+01
-4.117578029632568359e+00 2.107430696487426758e+00
5.078738021850585938e+01 2.870098495483398438e+01
4.546892270445823669e-02 -8.779643058776855469e+00
2.236244773864746094e+01 5.346946716308593750e+01
-2.971945953369140625e+01 -6.227867889404296875e+01
-9.339411926269531250e+01 -1.292489147186279297e+01
-5.579105854034423828e+00 5.939678955078125000e+01
-5.463660430908203125e+01 4.613145828247070312e+00
3.565861892700195312e+01 7.881230926513671875e+01
2.522443199157714844e+01 1.359080505371093750e+01
3.957057952880859375e+01 -3.745662689208984375e+01
-2.230611991882324219e+01 -6.579045104980468750e+01
1.204080390930175781e+01 -1.845204734802246094e+01
-1.069812583923339844e+01 -6.501642608642578125e+01
-4.869238853454589844e+00 -2.522382354736328125e+01
1.752630043029785156e+01 1.060622406005859375e+02
4.743537139892578125e+01 2.330158042907714844e+01
-3.002264976501464844e+01 6.925196075439453125e+01
-3.471951293945312500e+01 -6.486763000488281250e+01
1.789652061462402344e+01 1.041313934326171875e+02
4.215617752075195312e+01 -1.641010475158691406e+01
5.100459289550781250e+01 -7.648104095458984375e+01
-5.831100845336914062e+01 2.372691535949707031e+01
4.633878326416015625e+01 4.115616226196289062e+01
4.359099960327148438e+01 -4.819731521606445312e+01
-4.766076278686523438e+01 -4.145013427734375000e+01
1.401753711700439453e+01 5.536891555786132812e+01
1.535843753814697266e+01 9.513318634033203125e+01
1.353032207489013672e+01 2.327740859985351562e+01
-7.912912750244140625e+01 2.920845985412597656e+01
4.559902191162109375e+01 -6.789479827880859375e+01
2.519592666625976562e+01 1.196202659606933594e+01
-1.035636425018310547e+01 -3.288660430908203125e+01
1.591802597045898438e+01 8.655532836914062500e+01
4.570562744140625000e+01 5.829498672485351562e+01
5.061951446533203125e+01 -5.525306320190429688e+01
2.016648674011230469e+01 1.092149505615234375e+02
1.598338890075683594e+01 1.080466766357421875e+02
1.853765487670898438e+01 -5.079256439208984375e+01
3.380400848388671875e+01 -6.738165283203125000e+01
-1.216203880310058594e+01 7.081445312500000000e+01
-1.317332935333251953e+01 2.416885948181152344e+01
-5.170162963867187500e+01 -4.738859939575195312e+01
-2.707493782043457031e+01 8.171660614013671875e+01
1.674673843383789062e+01 -1.013475418090820312e+02
7.321980476379394531e+00 4.592040634155273438e+01
-1.893404006958007812e+01 8.429818725585937500e+01
1.450273227691650391e+01 1.002760467529296875e+02
-1.256719207763671875e+01 8.331980895996093750e+01
4.052057647705078125e+01 1.117075729370117188e+02
3.301050186157226562e+01 2.441440773010253906e+01
5.154259872436523438e+01 -5.227121734619140625e+01
2.619168090820312500e+01 9.406030273437500000e+01
4.400616073608398438e+01 6.260927963256835938e+01
-9.909734344482421875e+01 -1.528754043579101562e+01
-1.073738555908203125e+02 -2.830294227600097656e+01
1.871838569641113281e+01 2.771541023254394531e+01
2.082462501525878906e+01 -7.616511344909667969e+00
-9.279631614685058594e+00 -6.148969650268554688e+01
-2.443680381774902344e+01 7.763240814208984375e+01
2.542804527282714844e+01 8.731702423095703125e+01
4.685947799682617188e+01 -5.099141311645507812e+01
-2.442695045471191406e+01 -4.982757949829101562e+01
1.409722805023193359e+01 1.036876449584960938e+02
4.531054687500000000e+01 -7.774686431884765625e+01
5.988383102416992188e+01 -4.961222457885742188e+01
-4.335529327392578125e+00 -4.883910369873046875e+01
-4.208604049682617188e+01 -4.094829559326171875e+01
-3.415598297119140625e+01 -5.943912124633789062e+01
-9.664963531494140625e+01 -2.791585159301757812e+01
4.457911014556884766e+00 -2.600260353088378906e+01
-4.430687713623046875e+01 1.634400367736816406e+01
-4.835046386718750000e+01 -5.044536209106445312e+01
3.787199783325195312e+01 -5.419771194458007812e+01
5.491089630126953125e+01 -5.913502120971679688e+01
3.308293533325195312e+01 1.086137542724609375e+02
3.287326812744140625e+01 -3.294829559326171875e+01
-2.221978569030761719e+01 7.474079132080078125e+01
-3.269047546386718750e+01 -1.149375915527343750e+01
1.412185859680175781e+01 7.017737579345703125e+01
4.885766983032226562e+00 7.875424194335937500e+01
8.196350097656250000e+00 -9.586079406738281250e+01
1.761649322509765625e+01 -1.054149093627929688e+02
-8.285504150390625000e+01 2.448982238769531250e+01
-5.586420440673828125e+01 3.075516319274902344e+01
-3.400152206420898438e+01 -5.251616287231445312e+01
1.794243431091308594e+01 5.872447586059570312e+01
-8.265251159667968750e+01 2.531805610656738281e+01
-2.111536788940429688e+01 1.989989280700683594e+01
3.727445983886718750e+01 7.388718414306640625e+01
3.513152694702148438e+01 -7.188568115234375000e+01
-8.451361083984375000e+01 2.038753509521484375e+01
-4.493972396850585938e+01 2.062770080566406250e+01
3.139846992492675781e+01 -3.321406364440917969e+00
3.710997390747070312e+01 -1.428344726562500000e+01
-6.099460220336914062e+01 -2.581814002990722656e+01
7.138216495513916016e+00 3.863697814941406250e+01
2.530939865112304688e+01 8.709638214111328125e+01
-8.235940933227539062e+00 5.530206298828125000e+01
-3.090596961975097656e+01 7.948905944824218750e+01
-6.428194427490234375e+01 1.141307353973388672e+01
-9.133719205856323242e-01 -1.503767681121826172e+01
3.773698425292968750e+01 -7.441338348388671875e+01
-1.556909751892089844e+01 -1.867028236389160156e+01
4.319174575805664062e+01 -8.192095184326171875e+01
-6.258124923706054688e+01 -2.890410232543945312e+01
-1.759214591979980469e+01 -1.496231651306152344e+01
6.503753662109375000e+01 -5.432552719116210938e+01
4.270772552490234375e+01 -4.145322418212890625e+01
4.393988418579101562e+01 5.958308410644531250e+01
5.998125457763671875e+01 -3.096021842956542969e+01
-1.026644802093505859e+01 -6.556011962890625000e+01
-1.384759616851806641e+01 5.383975219726562500e+01
2.426226806640625000e+01 -9.382992553710937500e+01
3.167655372619628906e+01 -8.583467864990234375e+01
-5.430680751800537109e+00 -3.348220062255859375e+01
1.973755955696105957e+00 6.537406921386718750e+01
-1.513103008270263672e+01 1.112735462188720703e+01
-1.788065147399902344e+01 8.531399536132812500e+01
2.136865139007568359e+00 -6.177222728729248047e+00
4.145314407348632812e+01 -7.564654541015625000e+01
1.830182647705078125e+01 -3.957589340209960938e+01
2.515021562576293945e+00 -1.937051415443420410e+00
-2.165321731567382812e+01 8.203846740722656250e+01
-2.163718986511230469e+01 -4.713119983673095703e+00
5.102639389038085938e+01 3.167520713806152344e+01
-6.510326385498046875e+01 -2.392834854125976562e+01
4.357494735717773438e+01 6.033627700805664062e+01
2.314416170120239258e+00 2.519000625610351562e+01
-3.165609550476074219e+01 3.115506172180175781e+00
-3.984690475463867188e+01 -1.415542030334472656e+01
3.936220550537109375e+01 1.118827819824218750e+02
-4.491492271423339844e+00 1.649526214599609375e+01
-9.857193756103515625e+01 -2.253061866760253906e+01
7.150887298583984375e+01 -4.768289566040039062e+01
6.591137409210205078e+00 -4.049334716796875000e+01
5.046049880981445312e+01 3.365334320068359375e+01
-8.823182678222656250e+01 -1.887501144409179688e+01
-4.983589935302734375e+01 -1.183766460418701172e+01
-8.975520324707031250e+01 -2.011980056762695312e+01
2.234307479858398438e+01 -4.388533401489257812e+01
-1.031051483154296875e+02 -1.300617218017578125e+01
-1.177643775939941406e+01 -3.793119430541992188e+01
-4.258787155151367188e+01 2.521556854248046875e+01
-1.495292663574218750e+01 -8.329958915710449219e+00
-1.007250976562500000e+01 -2.834780311584472656e+01
2.332330513000488281e+01 -3.845199203491210938e+01
7.114522933959960938e+00 6.110152816772460938e+01
6.363367080688476562e+00 1.111480484008789062e+02
4.569335174560546875e+01 -6.661600494384765625e+01
4.145757293701171875e+01 -3.961856079101562500e+01
1.883563041687011719e+01 5.455960845947265625e+01
-9.486201405525207520e-01 7.167551517486572266e+00
5.694662094116210938e+01 3.042481231689453125e+01
6.970407104492187500e+01 2.739483261108398438e+01
-4.624713134765625000e+01 2.884998512268066406e+01
-8.042081832885742188e+00 5.491293716430664062e+01
-2.496255493164062500e+01 7.777935791015625000e+01
-2.062031936645507812e+01 2.423865890502929688e+01
-2.790507316589355469e+01 -1.573676395416259766e+01
-6.994061279296875000e+01 4.959245681762695312e+00
4.199795532226562500e+01 7.195285797119140625e+01
-9.496514129638671875e+01 2.525516319274902344e+01
-1.108409500122070312e+01 3.560276031494140625e+00
2.543515682220458984e+00 9.628361701965332031e+00
2.148081207275390625e+01 5.767034912109375000e+01
8.877892494201660156e+00 -9.888896942138671875e+00
-1.752865982055664062e+01 -3.740509510040283203e+00
6.973615169525146484e+00 1.102389373779296875e+02
-7.708181762695312500e+01 2.607134056091308594e+01
-2.390782165527343750e+01 2.187585067749023438e+01
-6.704837799072265625e+01 2.045532798767089844e+01
-1.509113693237304688e+01 5.701421737670898438e+01
4.655080795288085938e+00 1.508193683624267578e+01
-1.878205871582031250e+01 7.432288360595703125e+01
5.763201141357421875e+01 -7.917658233642578125e+01
4.969783401489257812e+01 5.882769775390625000e+01
2.023137664794921875e+01 2.657167053222656250e+01
2.767851066589355469e+01 -1.528771686553955078e+01
8.375542640686035156e+00 5.696717453002929688e+01
-3.149961280822753906e+01 -1.452936744689941406e+01
4.606712341308593750e+01 1.913445281982421875e+01
2.183264160156250000e+01 -1.835983467102050781e+01
-2.202669334411621094e+01 -6.138278198242187500e+01
3.139608383178710938e+01 -4.637861251831054688e+01
-8.765390777587890625e+01 5.429220676422119141e+00
-6.640620422363281250e+01 -2.299621582031250000e+01
-2.098418426513671875e+01 7.473105621337890625e+01
2.594556808471679688e+01 8.067748260498046875e+01
-8.280936431884765625e+01 -3.032550430297851562e+01
1.368007564544677734e+01 1.063403472900390625e+02
6.859313201904296875e+01 -5.688050079345703125e+01
4.841205978393554688e+01 5.731784057617187500e+01
-8.823280334472656250e+00 6.240754699707031250e+01
4.918320178985595703e+00 1.067982292175292969e+01
-2.980270957946777344e+01 1.406877517700195312e+01
5.370950698852539062e+01 -4.026273727416992188e+01
-9.909994125366210938e+00 -3.727252197265625000e+01
-1.703955268859863281e+01 8.314792633056640625e+01
5.855060577392578125e+01 3.960976028442382812e+01
1.559723281860351562e+01 -3.090343856811523438e+01
-2.880685234069824219e+01 8.183632659912109375e+01
5.166618347167968750e+01 -4.253829574584960938e+01
-5.868050003051757812e+01 -3.584201049804687500e+01
-8.792533874511718750e+01 -2.259318542480468750e+01
2.018876838684082031e+01 -4.726313400268554688e+01
-5.996718215942382812e+01 -3.885202789306640625e+01
-2.103248786926269531e+01 4.958010482788085938e+01
3.519525146484375000e+01 -6.515318298339843750e+01
-9.825113677978515625e+01 -1.933795928955078125e+01
-4.978762817382812500e+01 4.998923873901367188e+01
-7.924638366699218750e+01 3.299319839477539062e+01
-7.974097442626953125e+01 -1.106550025939941406e+01
-2.207718276977539062e+01 8.487866401672363281e+00
1.431804370880126953e+01 2.326954650878906250e+01
2.476720237731933594e+01 -9.191066741943359375e+01
1.808205795288085938e+01 2.721891975402832031e+01
-5.472098922729492188e+01 2.944428062438964844e+01
-6.670825958251953125e+01 -2.288326454162597656e+01
-8.797909545898437500e+01 -1.867470741271972656e+01
1.291547012329101562e+01 5.101584625244140625e+01
2.188510894775390625e+01 1.196384124755859375e+02
1.754578399658203125e+01 8.471997833251953125e+01
-1.788469886779785156e+01 3.055797815322875977e-01
4.797330856323242188e+01 2.848538208007812500e+01
2.126333713531494141e+00 -9.240480422973632812e+00
1.846505641937255859e+00 6.303452682495117188e+01
2.174897909164428711e+00 3.278301715850830078e+00
5.916869354248046875e+01 -5.433512496948242188e+01
-3.524155044555664062e+01 2.252671051025390625e+01
3.847100019454956055e+00 -4.707300949096679688e+01
2.589371299743652344e+01 -4.316349411010742188e+01
-4.347105407714843750e+01 2.417568969726562500e+01
-5.625374221801757812e+01 -3.181562423706054688e+01
3.756250619888305664e+00 -4.641094970703125000e+01
5.584732818603515625e+01 -7.185355377197265625e+01
2.768181419372558594e+01 -6.786433410644531250e+01
3.217607879638671875e+01 8.917919921875000000e+01
-5.353994750976562500e+01 -1.542149353027343750e+01
2.698301315307617188e+01 -1.040372085571289062e+02
4.530192184448242188e+01 5.141587448120117188e+01
-3.656123733520507812e+01 -3.571786880493164062e+01
-5.255527496337890625e+01 -5.357550048828125000e+01
5.546875000000000000e+01 -5.141079330444335938e+01
-2.083879470825195312e+01 8.962411880493164062e+00
5.349597930908203125e+01 -3.319715881347656250e+01
5.851541519165039062e+00 9.415872192382812500e+01
-5.047256088256835938e+01 5.841677665710449219e+00
-3.510816574096679688e+00 -2.246931457519531250e+01
3.375224685668945312e+01 7.078908538818359375e+01
2.455333518981933594e+01 -7.705467224121093750e+01
1.526251673698425293e+00 6.282535171508789062e+01
-6.593722534179687500e+01 4.509404182434082031e+00
5.927652740478515625e+01 -5.468204116821289062e+01
5.360610198974609375e+01 -7.601227569580078125e+01
-3.715754699707031250e+01 -4.417978668212890625e+01
-2.451342391967773438e+01 7.970541381835937500e+01
1.146694564819335938e+01 5.653180313110351562e+01
1.148002743721008301e+00 -3.076456069946289062e+01
-3.688018417358398438e+01 3.185824775695800781e+01
-6.611424922943115234e+00 4.282986068725585938e+01
3.484411239624023438e+01 7.079576873779296875e+01
1.308247184753417969e+01 4.747230529785156250e+01
-6.524079895019531250e+01 -3.098737716674804688e+01
-1.108397579193115234e+01 1.525935363769531250e+01
-9.218647766113281250e+01 -2.147305679321289062e+01
4.744124221801757812e+01 2.503044891357421875e+01
7.335593414306640625e+01 -5.596411514282226562e+01
6.675034332275390625e+01 -5.063454437255859375e+01
-8.384714126586914062e+00 -3.061001586914062500e+01
5.309630966186523438e+01 4.321705627441406250e+01
-8.105913543701171875e+01 4.638741970062255859e+00
2.199537467956542969e+01 1.270284042358398438e+02
-2.307062149047851562e+01 -3.532399749755859375e+01
-2.178681755065917969e+01 6.204103088378906250e+01
4.589691543579101562e+01 -7.186792755126953125e+01
6.514386749267578125e+01 -5.291006469726562500e+01
4.938002014160156250e+01 -7.979404449462890625e+01
-1.922794723510742188e+01 8.230871582031250000e+01
1.387123012542724609e+01 2.088103103637695312e+01
3.472490310668945312e+01 -1.430652427673339844e+01
1.823957443237304688e+01 5.010913848876953125e+01
2.952173042297363281e+01 -1.049236755371093750e+02
1.317213821411132812e+01 2.170496749877929688e+01
-9.711277770996093750e+01 -1.692566680908203125e+01
-7.244645804166793823e-02 5.590099716186523438e+01
7.309786987304687500e+01 -4.489631271362304688e+01
-4.754828262329101562e+01 -1.199544429779052734e+01
5.885277175903320312e+01 -4.611722946166992188e+01
-1.494338154792785645e+00 9.739377975463867188e+00
-4.840142059326171875e+01 -5.033906555175781250e+01
-2.303991699218750000e+01 7.226322174072265625e+01
6.581864929199218750e+01 2.918371200561523438e+01
-2.542709350585937500e+01 2.275901794433593750e+01
-1.892053031921386719e+01 3.763795852661132812e+01
-8.753659820556640625e+01 -3.296707916259765625e+01
-3.993151092529296875e+01 -6.826891326904296875e+01
4.395342636108398438e+01 6.244166946411132812e+01
-2.416520690917968750e+01 8.396993255615234375e+01
-4.233424758911132812e+01 1.863513755798339844e+01
-7.000318145751953125e+01 -1.015284633636474609e+01
-2.440344429016113281e+01 7.449938964843750000e+01
4.563264083862304688e+01 2.032519531250000000e+01
-2.182443237304687500e+01 6.857362365722656250e+01
2.313441658020019531e+01 5.696340179443359375e+01
3.764325714111328125e+01 6.996298217773437500e+01
8.403616905212402344e+00 1.045169067382812500e+02
-2.579262351989746094e+01 8.015818023681640625e+01
1.769444274902343750e+01 -5.644748306274414062e+01
3.827470016479492188e+01 -4.595642089843750000e+01
-4.160173034667968750e+01 1.052774715423583984e+01
2.032390022277832031e+01 9.542499542236328125e+01
-1.006310749053955078e+01 8.320138931274414062e+00
-8.640876770019531250e+01 3.271407318115234375e+01
1.951518630981445312e+01 5.761042404174804688e+01
5.300753021240234375e+01 4.094802474975585938e+01
5.167961120605468750e+01 1.424850082397460938e+01
-1.597685241699218750e+01 7.278151702880859375e+01
9.160251617431640625e+00 -7.380467987060546875e+01
-7.251402282714843750e+01 -3.372760391235351562e+01
-1.366568470001220703e+01 7.100805664062500000e+01
2.672278594970703125e+01 3.560606384277343750e+01
-4.805632781982421875e+01 -4.625930786132812500e+00
-7.730616760253906250e+01 2.479596519470214844e+01
-2.876449584960937500e+01 3.515673446655273438e+01
-1.968927574157714844e+01 6.172200775146484375e+01
5.641461181640625000e+01 -4.128186798095703125e+01
2.473817062377929688e+01 -5.474919891357421875e+01
5.424482345581054688e+01 -6.887322425842285156e+00
-8.456662750244140625e+01 -3.263159179687500000e+01
-1.474554061889648438e+01 2.260531616210937500e+01
2.068948173522949219e+01 3.594757080078125000e+01
3.936437988281250000e+01 5.772698879241943359e+00
4.585813140869140625e+01 7.638346862792968750e+01
1.088803100585937500e+01 1.027110137939453125e+02
3.124315261840820312e+01 9.964197540283203125e+01
-2.274689674377441406e+01 -5.486231994628906250e+01
1.136470985412597656e+01 9.932559967041015625e+01
-2.597328186035156250e+01 1.260992431640625000e+01
5.588065719604492188e+01 -4.790132904052734375e+01
6.813663482666015625e+01 -4.458520126342773438e+01
-8.470888519287109375e+01 -2.530905532836914062e+01
-2.179244422912597656e+01 8.785935974121093750e+01
4.252537727355957031e+00 1.507655048370361328e+01
-2.587517547607421875e+01 -1.037152786254882812e+02
-1.852992439270019531e+01 6.981718444824218750e+01
-4.572098922729492188e+01 -6.513281822204589844e+00
4.547165298461914062e+01 -4.395105743408203125e+01
8.249668121337890625e+00 -1.090811347961425781e+01
2.526945590972900391e+00 -3.672384643554687500e+01
6.884983062744140625e+01 -5.277199935913085938e+01
-1.459870338439941406e+01 7.982752990722656250e+01
2.728024244308471680e+00 3.715617370605468750e+01
-1.957852935791015625e+01 6.839474487304687500e+01
-3.118382072448730469e+01 -8.135472297668457031e+00
-2.756033134460449219e+01 -4.395279693603515625e+01
-5.408108139038085938e+01 -6.730017185211181641e+00
-2.392191123962402344e+01 1.969373512268066406e+01
4.986260986328125000e+01 4.243267440795898438e+01
7.063383579254150391e+00 5.696031570434570312e+01
7.397510528564453125e+00 -8.047477722167968750e+00
-9.101885986328125000e+01 -1.919289231300354004e+00
-6.768567657470703125e+01 1.516836643218994141e+01
9.708292007446289062e+00 -1.117239856719970703e+01
-2.962247848510742188e+01 8.410594940185546875e+01
-6.641709136962890625e+01 -2.751920509338378906e+01
-7.373010253906250000e+01 1.045083141326904297e+01
-1.992196273803710938e+01 7.605760192871093750e+01
-2.306282997131347656e+01 8.189734649658203125e+01
6.118053913116455078e+00 4.750605010986328125e+01
5.522837829589843750e+01 4.822155952453613281e+00
1.687184906005859375e+01 -4.268632125854492188e+01
-1.758050560951232910e+00 3.547710418701171875e+01
1.534147071838378906e+01 1.827124404907226562e+01
-6.282151031494140625e+01 4.212634277343750000e+01
-3.159712791442871094e+01 -7.880946350097656250e+01
-6.397155380249023438e+01 -3.170237839221954346e-01
4.816564083099365234e+00 -2.481884574890136719e+01
8.163743019104003906e-01 6.566099548339843750e+01
5.481566238403320312e+01 -4.333313369750976562e+01
5.918033599853515625e+01 -4.942519378662109375e+01
6.854209899902343750e+01 -4.375797271728515625e+01
-1.250976753234863281e+01 8.335477447509765625e+01
-5.142633914947509766e+00 -4.461410140991210938e+01
-8.827579498291015625e+00 9.183666229248046875e+00
4.713047790527343750e+01 5.368920516967773438e+01
-2.992082595825195312e+01 -1.563542270660400391e+01
5.247921752929687500e+01 -4.547502517700195312e+01
1.656736564636230469e+01 5.630839920043945312e+01
6.180119323730468750e+01 2.786471557617187500e+01
-3.292965316772460938e+01 7.917761230468750000e+01
-6.655937194824218750e+01 3.094060325622558594e+01
5.989780426025390625e+01 5.136689186096191406e+00
-5.619185256958007812e+01 3.071247291564941406e+01
-1.884076690673828125e+01 4.450169372558593750e+01
-8.267706298828125000e+01 -5.695028781890869141e+00
1.734914970397949219e+01 2.780620002746582031e+01
1.593177223205566406e+01 4.332383346557617188e+01
-4.102832794189453125e+01 -3.906661987304687500e+01
3.183400344848632812e+01 4.566493606567382812e+01
-5.747880554199218750e+01 -2.018264007568359375e+01
-1.816176795959472656e+01 -6.525579071044921875e+01
-1.733988189697265625e+01 -1.795845222473144531e+01
-2.727532958984375000e+01 1.845614051818847656e+01
-1.885839223861694336e+00 9.314348697662353516e-01
-1.821184539794921875e+01 6.873766326904296875e+01
5.271005249023437500e+01 -5.430914688110351562e+01
-5.565690994262695312e+01 -2.468444442749023438e+01
1.928532600402832031e+01 2.568268203735351562e+01
-2.731856155395507812e+01 7.438889312744140625e+01
7.016300964355468750e+01 2.248950767517089844e+01
-7.069292545318603516e+00 1.768974304199218750e+01
4.454679870605468750e+01 -5.260567092895507812e+01
-2.349909782409667969e+01 6.724948883056640625e+01
-1.693071746826171875e+01 3.116228103637695312e+01
-5.434395217895507812e+01 -1.154176712036132812e+01
-7.058125305175781250e+01 -3.830963134765625000e+01
7.672954559326171875e+00 -2.392504501342773438e+01
-2.255000305175781250e+01 7.047705078125000000e+01
-2.279940223693847656e+01 7.742406463623046875e+01
-4.915587615966796875e+01 -1.217391109466552734e+01
-7.096221160888671875e+01 2.199765920639038086e+00
-1.939799880981445312e+01 6.214746475219726562e+01
-1.852833747863769531e+01 8.615813446044921875e+01
5.749103927612304688e+01 -5.678880310058593750e+01
3.168007278442382812e+01 4.536069869995117188e+01
-1.275749969482421875e+01 3.097476196289062500e+01
-1.317747592926025391e+01 1.734856224060058594e+01
-9.442776489257812500e+01 2.684529113769531250e+01
5.635299682617187500e+01 -3.797142791748046875e+01
-7.417818450927734375e+01 2.360469245910644531e+01
-2.825733757019042969e+01 -4.728344440460205078e+00
3.025399208068847656e+01 1.107234954833984375e+02
-3.917030715942382812e+01 -1.687671279907226562e+01
-8.829900360107421875e+01 -1.247252941131591797e+01
-1.589983177185058594e+01 -3.346979141235351562e+01
5.052978897094726562e+01 1.032396411895751953e+01
-4.628288269042968750e+01 2.793189430236816406e+01
8.618865013122558594e+00 5.232848358154296875e+01
-7.262793731689453125e+01 1.947661781311035156e+01
3.463306045532226562e+01 8.764044189453125000e+01
-8.714257812500000000e+01 2.331298255920410156e+01
-8.204253387451171875e+01 4.790022850036621094e+00
2.933965682983398438e+01 8.806570434570312500e+01
-3.070130538940429688e+01 -5.290322494506835938e+01
2.434794425964355469e+01 1.235382556915283203e+01
1.167784690856933594e+01 -1.148163032531738281e+01
3.050068473815917969e+01 9.452136230468750000e+01
-1.634665012359619141e+00 -6.307961463928222656e+00
2.021267700195312500e+01 2.551320838928222656e+01
-3.452812194824218750e+01 -7.334852600097656250e+01
5.518361663818359375e+01 -7.663607788085937500e+01
-2.029443359375000000e+01 7.924969482421875000e+01
2.305019187927246094e+01 9.728877067565917969e+00
-4.797129821777343750e+01 -4.236156463623046875e+01
-6.579891204833984375e+01 -1.900158500671386719e+01
-4.766958236694335938e+01 -5.245069503784179688e+01
-5.017136764526367188e+01 -5.562978744506835938e+01
-4.528597640991210938e+01 2.183827161788940430e+00
1.377048015594482422e+01 -4.415761947631835938e+01
-4.177422714233398438e+01 -6.235316848754882812e+01
-6.445221900939941406e+00 -6.031343078613281250e+01
1.503846549987792969e+01 -7.948459625244140625e+01
3.820499801635742188e+01 -2.198346900939941406e+01
-1.164596176147460938e+01 1.964026069641113281e+01
-3.423168182373046875e+01 1.563166332244873047e+01
5.448583602905273438e+01 -3.272950744628906250e+01
-8.788249206542968750e+01 -2.357924842834472656e+01
9.936219215393066406e+00 1.967305374145507812e+01
7.354198455810546875e+01 -5.396512603759765625e+01
5.782756805419921875e+01 -2.969454765319824219e+00
6.955052947998046875e+01 -5.263116073608398438e+01
-6.032499694824218750e+01 -1.954692268371582031e+01
4.283377075195312500e+01 -4.891745567321777344e+00
5.877632141113281250e+00 -3.386346054077148438e+01
1.521908473968505859e+01 1.837951278686523438e+01
-2.105506706237792969e+01 8.059644317626953125e+01
4.685255813598632812e+01 1.622275352478027344e+01
-1.428704738616943359e+01 7.755932617187500000e+01
3.890082550048828125e+01 5.606003570556640625e+01
9.606910705566406250e+00 9.298785209655761719e+00
-9.358088684082031250e+01 -2.241363143920898438e+01
-4.522250366210937500e+01 2.186105728149414062e+00
-5.515382766723632812e+01 -3.945205307006835938e+01
-1.390838718414306641e+01 1.263624477386474609e+01
2.409407997131347656e+01 9.188600921630859375e+01
-5.612155532836914062e+01 4.165604114532470703e+00
3.132810974121093750e+01 -7.394779205322265625e+01
4.720426559448242188e+01 -4.113529205322265625e+01
4.945877552032470703e+00 -1.328708553314208984e+01
4.931751251220703125e+01 -2.034857511520385742e+00
-4.132815551757812500e+01 2.559199142456054688e+01
6.900645446777343750e+01 -5.444075012207031250e+01
1.268194198608398438e+01 -7.931968688964843750e+01
4.345322799682617188e+01 -2.140546035766601562e+01
-7.327618408203125000e+01 4.244956016540527344e+00
3.915985488891601562e+01 8.805474853515625000e+01
-4.261367797851562500e+01 -2.817064666748046875e+01
1.109748363494873047e+00 1.497551727294921875e+01
2.004953384399414062e+01 -1.057206726074218750e+02
5.088442993164062500e+01 -5.416345977783203125e+01
-3.554635620117187500e+01 -1.275040912628173828e+01
-2.255390739440917969e+01 1.099058914184570312e+01
-8.636943054199218750e+01 -1.957771110534667969e+01
-3.730437088012695312e+01 3.295809555053710938e+01
-3.732776260375976562e+01 -9.668348312377929688e+00
-3.661671447753906250e+01 -1.593125534057617188e+01
-2.584375953674316406e+01 7.683792877197265625e+01
6.900387573242187500e+01 -4.965821838378906250e+01
4.695023727416992188e+01 1.603093147277832031e+01
-8.384184265136718750e+01 -2.374975204467773438e+01
2.132197570800781250e+01 5.237234115600585938e+01
-4.929914093017578125e+01 9.817635536193847656e+00
5.410203552246093750e+01 5.169327163696289062e+01
-9.288545227050781250e+01 -2.218484163284301758e+00
4.955762863159179688e+01 -1.001892089843750000e+01
-4.047983169555664062e+01 3.259921073913574219e+00
6.302134323120117188e+01 -3.490956878662109375e+01
5.646972656250000000e+01 -4.702200317382812500e+01
-5.697842025756835938e+01 -4.523154067993164062e+01
6.722863006591796875e+01 2.271692466735839844e+01
1.133822631835937500e+01 -6.105878067016601562e+01
1.615944862365722656e+01 8.474653625488281250e+01
1.291571712493896484e+01 -9.180056762695312500e+01
3.995794677734375000e+01 -1.637732696533203125e+01
5.432426452636718750e+01 -7.597188568115234375e+01
5.091360092163085938e+01 4.483437728881835938e+01
8.883794784545898438e+00 5.443101882934570312e+01
-4.003467941284179688e+01 -1.106919193267822266e+01
2.410832786560058594e+01 -4.760195732116699219e+00
-9.237892150878906250e+01 -3.819613218307495117e+00
-3.087423324584960938e+01 7.620329284667968750e+01
-4.779800415039062500e+01 -4.212617492675781250e+01
-6.234067535400390625e+01 -3.293810653686523438e+01
5.173960494995117188e+01 -5.684939193725585938e+01
-4.242087936401367188e+01 -2.874980163574218750e+01
-8.225009155273437500e+01 -2.298185920715332031e+01
-2.085488891601562500e+01 6.596946716308593750e+01
4.120578002929687500e+01 -3.927007293701171875e+01
-1.570575833320617676e+00 3.587954330444335938e+01
-2.266532325744628906e+01 -1.122069931030273438e+01
-5.625931549072265625e+01 8.230953216552734375e+00
3.021112442016601562e+01 -4.628440856933593750e+01
6.754816436767578125e+01 2.424040794372558594e+01
3.113496398925781250e+01 -5.350250244140625000e+01
-2.601680564880371094e+01 -1.919104194641113281e+01
-9.442776679992675781e+00 3.455269336700439453e+00
6.983309268951416016e+00 -3.907606887817382812e+01
-1.168390846252441406e+01 -6.689009857177734375e+01
-2.167378234863281250e+01 7.521130371093750000e+01
3.297326278686523438e+01 -8.652803802490234375e+01
1.016588497161865234e+01 1.008328151702880859e+01
-7.480478668212890625e+01 2.389239501953125000e+01
1.284016418457031250e+01 -7.309645843505859375e+01
3.812840270996093750e+01 -3.599270248413085938e+01
-8.820623016357421875e+01 -2.144890975952148438e+01
-9.997900009155273438e+00 3.692838287353515625e+01
-1.021226024627685547e+01 7.429553222656250000e+01
-4.474587249755859375e+01 -1.583642864227294922e+01
1.844755554199218750e+01 -5.194401931762695312e+01
-1.700205230712890625e+01 8.931847381591796875e+01
-8.445935058593750000e+01 -2.930289268493652344e+01
-1.987665939331054688e+01 6.762438297271728516e+00
-6.889583587646484375e+01 2.047361373901367188e+01
-2.371814537048339844e+01 3.390690612792968750e+01
5.862116622924804688e+01 -4.888343429565429688e+01
-5.765935516357421875e+01 1.659535598754882812e+01
4.237660217285156250e+01 -5.117249679565429688e+01
-3.397663116455078125e+01 -1.652071571350097656e+01
6.706954193115234375e+01 -5.308934020996093750e+01
4.840816974639892578e+00 4.479019546508789062e+01
6.107960128784179688e+01 -5.319304656982421875e+01
5.040366363525390625e+01 -4.460104751586914062e+01
-9.789038085937500000e+01 -2.315986442565917969e+01
2.586589574813842773e+00 -1.455632209777832031e+01
-8.739620971679687500e+01 1.958116149902343750e+01
-2.004886054992675781e+01 6.001193237304687500e+01
-3.354437255859375000e+01 -5.689129257202148438e+01
3.176994705200195312e+01 -4.270520782470703125e+01
-8.528266906738281250e+01 -3.101353836059570312e+01
-3.795006179809570312e+01 -1.771722984313964844e+01
-5.144147872924804688e+00 -4.092044353485107422e+00
7.692247009277343750e+01 -4.562355804443359375e+01
1.266392230987548828e+01 3.589749145507812500e+01
4.917642593383789062e+01 -9.527617096900939941e-01
7.111837005615234375e+01 -5.136840820312500000e+01
-3.466153335571289062e+01 -1.683749771118164062e+01
-9.509294891357421875e+01 -1.268111133575439453e+01
-3.671559906005859375e+01 3.419526815414428711e+00
4.877321624755859375e+01 -4.613441467285156250e+01
-3.268382644653320312e+01 -1.313006877899169922e+01
2.659095382690429688e+01 -9.665890693664550781e+00
