8.530700683593750000e+01 3.654102802276611328e+00
8.719823455810546875e+01 8.851962089538574219e+00
-3.242993545532226562e+01 -6.355329895019531250e+01
4.789305496215820312e+01 6.158345031738281250e+01
6.212593078613281250e+01 5.222138595581054688e+01
7.997207641601562500e+01 5.391706466674804688e+00
4.653111267089843750e+01 1.424585056304931641e+01
-8.944999694824218750e+00 -5.297691345214843750e+01
3.392141723632812500e+01 2.816152334213256836e+00
3.110994911193847656e+01 5.258411407470703125e+00
6.449373626708984375e+01 4.396580886840820312e+01
7.177620697021484375e+01 4.199961853027343750e+01
3.987923049926757812e+01 -7.815359592437744141e+00
8.478647613525390625e+01 9.130922317504882812e+00
9.650460052490234375e+01 5.003617286682128906e+00
-5.591238784790039062e+01 -5.368432617187500000e+01
6.710099792480468750e+01 4.420199966430664062e+01
5.285750198364257812e+01 -7.384661865234375000e+01
7.275382518768310547e+00 3.400580596923828125e+01
8.444202423095703125e+01 6.453382968902587891e+00
6.916520690917968750e+01 4.369911575317382812e+01
6.075229263305664062e+01 -6.641352844238281250e+01
1.033157272338867188e+02 -1.062032032012939453e+01
9.637443423271179199e-01 1.544027996063232422e+01
5.378933334350585938e+01 2.484612846374511719e+01
3.187592506408691406e+01 6.620893096923828125e+01
3.556903457641601562e+01 6.602709960937500000e+01
6.834213256835937500e+01 4.719508743286132812e+01
-1.361461067199707031e+01 -7.676425933837890625e+01
1.033029861450195312e+02 2.032200813293457031e+00
8.638780975341796875e+01 2.925660705566406250e+01
-1.679702758789062500e+01 -8.562615966796875000e+01
5.761468887329101562e+01 1.466559791564941406e+01
1.724430465698242188e+01 -3.363550186157226562e+00
9.265393066406250000e+01 6.014576911926269531e+00
2.534984970092773438e+01 6.083214569091796875e+01
3.282359313964843750e+01 6.533407592773437500e+01
9.264517211914062500e+01 7.979164600372314453e+00
7.342008972167968750e+01 3.717107009887695312e+01
3.216499710083007812e+01 3.269347763061523438e+01
3.895361709594726562e+01 -2.344180679321289062e+01
8.248784637451171875e+01 7.278726100921630859e+00
3.318863296508789062e+01 6.712226104736328125e+01
6.066758728027343750e+01 -6.645620727539062500e+01
7.560409545898437500e+01 2.819710731506347656e+00
-2.722738647460937500e+01 4.133741378784179688e+01
9.432584381103515625e+01 5.342549800872802734e+00
8.808885192871093750e+01 -3.250287771224975586e+00
-1.306760692596435547e+01 -2.005033493041992188e+01
8.413561248779296875e+01 8.802141189575195312e+00
-5.216777324676513672e+00 4.892726135253906250e+01
-5.782844543457031250e+01 -4.891532897949218750e+01
9.442317199707031250e+01 5.985928535461425781e+00
3.643777465820312500e+01 7.103505706787109375e+01
3.355424880981445312e+01 6.651948547363281250e+01
6.611659240722656250e+01 4.218290328979492188e+01
6.928209686279296875e+01 4.234487915039062500e+01
-6.476308822631835938e+00 4.742449951171875000e+01
5.108396530151367188e+01 4.614520645141601562e+01
3.622890853881835938e+01 6.386281967163085938e+01
-1.601860618591308594e+01 8.300365447998046875e+00
1.764526367187500000e+01 2.547978878021240234e+00
9.278530883789062500e+01 1.200541615486145020e+00
8.595942687988281250e+01 7.497152805328369141e+00
2.991851234436035156e+01 6.143566608428955078e+00
-3.232275390625000000e+01 -6.516342926025390625e+01
-7.734541416168212891e+00 2.028452873229980469e+01
6.589699554443359375e+01 2.220639801025390625e+01
5.134794235229492188e+01 -6.740558624267578125e+01
3.409092712402343750e+01 6.621647644042968750e+01
7.776376342773437500e+01 -6.570382118225097656e+00
7.689540100097656250e+01 5.977864265441894531e+00
8.552319526672363281e+00 -8.658786010742187500e+01
-1.697832870483398438e+01 -8.547965240478515625e+01
-7.713250160217285156e+00 -4.204305267333984375e+01
-2.102063179016113281e+01 4.196379089355468750e+01
8.436694145202636719e+00 -8.109352111816406250e+01
7.844438171386718750e+01 4.727002620697021484e+00
-2.613153457641601562e+01 9.737729072570800781e+00
5.541658782958984375e+01 1.698896980285644531e+01
-3.267436599731445312e+01 -9.242427825927734375e+01
-1.097476005554199219e+01 5.470744323730468750e+01
3.717538833618164062e+01 3.036994934082031250e+01
-5.014971160888671875e+01 -3.592670059204101562e+01
6.647802734375000000e+01 4.544155502319335938e+01
-6.973337554931640625e+01 2.672711563110351562e+01
-1.525945758819580078e+01 2.525466918945312500e+01
1.718833732604980469e+01 -7.297332763671875000e+00
4.489133453369140625e+01 -6.854537963867187500e+01
7.876445007324218750e+01 5.434065818786621094e+00
-5.592555236816406250e+01 -6.790049743652343750e+01
3.359243774414062500e+01 7.488718986511230469e+00
8.271163940429687500e+01 2.086845588684082031e+01
-3.695484924316406250e+01 -7.598405456542968750e+01
-5.560274124145507812e+01 4.077727890014648438e+01
-6.360087394714355469e+00 -5.869876098632812500e+01
7.301586914062500000e+01 -2.116469955444335938e+01
7.704000091552734375e+01 4.130516529083251953e+00
-4.001517868041992188e+01 -8.019426727294921875e+01
-3.699567413330078125e+01 -5.777332305908203125e+01
2.827102279663085938e+01 4.846521377563476562e+00
-5.944794845581054688e+01 5.506604766845703125e+01
-1.023298873901367188e+02 3.718860626220703125e+01
5.903875350952148438e+01 -7.337882232666015625e+01
3.185088348388671875e+01 -1.182723426818847656e+01
-1.420171451568603516e+01 3.821266555786132812e+01
5.217519378662109375e+01 1.606151962280273438e+01
5.571258163452148438e+01 -4.177650070190429688e+01
1.838335990905761719e+01 3.753415679931640625e+01
8.306634902954101562e+00 -7.796836090087890625e+01
4.839525222778320312e+01 -2.108404350280761719e+01
9.060751342773437500e+01 2.901419401168823242e+00
-5.546073150634765625e+01 5.489629745483398438e+01
3.916149520874023438e+01 -4.308392333984375000e+01
5.485926818847656250e+01 1.947952270507812500e+01
-1.502283954620361328e+01 2.472368431091308594e+01
4.683868885040283203e+00 -8.608648681640625000e+01
1.835666084289550781e+01 -8.271719360351562500e+01
-7.402960968017578125e+01 3.854006958007812500e+01
6.211997985839843750e+00 -1.174036502838134766e+01
3.491780471801757812e+01 6.980931091308593750e+01
-1.378267765045166016e+01 -7.920587921142578125e+01
-4.984115600585937500e+01 -5.088313674926757812e+01
7.383712005615234375e+01 4.536727905273437500e+01
1.169129085540771484e+01 2.047866821289062500e+00
8.423342132568359375e+01 1.090333366394042969e+01
7.867242431640625000e+01 3.227222919464111328e+00
7.333482360839843750e+01 1.630011558532714844e+01
1.982411766052246094e+01 3.635706329345703125e+01
4.295594787597656250e+01 -4.387961959838867188e+01
-1.209132766723632812e+01 -2.873764038085937500e+01
1.419250965118408203e+01 -1.834593176841735840e+00
2.800973320007324219e+01 7.519942283630371094e+00
9.180248260498046875e+01 3.163426399230957031e+00
3.050940513610839844e+01 7.852325916290283203e+00
5.599224090576171875e+01 -7.568734741210937500e+01
8.928516387939453125e+01 3.548421144485473633e+00
1.233033943176269531e+01 1.572296047210693359e+01
-8.812648010253906250e+01 5.651422500610351562e+01
7.450857543945312500e+01 5.787294387817382812e+00
-4.015587997436523438e+01 -8.016697692871093750e+01
4.850212478637695312e+01 -6.906887817382812500e+01
-1.060710811614990234e+01 -9.905656433105468750e+01
-1.631507396697998047e+00 5.570169448852539062e+01
1.591867351531982422e+01 -3.603736400604248047e+00
7.928447723388671875e+00 -8.686964416503906250e+01
3.812071228027343750e+01 -7.389607238769531250e+01
7.716831970214843750e+01 -2.663752937316894531e+01
7.010298156738281250e+01 1.599108123779296875e+01
3.936537265777587891e+00 -9.001979064941406250e+01
2.210387468338012695e+00 2.315730667114257812e+01
-4.628783416748046875e+01 -6.203297424316406250e+01
3.986726760864257812e+01 6.285964584350585938e+01
6.083104610443115234e+00 6.718640327453613281e+00
1.038456878662109375e+02 -1.531107902526855469e+00
1.252009630203247070e+00 1.489194774627685547e+01
2.079302978515625000e+01 2.086563301086425781e+01
5.175358200073242188e+01 -7.704702758789062500e+01
3.070533370971679688e+01 6.300797462463378906e+00
5.231348419189453125e+01 -3.981719970703125000e+01
-5.566315460205078125e+01 4.897583007812500000e+01
4.779861068725585938e+01 -7.425511932373046875e+01
7.714929962158203125e+01 -2.675938606262207031e+01
3.438269376754760742e+00 -1.242935562133789062e+01
-5.592017650604248047e+00 -8.914273071289062500e+01
-1.947826504707336426e+00 -2.485515022277832031e+01
-3.369295120239257812e+00 6.899534606933593750e+01
8.680328369140625000e+00 3.663710403442382812e+01
7.758303833007812500e+01 1.369458484649658203e+01
8.544660949707031250e+01 1.867597579956054688e+01
-1.046995239257812500e+02 3.344800567626953125e+01
2.606635665893554688e+01 4.806595802307128906e+00
9.881172180175781250e+01 -1.918634986877441406e+01
9.776549530029296875e+01 -1.125695419311523438e+01
-8.692639923095703125e+01 6.228687286376953125e+01
8.520085906982421875e+01 1.351096916198730469e+01
3.415365219116210938e+01 6.502292633056640625e+01
-5.877678680419921875e+01 3.547724151611328125e+01
4.760380935668945312e+01 -2.003606033325195312e+01
-3.796693038940429688e+01 7.167485713958740234e+00
7.583443450927734375e+01 3.057295036315917969e+01
3.517093276977539062e+01 -3.833488082885742188e+01
-7.353019714355468750e+01 3.109766578674316406e+01
5.244603729248046875e+01 -4.068602752685546875e+01
-2.399130058288574219e+01 7.169261169433593750e+01
-7.490727996826171875e+01 6.165533828735351562e+01
4.856630706787109375e+01 -3.450689697265625000e+01
8.997097015380859375e+01 1.461369037628173828e+01
-6.326523208618164062e+01 4.338156127929687500e+01
-3.949460220336914062e+01 -1.412162780761718750e+01
-4.734326934814453125e+01 -1.041854953765869141e+01
9.510991668701171875e+01 -3.355709314346313477e+00
1.837574386596679688e+01 -5.070774459838867188e+01
5.177911758422851562e+01 -7.881642913818359375e+01
7.744541168212890625e+01 6.124753475189208984e+00
5.130657196044921875e+01 -7.780736541748046875e+01
-7.979764556884765625e+01 3.391311645507812500e+01
3.266504669189453125e+01 -2.020509910583496094e+01
-4.930783081054687500e+01 -5.214283752441406250e+01
-6.126187896728515625e+01 -4.890374755859375000e+01
8.016818237304687500e+01 2.294447422027587891e+00
3.639959716796875000e+01 -7.649635314941406250e+01
2.708359146118164062e+01 -5.164888381958007812e+01
7.010590362548828125e+01 1.899703979492187500e+01
5.721792602539062500e+01 -3.610365295410156250e+01
4.999588775634765625e+01 -6.686568450927734375e+01
3.185010528564453125e+01 4.060737133026123047e+00
3.858274841308593750e+01 6.393021774291992188e+01
-5.972704696655273438e+01 5.197627639770507812e+01
-3.877287673950195312e+01 -5.733105087280273438e+01
-6.578302001953125000e+01 3.503078460693359375e+01
-1.046710872650146484e+01 -8.914210510253906250e+01
9.210437011718750000e+01 1.254640579223632812e+00
5.768404769897460938e+01 -5.175469970703125000e+01
-1.261889839172363281e+01 -7.411102294921875000e+01
-1.666669845581054688e+01 -1.900042533874511719e+01
-5.392537307739257812e+01 -4.008599853515625000e+01
-7.384600830078125000e+01 2.146785354614257812e+01
-7.949614524841308594e+00 -6.334279632568359375e+01
-6.320267105102539062e+01 -3.541989517211914062e+01
7.553324127197265625e+01 -2.132563591003417969e+01
5.440362930297851562e+01 -7.453618621826171875e+01
5.204394531250000000e+01 -3.033411598205566406e+01
9.536696624755859375e+01 -4.823561668395996094e+00
-3.576245880126953125e+01 3.959299087524414062e+01
-7.179969787597656250e+01 4.368764495849609375e+01
-6.016402053833007812e+01 -5.550967025756835938e+01
5.047500610351562500e+01 -5.426100158691406250e+01
-5.988735580444335938e+01 4.012260055541992188e+01
-2.404219245910644531e+01 -9.399292755126953125e+01
-9.038147735595703125e+01 6.142158508300781250e+01
4.054336929321289062e+01 6.354892730712890625e+01
7.735478210449218750e+01 2.769785881042480469e+01
2.141029739379882812e+01 3.523564529418945312e+01
2.858955383300781250e+01 6.255024433135986328e+00
-4.595362091064453125e+01 -4.900092697143554688e+01
-5.867338180541992188e+01 -4.393137359619140625e+01
-6.313512325286865234e+00 -2.345066642761230469e+01
-5.871306419372558594e+00 -6.907029724121093750e+01
-2.584924697875976562e+01 3.729669570922851562e+01
8.354254150390625000e+01 1.127275562286376953e+01
-8.257658386230468750e+01 3.682166671752929688e+01
7.238388824462890625e+01 2.980350303649902344e+01
-4.076737594604492188e+01 2.869033622741699219e+01
3.290564727783203125e+01 -1.046545886993408203e+01
5.071523666381835938e+01 -7.695256042480468750e+01
-1.852597427368164062e+01 -1.701973342895507812e+01
6.646028137207031250e+01 1.010629463195800781e+01
-5.994860458374023438e+01 -5.644326400756835938e+01
-2.509649848937988281e+01 -8.006995391845703125e+01
-6.084580612182617188e+01 6.394586563110351562e+01
7.715440368652343750e+01 9.519945144653320312e+00
5.408264541625976562e+01 2.162907028198242188e+01
7.639624023437500000e+01 2.353769683837890625e+01
9.017604827880859375e+01 4.905979335308074951e-01
1.482319641113281250e+01 -1.750979185104370117e+00
3.430663299560546875e+01 -7.413573455810546875e+01
4.950940322875976562e+01 -3.798522949218750000e+01
5.302645111083984375e+01 2.839052200317382812e+01
1.035958404541015625e+02 -2.189846992492675781e+00
9.977014160156250000e+01 -7.473580539226531982e-02
-3.589424896240234375e+01 -8.961825561523437500e+01
7.699079132080078125e+01 2.782378911972045898e+00
8.277597808837890625e+01 1.958353614807128906e+01
5.153330993652343750e+01 1.975945281982421875e+01
7.710032653808593750e+01 1.222153949737548828e+01
7.500370788574218750e+01 1.289940738677978516e+01
-9.531367301940917969e+00 -1.735730934143066406e+01
-4.883998107910156250e+01 -5.324355697631835938e+01
-7.032305908203125000e+01 2.902292823791503906e+01
-4.842118918895721436e-01 -9.469132232666015625e+01
4.001605987548828125e+01 6.647740173339843750e+01
4.949515533447265625e+01 2.521087825298309326e-01
8.433602905273437500e+01 1.299393272399902344e+01
-2.755833625793457031e+01 1.247866079211235046e-01
-5.529846572875976562e+01 -5.002676010131835938e+01
-1.003834762573242188e+02 5.172055435180664062e+01
9.187628936767578125e+01 -1.241973757743835449e+00
8.971755218505859375e+01 5.567485332489013672e+00
3.973374938964843750e+01 -7.388627624511718750e+01
5.302453613281250000e+01 -7.903322601318359375e+01
4.871995162963867188e+01 -3.796914291381835938e+01
-6.827931976318359375e+01 -5.358150482177734375e+00
1.048157348632812500e+02 -1.247859477996826172e+01
6.071685791015625000e+01 5.387522888183593750e+01
1.921759033203125000e+01 -5.660832977294921875e+01
1.039806289672851562e+02 -1.365276813507080078e+01
-1.993937683105468750e+01 -6.994906616210937500e+01
3.196332550048828125e+01 -8.706771850585937500e+01
5.565469741821289062e+01 1.452846145629882812e+01
4.970680999755859375e+01 -4.960588455200195312e+01
-1.414438629150390625e+01 -1.692358970642089844e+01
-4.819734573364257812e+01 -4.588306808471679688e+01
-3.197118377685546875e+01 -1.036922454833984375e+00
5.795983505249023438e+01 -3.543127822875976562e+01
-1.361204814910888672e+01 -1.263231754302978516e+01
-3.006325721740722656e+01 -2.403277778625488281e+01
5.126198577880859375e+01 6.116677761077880859e+00
-3.664754867553710938e+01 -5.524333953857421875e+01
3.674618911743164062e+01 -7.117592620849609375e+01
-8.774121093750000000e+01 6.022897720336914062e+01
5.443025207519531250e+01 1.769439506530761719e+01
3.100766563415527344e+01 -8.825537109375000000e+01
-9.758808898925781250e+01 3.009516143798828125e+01
-8.741298675537109375e+01 5.900826644897460938e+01
-9.102761840820312500e+01 3.523809051513671875e+01
8.685600280761718750e+01 2.294333267211914062e+01
5.507453536987304688e+01 8.042636871337890625e+00
-7.595939159393310547e+00 -5.913227462768554688e+01
7.970285797119140625e+01 -7.372176170349121094e+00
9.801966857910156250e+01 -1.988755226135253906e+01
9.912665557861328125e+01 -1.394857788085937500e+01
-2.120726394653320312e+01 -7.049533081054687500e+01
6.954869079589843750e+01 3.983065414428710938e+01
3.005587005615234375e+01 -4.787643432617187500e+01
-6.080432415008544922e+00 -6.809240722656250000e+01
5.359087753295898438e+01 -8.076585769653320312e+00
-4.352217102050781250e+01 -7.695674896240234375e+01
3.619873428344726562e+01 6.567951965332031250e+01
-6.307497787475585938e+01 4.329058074951171875e+01
8.723590850830078125e+01 -2.618186473846435547e-01
-8.951432228088378906e+00 -1.894524002075195312e+01
2.730937576293945312e+01 -8.389442443847656250e+01
-5.942407989501953125e+01 -5.933294296264648438e+01
3.318092823028564453e+00 2.826050758361816406e+01
-7.374314785003662109e+00 -7.103263854980468750e+01
5.308761596679687500e+01 1.463012504577636719e+01
-5.938098144531250000e+01 -5.791195297241210938e+01
-6.389345932006835938e+01 4.409401321411132812e+01
5.381619644165039062e+01 -6.774471282958984375e+01
-8.254294395446777344e+00 -6.998761749267578125e+01
-1.028821640014648438e+02 3.663317871093750000e+01
-2.651396560668945312e+01 8.052533721923828125e+01
-3.645358276367187500e+01 -4.059378051757812500e+01
8.105665588378906250e+01 1.432821989059448242e+00
-9.712112426757812500e+01 4.972180938720703125e+01
-4.713348770141601562e+01 -3.846821594238281250e+01
-9.066760253906250000e+01 6.272717285156250000e+01
1.538558387756347656e+01 5.564618110656738281e+00
5.584787368774414062e+01 -3.770031738281250000e+01
-8.840135955810546875e+01 4.247680664062500000e+01
-7.790005207061767578e+00 -6.597587585449218750e+01
3.754656982421875000e+01 6.549921417236328125e+01
3.419548034667968750e+01 -7.603071594238281250e+01
5.003929138183593750e+01 -5.606468963623046875e+01
4.371065902709960938e+01 -6.961166381835937500e+01
-2.127968597412109375e+01 -1.989540481567382812e+01
-4.077492904663085938e+01 -1.733358955383300781e+01
2.496200561523437500e+01 -3.131159973144531250e+01
-1.894129371643066406e+01 -1.792221832275390625e+01
-8.389679718017578125e+01 6.086153793334960938e+01
3.049752044677734375e+01 8.226299285888671875e+00
8.963095092773437500e+01 -1.286933541297912598e+00
-8.381341934204101562e+00 -9.770914459228515625e+01
-9.634840393066406250e+01 4.528422546386718750e+01
5.516084289550781250e+01 -7.110819244384765625e+01
-2.617062187194824219e+01 -3.025162124633789062e+01
5.279737091064453125e+01 -5.610963439941406250e+01
5.779957580566406250e+01 6.618484497070312500e+01
-1.659689712524414062e+01 -9.139482879638671875e+01
-7.121926879882812500e+01 3.099731254577636719e+01
7.637172698974609375e+01 7.881222248077392578e+00
5.800167846679687500e+01 5.654194641113281250e+01
5.586767578125000000e+01 1.766556930541992188e+01
4.997134780883789062e+01 3.054076576232910156e+01
-5.067596817016601562e+01 5.414352798461914062e+01
-4.041735839843750000e+01 2.522816467285156250e+01
-3.664952850341796875e+01 6.968497467041015625e+01
3.004827308654785156e+01 -8.704410552978515625e+01
-8.530147552490234375e+00 -1.026369628906250000e+02
-2.876651954650878906e+01 -9.188060760498046875e+01
4.260174560546875000e+01 6.256517791748046875e+01
4.494273376464843750e+01 -7.524588012695312500e+01
3.225987243652343750e+01 6.949456214904785156e+00
1.767411041259765625e+01 -5.966447067260742188e+01
1.013985824584960938e+02 -1.633326530456542969e+01
5.356402969360351562e+01 1.332209968566894531e+01
-8.273538208007812500e+01 5.822687530517578125e+01
7.729267883300781250e+01 6.797916412353515625e+00
-1.019810256958007812e+02 3.920165634155273438e+01
-5.895839691162109375e+01 -4.666030502319335938e+01
4.136327362060546875e+01 -7.092871856689453125e+01
1.461973786354064941e-01 -9.381105804443359375e+01
-1.398073959350585938e+01 -4.126124954223632812e+01
9.866138458251953125e+00 -7.751003265380859375e+01
5.110140609741210938e+01 -7.594763946533203125e+01
-1.625756454467773438e+01 -1.688041114807128906e+01
-7.259159851074218750e+01 3.133997535705566406e+01
5.211322784423828125e+01 1.729097175598144531e+01
-9.793369293212890625e+01 4.927602005004882812e+01
-1.370451927185058594e+01 -4.180917739868164062e+01
-9.690608978271484375e+01 5.115495300292968750e+01
-6.305595779418945312e+01 6.159290695190429688e+01
-3.768054580688476562e+01 -5.665588760375976562e+01
6.727995872497558594e+00 6.579774379730224609e+00
-9.927226257324218750e+01 4.055129241943359375e+01
-2.091517829895019531e+01 6.602728366851806641e+00
-8.907336425781250000e+01 6.062845993041992188e+01
-6.793402194976806641e+00 -9.186663055419921875e+01
4.796041488647460938e+01 -7.413055419921875000e+01
-9.669146728515625000e+01 6.436575317382812500e+01
-4.529924392700195312e+01 -6.237309646606445312e+01
-7.842524719238281250e+01 3.304534530639648438e+01
1.187460231781005859e+01 1.886765480041503906e+00
-4.551852416992187500e+01 -4.866783142089843750e+01
4.915037536621093750e+01 -6.997354888916015625e+01
5.105995559692382812e+01 -7.391528320312500000e+01
5.592787933349609375e+01 8.076705932617187500e+00
9.000035858154296875e+01 7.374199867248535156e+00
9.838697052001953125e+01 -2.199152565002441406e+01
2.410534858703613281e+01 1.702891540527343750e+01
-4.543109512329101562e+01 -3.846194458007812500e+01
6.980150604248046875e+01 1.232248878479003906e+01
4.210274887084960938e+01 -7.286547851562500000e+01
5.277331924438476562e+01 1.951759338378906250e+01
-5.506247329711914062e+01 -7.018154907226562500e+01
2.946902465820312500e+01 -1.759675025939941406e+01
7.942886352539062500e+01 2.912744331359863281e+01
5.128380584716796875e+01 -6.566174316406250000e+01
8.508703613281250000e+01 -5.828042984008789062e+00
4.569289779663085938e+01 -8.359175109863281250e+01
5.166290283203125000e+01 -6.915016174316406250e+01
1.064570546150207520e+00 3.313505935668945312e+01
1.898028373718261719e+01 -7.902319335937500000e+01
-3.508280181884765625e+01 -1.937924575805664062e+01
5.204976654052734375e+01 -7.361640167236328125e+01
4.378603744506835938e+01 6.407067108154296875e+01
3.594795227050781250e+01 6.751924133300781250e+01
-2.665041542053222656e+01 -3.679321289062500000e+01
4.557130432128906250e+01 -8.311283874511718750e+01
-6.642884063720703125e+01 4.571241760253906250e+01
-6.167356491088867188e+01 3.287998962402343750e+01
4.106339645385742188e+01 3.725703430175781250e+01
-6.913243103027343750e+01 6.083261871337890625e+01
-5.203116989135742188e+01 -3.383934020996093750e+01
5.261732578277587891e+00 -4.552429962158203125e+01
7.450601196289062500e+01 -2.265693283081054688e+01
-6.547651290893554688e+00 -9.907096862792968750e+01
5.539569854736328125e+01 1.420871829986572266e+01
2.553748130798339844e+01 -5.188511848449707031e+00
3.705339431762695312e+01 -7.579256439208984375e+01
2.334381484985351562e+01 -6.303742885589599609e+00
-5.350338745117187500e+01 -1.230387115478515625e+01
-5.580125045776367188e+01 -5.964176940917968750e+01
-1.104710674285888672e+01 -9.276133728027343750e+01
4.484021377563476562e+01 -6.280337142944335938e+01
-8.449977874755859375e+01 4.351010894775390625e+01
2.726148605346679688e+01 -8.436633300781250000e+01
4.987765502929687500e+01 -7.478439331054687500e+01
2.882253265380859375e+01 -8.647370147705078125e+01
-3.189815711975097656e+01 -2.150515747070312500e+01
-5.446048736572265625e+01 -5.081628036499023438e+01
3.973087310791015625e+01 6.135847854614257812e+01
4.927935409545898438e+01 -3.453793716430664062e+01
1.091785430908203125e+02 -7.000969409942626953e+00
-8.264341735839843750e+01 3.684880065917968750e+01
-8.308979797363281250e+01 5.336563491821289062e+01
3.836029815673828125e+01 3.755315780639648438e+01
5.786024570465087891e+00 6.261320495605468750e+01
-5.554916858673095703e+00 -7.437020874023437500e+01
6.918081665039062500e+01 1.283509445190429688e+01
2.720488739013671875e+01 -8.688545227050781250e+01
6.615110874176025391e+00 -9.156445312500000000e+01
-2.692961692810058594e+01 3.990536499023437500e+01
4.924044036865234375e+01 -7.627014923095703125e+01
6.866980743408203125e+01 1.639035415649414062e+01
3.192039489746093750e+01 -8.181255340576171875e+01
-7.207100391387939453e+00 -8.547460937500000000e+01
-8.562102508544921875e+01 4.798653030395507812e+01
-4.849724197387695312e+01 5.491374588012695312e+01
7.851136779785156250e+01 6.750420570373535156e+00
8.898800849914550781e+00 3.044068908691406250e+01
5.016322326660156250e+01 -5.530461120605468750e+01
-9.059677124023437500e+01 5.315071487426757812e+01
7.288094329833984375e+01 1.691238784790039062e+01
-9.188860321044921875e+01 5.590228271484375000e+01
1.055104293823242188e+02 -1.366519737243652344e+01
-6.120769119262695312e+01 4.926640319824218750e+01
-1.431166267395019531e+01 -1.467715072631835938e+01
-9.227910614013671875e+01 6.546870422363281250e+01
3.997389674186706543e-01 -9.551891326904296875e+01
5.971604824066162109e+00 7.193892955780029297e+00
-1.440651035308837891e+01 3.516926050186157227e+00
-3.560702896118164062e+01 -3.829169464111328125e+01
-2.215998840332031250e+01 4.132261657714843750e+01
5.026771926879882812e+01 -7.186000061035156250e+01
4.239704132080078125e+01 -6.978124237060546875e+01
-5.926784133911132812e+01 -6.313546371459960938e+01
-6.768955993652343750e+01 4.537042617797851562e+01
-3.477404022216796875e+01 -9.001934814453125000e+01
4.340376663208007812e+01 -5.407132339477539062e+01
1.878752136230468750e+01 3.477558517456054688e+01
5.073101043701171875e+01 -5.125553894042968750e+01
-9.371782684326171875e+01 4.851079559326171875e+01
-1.554685306549072266e+01 -4.986045837402343750e+01
8.899445343017578125e+01 -1.922897720336914062e+01
6.713686943054199219e+00 -8.694010925292968750e+01
8.885652160644531250e+01 3.480460643768310547e-01
4.871997070312500000e+01 5.051340103149414062e+01
-2.465780639648437500e+01 3.949589538574218750e+01
-1.001288375854492188e+02 3.637527847290039062e+01
8.899887084960937500e+00 6.614432525634765625e+01
4.544507217407226562e+01 1.371936702728271484e+01
1.111955165863037109e+01 -3.623863601684570312e+01
3.825051879882812500e+01 -7.954821777343750000e+01
4.321125411987304688e+01 -6.375877761840820312e+01
9.972614288330078125e+00 -4.928108978271484375e+01
8.329241943359375000e+01 -2.987713098526000977e+00
4.412279129028320312e+01 -5.863295364379882812e+01
-5.325553131103515625e+01 -3.326713943481445312e+01
1.005092163085937500e+02 7.423804402351379395e-01
-7.468795776367187500e+01 6.163363647460937500e+01
9.481417846679687500e+01 4.514035582542419434e-01
7.483570575714111328e+00 6.394712448120117188e+01
7.907169342041015625e+01 1.239706611633300781e+01
-8.266534423828125000e+01 4.624545669555664062e+01
5.120668029785156250e+01 -6.692018890380859375e+01
-1.050627517700195312e+01 -9.363282012939453125e+01
-5.157876205444335938e+01 -1.066047286987304688e+01
-4.633699035644531250e+01 -1.004386711120605469e+01
3.845072174072265625e+01 -5.197989273071289062e+01
-2.307726860046386719e+01 -9.365579223632812500e+01
-7.267795562744140625e+01 2.899978637695312500e+01
-4.033662414550781250e+01 -3.485316848754882812e+01
-1.174562644958496094e+01 -3.574460983276367188e+01
-7.950742721557617188e+00 3.662967681884765625e+01
7.051921844482421875e+00 3.287994766235351562e+01
3.259585952758789062e+01 -2.788286399841308594e+01
9.003182983398437500e+01 5.650425434112548828e+00
1.710862731933593750e+01 -9.242127418518066406e+00
1.005684814453125000e+02 -8.128748893737792969e+00
-7.189641571044921875e+01 3.192026138305664062e+01
-1.275058150291442871e+00 -9.116602325439453125e+01
-3.840135192871093750e+01 -5.587417602539062500e+01
4.385124969482421875e+01 1.165304088592529297e+01
-1.538523483276367188e+01 2.338021278381347656e+00
-2.306000518798828125e+01 3.720229721069335938e+01
7.367259979248046875e+01 5.368904113769531250e+00
1.604718399047851562e+01 -2.531567382812500000e+01
3.710244750976562500e+01 -7.411501312255859375e+01
4.991800308227539062e+01 5.246630477905273438e+01
7.799112701416015625e+01 9.217567443847656250e+00
1.125150680541992188e+02 7.780692577362060547e+00
7.547961425781250000e+01 3.185000419616699219e+01
-2.609614372253417969e+01 7.546739959716796875e+01
-2.287151336669921875e+01 -5.655668640136718750e+01
-1.051636047363281250e+02 4.070275878906250000e+01
-4.118817520141601562e+01 3.142101287841796875e+01
-8.937731170654296875e+01 4.077920150756835938e+01
2.408269691467285156e+01 -7.461072444915771484e+00
-2.210244369506835938e+01 3.398257493972778320e+00
4.444696807861328125e+01 6.312277221679687500e+01
-5.002349090576171875e+01 -4.380128097534179688e+01
6.562699127197265625e+01 1.675552368164062500e+01
-8.200118064880371094e+00 -6.394448852539062500e+01
-2.718191909790039062e+01 -6.640021514892578125e+01
6.261838531494140625e+01 5.142766189575195312e+01
4.705543136596679688e+01 1.923387908935546875e+01
3.166547393798828125e+01 -8.590959167480468750e+01
4.627695846557617188e+01 1.320686626434326172e+01
5.107830810546875000e+01 -7.961251068115234375e+01
-1.331037235260009766e+01 -2.600470542907714844e+01
1.197294712066650391e+01 -4.031956100463867188e+01
4.871948242187500000e+01 3.837530899047851562e+01
-3.373992919921875000e+01 -1.840038108825683594e+01
-1.112771606445312500e+01 -6.906308746337890625e+01
8.515759468078613281e+00 -2.080840873718261719e+01
3.978358840942382812e+01 -4.272993850708007812e+01
-1.044796180725097656e+01 -4.784779739379882812e+01
-6.217358016967773438e+01 -4.751730346679687500e+01
6.785452270507812500e+01 1.290237522125244141e+01
3.181753540039062500e+01 -1.139674663543701172e+01
-6.823719501495361328e+00 -1.007108230590820312e+02
5.496196746826171875e+01 -1.529378795623779297e+01
-6.858731079101562500e+01 3.491466140747070312e+01
-1.691714674234390259e-02 -8.605825042724609375e+01
-2.773451232910156250e+01 6.982580566406250000e+01
-3.752391052246093750e+01 -5.561808013916015625e+01
-9.172563934326171875e+01 5.187892913818359375e+01
-5.423851394653320312e+01 -2.865388298034667969e+01
9.710366821289062500e+01 -5.711898326873779297e+00
-8.595442962646484375e+01 5.985586547851562500e+01
4.831602096557617188e+01 -7.033699798583984375e+01
8.726293182373046875e+01 2.292386627197265625e+01
-3.475446701049804688e+01 -1.345329666137695312e+01
-7.138848781585693359e+00 -5.791243743896484375e+01
1.016251296997070312e+02 -1.579979133605957031e+01
-6.121611785888671875e+01 5.215854644775390625e+01
3.285167694091796875e+01 -2.054517364501953125e+01
-4.154412078857421875e+01 -7.800743865966796875e+01
-1.693455886840820312e+01 -2.242338752746582031e+01
7.445095062255859375e+01 -2.431354141235351562e+01
8.873210906982421875e+01 -8.841464042663574219e+00
5.426182174682617188e+01 -7.314096069335937500e+01
-3.973404312133789062e+01 2.550437736511230469e+01
-6.830237579345703125e+01 4.999730300903320312e+01
3.287434005737304688e+01 -2.750596427917480469e+01
2.949719238281250000e+01 -8.714831542968750000e+01
7.830927276611328125e+01 1.594035530090332031e+01
-2.608382415771484375e+01 9.085520744323730469e+00
-8.607847595214843750e+01 5.396656417846679688e+01
-4.136893844604492188e+01 -3.814714431762695312e+01
-1.048209953308105469e+01 -4.779365158081054688e+01
-4.039273834228515625e+01 -3.537585449218750000e+01
2.836387634277343750e+01 1.626402282714843750e+01
8.828635215759277344e+00 2.339095878601074219e+01
-8.620403289794921875e+00 -6.430688476562500000e+01
-2.662973976135253906e+01 -5.808390045166015625e+01
4.611032104492187500e+01 3.426807022094726562e+01
-3.770436096191406250e+01 -7.533541870117187500e+01
-3.717656707763671875e+01 -3.351823425292968750e+01
-5.281367492675781250e+01 -7.779926776885986328e+00
5.050331878662109375e+01 -5.234786605834960938e+01
1.811476898193359375e+01 -1.859704971313476562e+01
5.394538879394531250e+01 1.808338928222656250e+01
7.423798370361328125e+01 -2.225687599182128906e+01
-9.648952484130859375e+01 4.648662185668945312e+01
1.042498168945312500e+02 2.742196559906005859e+00
9.788187026977539062e+00 -1.379213714599609375e+01
5.048495864868164062e+01 1.330097675323486328e+01
1.008098297119140625e+02 -3.910021543502807617e+00
1.459020614624023438e+01 -2.325208854675292969e+01
1.765797424316406250e+01 3.117209434509277344e+01
3.832976531982421875e+01 -4.382653236389160156e-01
7.733953595161437988e-01 -8.042802429199218750e+01
-4.061614227294921875e+01 -6.940802764892578125e+01
-5.206960678100585938e+01 -5.853189086914062500e+01
2.901980972290039062e+01 -4.279300308227539062e+01
3.881509017944335938e+01 3.698350906372070312e+01
-4.151744842529296875e+01 3.743681716918945312e+01
4.766994476318359375e+00 -9.121202850341796875e+01
7.504377365112304688e+00 -6.197766780853271484e+00
-9.503848266601562500e+01 4.645955657958984375e+01
-7.007274627685546875e+01 6.352195358276367188e+01
-8.482968902587890625e+01 2.522764015197753906e+01
-1.264554119110107422e+01 -9.698886108398437500e+01
-3.027060317993164062e+01 -3.380593872070312500e+01
-1.053359527587890625e+02 3.282650756835937500e+01
5.219793319702148438e+01 -5.352436065673828125e+01
-6.669696044921875000e+01 4.018297576904296875e+01
3.107469940185546875e+01 -8.255779266357421875e+01
2.411923980712890625e+01 -2.979504966735839844e+01
-4.061314582824707031e+00 5.711337661743164062e+01
-1.264112949371337891e+01 -6.843063354492187500e+01
-3.627696990966796875e+01 -5.593436050415039062e+01
5.648116302490234375e+01 4.060211563110351562e+01
-5.466644287109375000e+00 -7.866538238525390625e+01
5.873002243041992188e+01 -7.334636688232421875e+01
1.019439163208007812e+02 -1.236968708038330078e+01
-3.621732330322265625e+01 -7.029106903076171875e+01
-5.691957092285156250e+01 5.361449432373046875e+01
-8.994078826904296875e+01 2.596701812744140625e+01
-9.841216087341308594e+00 -9.994879913330078125e+01
5.377372741699218750e+01 -8.000473785400390625e+01
8.139587402343750000e+01 1.349964523315429688e+01
1.052195510864257812e+02 -1.461868953704833984e+01
-4.898407363891601562e+01 -1.299591255187988281e+01
-6.177211761474609375e+01 6.151787185668945312e+01
5.450411224365234375e+01 -4.236377334594726562e+01
3.442461395263671875e+01 -8.751383209228515625e+01
3.332430267333984375e+01 -2.624397277832031250e+01
-5.384082794189453125e+01 -4.349369049072265625e+01
4.966429138183593750e+01 5.375061988830566406e+00
5.076032257080078125e+01 1.734862899780273438e+01
-3.699486160278320312e+01 -2.237284469604492188e+01
-8.329731941223144531e+00 -6.806977081298828125e+01
4.562075805664062500e+01 -7.352698516845703125e+01
-9.618593597412109375e+01 4.350516510009765625e+01
1.584204387664794922e+01 -2.163447380065917969e+01
4.153920364379882812e+01 6.666937255859375000e+01
-2.071763610839843750e+01 -3.367150545120239258e+00
-3.883604431152343750e+01 1.281528186798095703e+01
-1.792336463928222656e+01 -5.209409713745117188e+01
-5.865343093872070312e+01 -1.425265908241271973e+00
3.796266937255859375e+01 -6.591404438018798828e+00
2.475281953811645508e+00 -9.455641174316406250e+01
3.129977798461914062e+01 -6.007375717163085938e+01
6.553831481933593750e+01 2.558911323547363281e+01
5.652530288696289062e+01 2.417947053909301758e+00
7.375465869903564453e+00 2.794944953918457031e+01
-2.808953285217285156e+01 5.924097824096679688e+01
2.453978157043457031e+01 1.078892803192138672e+01
-1.036885223388671875e+02 3.196555137634277344e+01
4.773923492431640625e+01 3.762953567504882812e+01
9.772788238525390625e+01 7.241176128387451172e+00
-9.524120330810546875e+00 -7.087747955322265625e+01
-3.518138885498046875e+01 -2.270113754272460938e+01
9.808425903320312500e+01 -6.049817085266113281e+00
-7.733737182617187500e+01 3.149171829223632812e+01
9.499936103820800781e+00 2.303703308105468750e+01
5.418408966064453125e+01 2.077148246765136719e+01
-2.281387901306152344e+01 8.416190338134765625e+01
-9.631124877929687500e+01 3.266828536987304688e+01
-5.877232742309570312e+01 3.544374084472656250e+01
5.542984390258789062e+01 -6.445455169677734375e+01
3.169631576538085938e+01 -4.856066703796386719e+00
5.689947128295898438e+01 -8.341647338867187500e+01
3.531110048294067383e+00 4.000057601928710938e+01
-9.967235565185546875e+00 -6.689111328125000000e+01
4.335681533813476562e+01 6.682837677001953125e+01
-4.992480754852294922e+00 -6.279510498046875000e+01
1.058660964965820312e+02 1.700869321823120117e+00
-1.458376502990722656e+01 -9.548557281494140625e+01
1.938612699508666992e+00 -2.435539054870605469e+01
8.340642547607421875e+01 1.534955215454101562e+01
-3.874674606323242188e+01 3.592726898193359375e+01
-3.028959083557128906e+01 3.172688484191894531e+00
1.700820350646972656e+01 -8.867948532104492188e+00
6.555064392089843750e+01 1.671374511718750000e+01
-2.722858428955078125e+01 3.408944702148437500e+01
-9.937437438964843750e+01 3.118472099304199219e+01
-3.857092666625976562e+01 -2.686917877197265625e+01
2.470153045654296875e+01 -2.969096374511718750e+01
-8.038209533691406250e+01 3.237385177612304688e+01
-3.011755371093750000e+01 3.650494384765625000e+01
3.056391525268554688e+01 -8.643798828125000000e+01
8.635415077209472656e+00 -7.790930175781250000e+01
-6.629644775390625000e+01 2.998632049560546875e+01
4.682351303100585938e+01 4.651126480102539062e+01
-1.853373336791992188e+01 -1.454298210144042969e+01
-7.809868621826171875e+01 3.269506835937500000e+01
4.729795074462890625e+01 -3.742699432373046875e+01
-5.257356643676757812e+00 -1.787444877624511719e+01
1.312312030792236328e+01 4.392814636230468750e+01
-3.909021759033203125e+01 -5.487228775024414062e+01
-6.004250717163085938e+01 -4.240291595458984375e+01
7.603760528564453125e+01 1.514779210090637207e+00
-5.558451461791992188e+01 -6.873954772949218750e+01
4.279145431518554688e+01 -4.647177505493164062e+01
1.544716453552246094e+01 -1.499360942840576172e+01
6.568178176879882812e+00 -4.929054260253906250e+01
-5.333520126342773438e+01 -4.837644195556640625e+01
4.290576934814453125e+01 -6.909386444091796875e+01
-5.566399002075195312e+01 6.704184722900390625e+01
1.979905319213867188e+01 -8.348861694335937500e+01
-8.510171508789062500e+01 3.814313888549804688e+01
-2.690053749084472656e+01 3.155805206298828125e+01
3.655983734130859375e+01 7.115370178222656250e+01
1.121106338500976562e+02 3.687922477722167969e+00
-6.294014739990234375e+01 3.953659057617187500e+01
-3.531665420532226562e+01 -6.467173767089843750e+01
-3.542593765258789062e+01 -4.218100738525390625e+01
-4.038467788696289062e+01 -2.216136169433593750e+01
5.349581527709960938e+01 -6.896819305419921875e+01
1.079986114501953125e+02 6.282566547393798828e+00
-3.206786155700683594e+00 -1.793455696105957031e+01
2.696463584899902344e+01 -4.917060852050781250e+01
-3.204157257080078125e+01 -1.709025382995605469e+01
4.666920471191406250e+01 -2.665738105773925781e+01
9.478237915039062500e+01 -5.963305473327636719e+00
3.146177482604980469e+01 -4.609962463378906250e+01
-9.488346862792968750e+01 5.107396316528320312e+01
-2.381516075134277344e+01 3.031897163391113281e+01
1.697652244567871094e+01 -2.678136253356933594e+01
3.789620590209960938e+01 -4.218635177612304688e+01
-9.309139251708984375e+01 3.877965927124023438e+01
8.309695434570312500e+01 1.895035171508789062e+01
-2.156215906143188477e+00 -6.454708862304687500e+01
4.695352172851562500e+01 -7.058661460876464844e+00
4.625844573974609375e+01 -5.184741973876953125e+01
1.047186050415039062e+02 -6.512826919555664062e+00
-6.679630279541015625e+01 1.246522712707519531e+01
3.566265869140625000e+01 -2.267972946166992188e+01
9.958136749267578125e+01 -7.842696666717529297e+00
-2.852182388305664062e+01 -1.945121574401855469e+01
1.356674766540527344e+01 2.795855140686035156e+01
-4.983977890014648438e+01 -1.296947383880615234e+01
-7.061199188232421875e+01 6.033071517944335938e+01
-1.657537078857421875e+01 2.514281082153320312e+01
4.838461303710937500e+01 -5.903780746459960938e+01
-2.579385757446289062e+00 3.234534454345703125e+01
1.714283370971679688e+01 -2.758493804931640625e+01
4.958934020996093750e+01 -4.926135635375976562e+01
-2.481719017028808594e+01 5.839710998535156250e+01
1.392754650115966797e+01 2.033279228210449219e+01
2.155242729187011719e+01 -1.694217681884765625e+01
-4.799526214599609375e+01 -4.215520858764648438e+00
-5.561153030395507812e+01 5.939859867095947266e+00
4.917629241943359375e+01 -7.305323028564453125e+01
4.485531234741210938e+01 4.052146530151367188e+01
2.254078292846679688e+01 -8.040818023681640625e+01
1.062959136962890625e+02 6.291803359985351562e+00
-1.347949123382568359e+01 -5.239082717895507812e+01
-6.248645305633544922e+00 -2.331538772583007812e+01
-2.643101692199707031e+01 7.315152740478515625e+01
-1.003981475830078125e+02 3.188025665283203125e+01
-2.587279510498046875e+01 3.291132354736328125e+01
1.288569569587707520e+00 3.325886535644531250e+01
4.366056442260742188e+01 3.916060256958007812e+01
-3.208575439453125000e+01 -1.863637351989746094e+01
4.134515380859375000e+01 1.562565898895263672e+01
-2.300564956665039062e+01 -6.235688400268554688e+01
-3.816863250732421875e+01 -1.815920257568359375e+01
-1.918862342834472656e+01 -9.673892974853515625e+01
-3.506887435913085938e+01 -1.378896236419677734e+01
-5.687365722656250000e+01 -4.349596405029296875e+01
3.470134353637695312e+01 -6.938587188720703125e+00
-2.396638870239257812e+00 -2.513639640808105469e+01
3.887848663330078125e+01 -7.439742279052734375e+01
-1.184026145935058594e+01 -7.281439208984375000e+01
1.801968193054199219e+01 9.098561286926269531e+00
2.753797531127929688e+01 -3.472717666625976562e+01
5.670760726928710938e+01 -1.563113689422607422e+00
2.561338424682617188e+01 -8.406663894653320312e+00
5.319034957885742188e+01 -7.209799194335937500e+01
-9.341088294982910156e+00 -4.909390640258789062e+01
1.434208965301513672e+01 -2.679860687255859375e+01
6.167548656463623047e+00 -2.436465501785278320e+00
2.915965843200683594e+01 -1.067082118988037109e+01
-1.470722961425781250e+01 1.605105876922607422e+00
-6.312943267822265625e+01 4.583056640625000000e+01
-1.316836452484130859e+01 -2.525460243225097656e+01
5.250246429443359375e+01 -6.314383316040039062e+01
8.689267730712890625e+01 2.853424835205078125e+01
-1.252612876892089844e+01 -9.396739959716796875e+01
8.579925537109375000e+01 -5.919463634490966797e+00
2.052234077453613281e+01 -2.574718713760375977e+00
8.623376846313476562e+00 6.469817638397216797e+00
1.049857254028320312e+02 1.918635487556457520e+00
-5.659793090820312500e+01 6.563292026519775391e+00
5.705520153045654297e+00 -8.108846282958984375e+01
1.103790092468261719e+01 -7.255460739135742188e+00
-5.927333068847656250e+01 -6.290072250366210938e+01
8.384457397460937500e+01 1.649169158935546875e+01
2.685787200927734375e+01 -5.464577102661132812e+01
3.087956428527832031e+01 -8.487358856201171875e+01
-3.991489028930664062e+01 3.047421646118164062e+01
4.831660461425781250e+01 -6.655643463134765625e+01
2.593940734863281250e+01 -5.151510620117187500e+01
8.665351867675781250e+00 -7.982827758789062500e+01
5.850519561767578125e+01 4.975331115722656250e+01
5.246922302246093750e+01 1.233363246917724609e+01
5.160192108154296875e+01 1.411374855041503906e+01
3.517353439331054688e+01 -3.895981216430664062e+01
7.635022735595703125e+01 1.557177829742431641e+01
-3.678925323486328125e+01 -7.425641632080078125e+01
8.377665710449218750e+01 8.776652336120605469e+00
-2.966397285461425781e+01 2.891809654235839844e+01
-3.755997848510742188e+01 -1.821032905578613281e+01
-2.767652893066406250e+01 -2.058207130432128906e+01
-1.051883392333984375e+02 4.015779876708984375e+01
4.121299743652343750e+01 6.817739868164062500e+01
-4.262473297119140625e+01 7.692489147186279297e+00
-9.612299919128417969e+00 8.289695739746093750e+00
-9.950290679931640625e+01 3.437968063354492188e+01
2.803782653808593750e+01 3.261677622795104980e-01
3.349580001831054688e+01 -1.658155632019042969e+01
6.123494338989257812e+01 1.044490718841552734e+01
-1.027894496917724609e+01 2.602100563049316406e+01
-9.416177368164062500e+01 4.102800750732421875e+01
-6.814148712158203125e+01 -5.030900573730468750e+01
-3.108511543273925781e+01 7.586357879638671875e+01
4.605579376220703125e+01 -5.179452514648437500e+01
-8.489215850830078125e+01 2.569933319091796875e+01
-4.739144897460937500e+01 -2.148247718811035156e+01
1.167632102966308594e+01 -8.907671928405761719e+00
1.223705101013183594e+01 -4.331665420532226562e+01
-2.812302017211914062e+01 -6.857313537597656250e+01
-1.185212421417236328e+01 1.140041828155517578e+01
-5.263874053955078125e+01 5.249204635620117188e+00
2.536175155639648438e+01 -2.454232406616210938e+01
-5.842438507080078125e+01 4.284759521484375000e+01
-7.055340766906738281e+00 1.499800395965576172e+01
-3.318545150756835938e+01 6.575080871582031250e+00
-2.571189880371093750e+00 -3.579900741577148438e+01
-9.590172767639160156e+00 8.278304100036621094e+00
-7.436541748046875000e+01 2.932998085021972656e+01
-6.635263824462890625e+01 3.222675323486328125e+01
-1.453609561920166016e+01 -4.389532089233398438e+00
4.655613327026367188e+01 -6.451926422119140625e+01
3.183470344543457031e+01 -2.609768867492675781e+01
4.380498886108398438e+01 4.435330581665039062e+01
3.919934844970703125e+01 5.922002410888671875e+01
4.332024765014648438e+01 -7.825634002685546875e+01
-4.925794982910156250e+01 6.436867523193359375e+01
2.039868164062500000e+01 2.728619575500488281e+00
-2.022679901123046875e+01 -1.815026283264160156e+01
6.680491447448730469e+00 -4.784920883178710938e+01
-2.365406227111816406e+01 -8.421863555908203125e+01
-7.474136352539062500e+00 -9.464137268066406250e+01
-7.198969268798828125e+01 2.726982879638671875e+01
-2.053244590759277344e+01 -2.345194244384765625e+01
-2.838900375366210938e+01 -7.253064727783203125e+01
-6.424385833740234375e+01 3.441352844238281250e+01
-8.714427185058593750e+01 2.993663978576660156e+01
5.164979171752929688e+01 -8.128932952880859375e+01
-6.318626022338867188e+01 3.072500038146972656e+01
4.352203369140625000e+01 1.247032833099365234e+01
-8.678475379943847656e+00 -1.505557250976562500e+01
-3.117413902282714844e+01 -6.063376235961914062e+01
-2.494234466552734375e+01 3.716253662109375000e+01
3.345141601562500000e+01 -9.853404998779296875e+00
6.537548065185546875e+01 3.717457056045532227e+00
3.200629043579101562e+01 -2.892710113525390625e+01
-8.864572906494140625e+01 3.642004776000976562e+01
1.540802288055419922e+01 -4.956454086303710938e+01
4.950632858276367188e+01 1.566848564147949219e+01
-5.729561233520507812e+01 -9.224736213684082031e+00
-3.106799507141113281e+01 -6.742815399169921875e+01
6.278194808959960938e+01 -2.595998382568359375e+01
-9.950513839721679688e+00 -9.175934791564941406e+00
-2.551441574096679688e+01 7.236395263671875000e+01
4.774979400634765625e+01 -4.114509963989257812e+01
-4.018559265136718750e+01 -4.398516845703125000e+01
-5.099182891845703125e+01 -8.672688484191894531e+00
8.642622375488281250e+01 -4.365866661071777344e+00
-1.028537750244140625e+02 3.269216537475585938e+01
1.662894821166992188e+01 1.630737686157226562e+01
3.601339340209960938e+01 -4.328764343261718750e+01
-4.947378921508789062e+01 -5.659914493560791016e+00
3.375418186187744141e+00 4.878995513916015625e+01
-5.044618129730224609e+00 1.155428218841552734e+01
4.279833316802978516e+00 -2.080342864990234375e+01
-1.059888076782226562e+02 3.658437728881835938e+01
9.095235443115234375e+01 2.204681396484375000e+01
9.456149291992187500e+01 -2.131341934204101562e+01
-1.264850854873657227e+00 3.324392318725585938e+01
3.311163330078125000e+01 -3.430468368530273438e+01
2.887446784973144531e+01 -8.512677001953125000e+01
5.482506179809570312e+01 7.912845134735107422e+00
8.871271133422851562e+00 -3.007226943969726562e+01
-1.638116836547851562e+01 7.742501831054687500e+01
1.402010560035705566e+00 -9.025157165527343750e+01
-3.678892517089843750e+01 -1.986705017089843750e+01
-1.110597014427185059e+00 -6.232260894775390625e+01
-6.485500335693359375e+01 1.498399734497070312e+01
-1.229892522096633911e-01 -8.608216857910156250e+01
-4.075571823120117188e+01 -7.853250122070312500e+01
-1.076032352447509766e+01 -8.053525543212890625e+01
2.461381435394287109e+00 5.030767440795898438e+01
4.545842742919921875e+01 -4.730284118652343750e+01
-5.607516479492187500e+01 -6.062820053100585938e+01
-2.674419593811035156e+01 -3.685067749023437500e+01
2.063404560089111328e+00 -9.000643920898437500e+01
8.026750183105468750e+01 -7.349765777587890625e+00
-1.393764305114746094e+01 -1.720973134040832520e+00
-2.874819946289062500e+01 6.872043609619140625e+01
-2.722145318984985352e+00 -2.484602737426757812e+01
-1.646883010864257812e+01 -4.581933593750000000e+01
-5.835453796386718750e+01 -8.529778480529785156e+00
-1.310819625854492188e+01 -7.518775939941406250e+01
-1.034018421173095703e+01 -2.922587013244628906e+01
-1.488106536865234375e+01 -9.785500335693359375e+01
-7.742970275878906250e+01 3.531509017944335938e+01
-2.403755187988281250e+01 7.468359375000000000e+01
-2.891727638244628906e+01 6.730875396728515625e+01
-1.450220012664794922e+01 7.281349182128906250e+00
1.088036880493164062e+02 6.134649753570556641e+00
-9.933068084716796875e+01 4.488561248779296875e+01
-3.446745681762695312e+01 -4.360721206665039062e+01
-1.424690818786621094e+01 -6.725655364990234375e+01
-5.422672271728515625e+01 -3.375904846191406250e+01
-1.664630317687988281e+01 -2.309220314025878906e+01
3.261439132690429688e+01 -2.034184455871582031e+00
5.580951690673828125e+01 -7.559555053710937500e+01
-6.545642852783203125e+00 -9.279758453369140625e+01
1.656193733215332031e+01 -7.629654693603515625e+01
-2.097293853759765625e+01 6.314680862426757812e+01
-2.384728050231933594e+01 3.487091064453125000e+01
-1.790786933898925781e+01 -2.405177879333496094e+01
-2.849802780151367188e+01 -2.982635688781738281e+01
5.317372512817382812e+01 1.455599784851074219e+01
5.828086853027343750e+01 -3.716854095458984375e+01
-3.080517578125000000e+01 -4.518600463867187500e+00
2.377247428894042969e+01 -3.185466384887695312e+01
1.502773857116699219e+01 -7.843786621093750000e+01
6.788977813720703125e+01 1.787418937683105469e+01
-6.487638092041015625e+01 3.935704803466796875e+01
-5.831473922729492188e+01 5.652683258056640625e+01
-2.494557380676269531e+01 -3.557556915283203125e+01
-2.438881683349609375e+01 -1.195737743377685547e+01
2.440232467651367188e+01 -3.368044662475585938e+01
2.817673110961914062e+01 -5.165280914306640625e+01
3.185415077209472656e+01 -5.304956912994384766e+00
-3.070182561874389648e+00 -9.050149536132812500e+01
4.807400131225585938e+01 -2.705918693542480469e+01
-7.231296539306640625e+01 6.146033287048339844e+00
2.130044746398925781e+01 -3.399475479125976562e+01
-4.978442382812500000e+01 6.073437118530273438e+01
-5.330062866210937500e+01 -1.189515876770019531e+01
8.496280670166015625e+00 -1.252114009857177734e+01
1.802856063842773438e+01 3.345146560668945312e+01
-2.650749206542968750e+01 2.625251770019531250e+01
9.370129585266113281e+00 -9.543947219848632812e+00
-7.637181091308593750e+01 4.571706771850585938e+01
2.321382522583007812e+01 -2.521056938171386719e+01
3.775719451904296875e+01 -3.199781990051269531e+01
-3.053400754928588867e+00 6.929000091552734375e+01
-3.723793029785156250e+01 3.782155227661132812e+01
-3.963407897949218750e+01 3.132094383239746094e+01
2.170098495483398438e+01 -2.570206069946289062e+01
3.781892013549804688e+01 -1.282851934432983398e+00
4.907606124877929688e+01 -7.284007263183593750e+01
8.823589324951171875e+01 2.799934387207031250e+01
4.197552680969238281e+00 6.459773540496826172e+00
5.212086486816406250e+01 -6.468817901611328125e+01
-5.140185165405273438e+01 -8.967196464538574219e+00
-2.332279968261718750e+01 7.545060729980468750e+01
1.873098754882812500e+01 -3.047681427001953125e+01
2.369583702087402344e+01 3.437419128417968750e+01
7.094544219970703125e+01 2.887000656127929688e+01
-4.306048965454101562e+01 -1.420472621917724609e+01
-9.848301696777343750e+01 3.981848907470703125e+01
2.534786224365234375e+01 -5.005079746246337891e+00
-1.436421775817871094e+01 -6.656918048858642578e+00
-5.523613357543945312e+01 1.716528177261352539e+00
1.095602111816406250e+02 3.121702909469604492e+00
-1.730903816223144531e+01 -9.343949127197265625e+01
-1.616868782043457031e+01 3.252271270751953125e+01
-9.892542266845703125e+01 3.657942962646484375e+01
-7.564558410644531250e+01 3.551224517822265625e+01
4.501620101928710938e+01 -1.978177452087402344e+01
-1.323903465270996094e+01 -9.014019775390625000e+01
-3.013052177429199219e+01 5.536503601074218750e+01
-3.735667037963867188e+01 2.278011322021484375e+01
-5.597779846191406250e+01 4.629472732543945312e+00
-8.027707672119140625e+01 3.153558158874511719e+01
4.481749057769775391e+00 -1.998715400695800781e+01
-2.326420021057128906e+01 4.052849197387695312e+01
7.030811309814453125e+01 2.813835525512695312e+01
1.534387493133544922e+01 -4.871621322631835938e+01
5.227160644531250000e+01 1.216600322723388672e+01
-3.086781311035156250e+01 -8.018653869628906250e+01
-2.906350326538085938e+01 8.145523071289062500e+01
-7.434377288818359375e+01 2.831686973571777344e+01
-2.725387954711914062e+01 6.298715591430664062e+01
2.884231805801391602e+00 6.873147583007812500e+01
-2.516810989379882812e+01 5.716659927368164062e+01
-7.644373893737792969e+00 -9.601972198486328125e+01
1.015807647705078125e+02 -1.276231408119201660e+00
-1.170149898529052734e+01 -1.171052837371826172e+01
-3.049050521850585938e+01 3.520185089111328125e+01
-2.410361671447753906e+01 -4.180039978027343750e+01
4.480131530761718750e+01 -7.342933654785156250e+01
5.004764175415039062e+01 -2.710155487060546875e+01
-3.624340438842773438e+01 -2.418185043334960938e+01
5.208370971679687500e+01 -4.089301300048828125e+01
3.437093734741210938e+01 6.188976669311523438e+01
-1.914309310913085938e+01 1.626927947998046875e+01
2.118139839172363281e+01 2.280426406860351562e+01
-3.267169952392578125e+01 -7.042529296875000000e+01
1.797934913635253906e+01 8.085763931274414062e+00
9.849546051025390625e+01 2.025651216506958008e+00
8.129354095458984375e+01 2.836310768127441406e+01
5.483479309082031250e+01 4.642710113525390625e+01
-5.124341201782226562e+01 4.134553909301757812e+01
4.026324081420898438e+01 -7.155102539062500000e+01
4.353123474121093750e+01 1.604006052017211914e+00
-9.837417602539062500e+00 -1.978332328796386719e+01
4.436851501464843750e+01 -2.154015159606933594e+01
5.325534057617187500e+01 -6.269947814941406250e+01
-9.887632751464843750e+01 3.825982284545898438e+01
-6.155737304687500000e+01 4.054533004760742188e+01
6.461558532714843750e+01 -2.159131622314453125e+01
-5.475656127929687500e+01 -3.424656295776367188e+01
-3.164108085632324219e+01 1.272043514251708984e+01
3.423861694335937500e+01 -7.841211700439453125e+01
-8.132486724853515625e+01 3.552049636840820312e+01
9.940723419189453125e+00 -8.664424896240234375e+01
2.468370914459228516e+00 -8.941651153564453125e+01
5.173629760742187500e+01 -5.077131652832031250e+01
-4.144361495971679688e+01 2.351529693603515625e+01
-6.693626403808593750e+01 2.034464263916015625e+01
-3.697963333129882812e+01 3.927890777587890625e+01
4.380759048461914062e+01 -6.736621856689453125e+01
-2.387362289428710938e+01 -1.301023513078689575e-01
2.464548301696777344e+01 -3.144851493835449219e+01
6.737151622772216797e+00 1.446610641479492188e+01
-9.972061157226562500e+01 3.401492309570312500e+01
-5.757530689239501953e+00 -8.431542968750000000e+01
-9.384650421142578125e+01 2.955088424682617188e+01
-5.314525127410888672e+00 2.625918960571289062e+01
-1.988405799865722656e+01 -1.594954109191894531e+01
-1.422177028656005859e+01 -2.830783367156982422e+00
3.191174316406250000e+01 -2.802114486694335938e+00
5.157740020751953125e+01 -3.220432662963867188e+01
1.099948024749755859e+01 -3.723313903808593750e+01
-2.418592572212219238e-02 -1.512372970581054688e+01
1.118854331970214844e+01 2.298800086975097656e+01
-1.547421646118164062e+01 -2.633856773376464844e+01
-2.283431625366210938e+01 -3.664329528808593750e+01
9.884729766845703125e+01 -7.809426784515380859e+00
-5.828571701049804688e+01 -5.647680664062500000e+01
-3.725893402099609375e+01 -2.343453598022460938e+01
2.089603996276855469e+01 -1.566439342498779297e+01
-5.734392166137695312e+00 -6.227288055419921875e+01
2.898571014404296875e+01 -4.248184967041015625e+01
5.087578201293945312e+01 -3.964810943603515625e+01
-2.933733558654785156e+01 -7.273213195800781250e+01
8.055572509765625000e+01 -5.778625965118408203e+00
5.023098754882812500e+01 -6.236713409423828125e+01
-3.060942268371582031e+01 1.736246871948242188e+01
-3.590689468383789062e+01 -4.404513835906982422e+00
4.833187580108642578e+00 -8.365396499633789062e+00
4.079659652709960938e+01 6.162472915649414062e+01
3.254611206054687500e+01 -7.800539398193359375e+01
-2.496288681030273438e+01 5.057301330566406250e+01
-6.650026798248291016e+00 -9.461161804199218750e+01
-3.077193450927734375e+01 -1.853740119934082031e+01
1.431799125671386719e+01 -2.015920448303222656e+01
-3.600366973876953125e+01 6.892200469970703125e+00
-6.013331604003906250e+01 -3.703190994262695312e+01
-3.265439224243164062e+01 7.562034606933593750e+01
-1.070347671508789062e+02 5.076922988891601562e+01
4.076744842529296875e+01 -1.616768836975097656e+01
-1.216291332244873047e+01 6.299839401245117188e+01
-1.678215217590332031e+01 -9.253965759277343750e+01
3.800166320800781250e+01 -8.130874633789062500e+01
1.910311698913574219e+01 -1.281637763977050781e+01
5.391572189331054688e+01 1.580292701721191406e+01
8.964269638061523438e+00 -2.989489364624023438e+01
4.659442901611328125e+01 -6.677754211425781250e+01
1.775117492675781250e+01 7.723997116088867188e+00
-4.497005081176757812e+01 1.551372432708740234e+01
7.594246673583984375e+01 -2.346990203857421875e+01
-9.581710052490234375e+01 4.830768585205078125e+01
-4.105878448486328125e+01 3.224922180175781250e+01
9.298789978027343750e+00 -3.066349029541015625e+01
5.183646011352539062e+01 -3.107954025268554688e+01
-2.685714721679687500e+01 1.877448856830596924e-01
4.013592910766601562e+01 -2.725427436828613281e+01
-5.292606353759765625e+00 -2.236384201049804688e+01
2.053657722473144531e+01 -6.305477142333984375e+01
1.754614639282226562e+01 3.887654495239257812e+01
6.147470092773437500e+01 -5.971323776245117188e+01
2.291830062866210938e+00 -8.656518554687500000e+01
4.398298263549804688e+01 2.934850502014160156e+01
3.840732955932617188e+01 -4.994894409179687500e+01
5.355752944946289062e+01 -5.651014709472656250e+01
-5.176765823364257812e+01 1.213796615600585938e+01
-4.567727279663085938e+01 -4.316032409667968750e+01
2.634169197082519531e+01 -4.593805313110351562e+01
2.673318290710449219e+01 1.948314857482910156e+01
-7.570668029785156250e+01 2.684337043762207031e+01
-2.199801826477050781e+01 7.582817840576171875e+01
-4.922462844848632812e+01 4.823112106323242188e+01
-3.330941915512084961e+00 -9.288032531738281250e+01
5.412345504760742188e+01 -6.604151916503906250e+01
1.763990974426269531e+01 -2.651569557189941406e+01
7.370087432861328125e+01 2.653399276733398438e+01
5.503559875488281250e+01 -6.792462921142578125e+01
-5.210285949707031250e+01 -4.720749282836914062e+01
2.476278686523437500e+01 -1.148911571502685547e+01
2.116189575195312500e+01 -4.986590194702148438e+01
-1.581384468078613281e+01 -6.907571411132812500e+01
-8.591565704345703125e+01 4.412208557128906250e+01
-1.884631156921386719e+01 -5.317290115356445312e+01
-6.665668487548828125e+01 3.111254882812500000e+01
-1.452077770233154297e+01 -1.252827739715576172e+01
-7.564274787902832031e+00 1.061824798583984375e+01
5.852810287475585938e+01 4.995342254638671875e+01
-2.706460952758789062e+01 7.852828979492187500e+01
9.560716247558593750e+01 -1.227233791351318359e+01
-5.627788162231445312e+01 4.129133605957031250e+01
8.403437805175781250e+01 -5.135333061218261719e+00
7.902326202392578125e+01 -7.511128902435302734e+00
-7.197942352294921875e+01 7.095276832580566406e+00
4.154498672485351562e+01 4.737672805786132812e+01
8.697952270507812500e+01 -2.936126232147216797e+00
-6.967122650146484375e+01 2.324023056030273438e+01
-3.168296337127685547e+00 4.203804397583007812e+01
-5.907907485961914062e+01 -5.525232696533203125e+01
1.405299949645996094e+01 -5.093457698822021484e+00
-6.030500411987304688e+01 2.889089107513427734e+00
1.347203826904296875e+01 -7.503618621826171875e+01
-6.342134952545166016e+00 -1.504265403747558594e+01
2.048283338546752930e+00 2.262688636779785156e+01
-3.374706649780273438e+01 -3.146946334838867188e+01
-9.305693626403808594e+00 4.713185119628906250e+01
-4.143774986267089844e+00 6.829182434082031250e+01
-1.958014106750488281e+01 -5.224549865722656250e+01
6.022605514526367188e+01 -5.288579177856445312e+01
3.808378219604492188e+01 -8.682080507278442383e-01
-4.480612945556640625e+01 1.190211009979248047e+01
-3.077643966674804688e+01 5.140076446533203125e+01
-2.078139877319335938e+01 6.941915893554687500e+01
9.150022864341735840e-01 -3.102775573730468750e+01
-1.031719493865966797e+01 -7.679308414459228516e+00
2.755086708068847656e+01 -6.815598964691162109e+00
2.279859924316406250e+01 -8.044435882568359375e+01
-4.810765266418457031e+00 -9.468986988067626953e-01
-7.693811798095703125e+01 4.580693817138671875e+01
-4.592157363891601562e+01 -2.596642112731933594e+01
-4.120244216918945312e+01 -4.754606628417968750e+01
-7.507944583892822266e+00 -2.500446319580078125e+01
-3.872965240478515625e+01 -7.981465911865234375e+01
3.355976867675781250e+01 -2.501178359985351562e+01
-4.345925748348236084e-01 4.868029785156250000e+01
-9.622267723083496094e+00 -6.874177551269531250e+01
-5.453765869140625000e+01 5.431505203247070312e+00
9.576147460937500000e+01 -4.660315990447998047e+00
-3.985710525512695312e+01 -8.291505432128906250e+01
-3.604016494750976562e+01 4.864919662475585938e+01
1.992427253723144531e+01 -3.998852539062500000e+01
1.093492660522460938e+02 3.884257316589355469e+00
-1.060833835601806641e+01 -4.459620666503906250e+01
4.002072906494140625e+01 4.260887145996093750e+01
-2.288270378112792969e+01 -2.730126762390136719e+01
2.733137702941894531e+01 -5.540605163574218750e+01
1.192569828033447266e+01 -4.715853881835937500e+01
1.019386138916015625e+02 -5.409586429595947266e+00
-2.891300010681152344e+01 5.758926010131835938e+01
-2.575869369506835938e+01 -5.352625274658203125e+01
-7.683731842041015625e+01 5.019990921020507812e+01
-3.981378555297851562e+01 4.671912765502929688e+01
-2.135569190979003906e+01 -3.310032606124877930e+00
-1.596994209289550781e+01 2.366441249847412109e+00
5.413796424865722656e+00 3.893188476562500000e+01
4.428946304321289062e+01 -7.775642395019531250e+01
-8.003820419311523438e+00 1.136688804626464844e+01
3.906467819213867188e+01 9.661347389221191406e+00
-1.509581208229064941e+00 -9.689080047607421875e+01
-4.474508666992187500e+01 -4.248231506347656250e+01
-8.593708038330078125e+00 -4.192092895507812500e+01
-3.628038406372070312e+01 -1.851070523262023926e+00
3.860383224487304688e+01 -5.315071105957031250e+01
1.921025085449218750e+01 -5.250256061553955078e+00
-2.149538040161132812e+01 6.588356018066406250e+01
-2.359367370605468750e+01 7.417276763916015625e+01
-2.256790924072265625e+01 6.937742614746093750e+01
4.977163314819335938e+01 1.067815780639648438e+01
-1.053404426574707031e+01 -8.637722969055175781e+00
-2.299782562255859375e+01 -6.659521484375000000e+01
-8.135388374328613281e+00 3.720120668411254883e+00
-4.807620239257812500e+01 2.183507728576660156e+01
-4.853745651245117188e+01 -1.308814334869384766e+01
1.265573024749755859e+01 -4.734063720703125000e+01
-1.036612606048583984e+01 -6.353557586669921875e+00
3.835087966918945312e+01 -8.363411903381347656e+00
-4.145921325683593750e+01 -2.541706800460815430e+00
5.023858642578125000e+01 5.169245147705078125e+01
5.356625366210937500e+01 1.171015262603759766e+01
-1.643544387817382812e+01 -2.696389198303222656e+01
-5.799614334106445312e+01 -5.838187026977539062e+01
-1.082211112976074219e+01 1.663418579101562500e+01
4.230505752563476562e+01 -7.171717834472656250e+01
-2.069650268554687500e+01 -9.975250244140625000e+00
-4.729233741760253906e+00 7.542490005493164062e+00
1.083852462768554688e+02 4.396425724029541016e+00
-4.307504594326019287e-01 1.042545223236083984e+01
2.412157297134399414e+00 4.007085800170898438e+01
-2.039726257324218750e+01 -2.115810203552246094e+01
1.083967876434326172e+01 -3.331454467773437500e+01
-9.705924224853515625e+01 3.960664749145507812e+01
-1.619067415595054626e-02 -1.052456259727478027e+00
3.877250289916992188e+01 -2.174390220642089844e+01
-5.608779525756835938e+01 -9.248124122619628906e+00
-2.244040870666503906e+01 7.972544860839843750e+01
6.321849441528320312e+01 3.558623886108398438e+01
-2.219839668273925781e+01 7.159408569335937500e+01
3.224017715454101562e+01 -1.900630187988281250e+01
4.693403625488281250e+01 -7.074859619140625000e+01
-3.057516860961914062e+01 4.775118082761764526e-03
7.977224731445312500e+01 3.005639839172363281e+01
-3.968023300170898438e+01 -1.542954921722412109e+01
9.636517333984375000e+01 -1.073675823211669922e+01
5.556495666503906250e+01 -7.028775787353515625e+01
-5.200153350830078125e+01 2.945206069946289062e+01
-1.225556278228759766e+01 -2.828326416015625000e+01
-3.565192794799804688e+01 -1.387794113159179688e+01
-1.365800666809082031e+01 -2.554537963867187500e+01
1.049199752807617188e+02 -1.158973884582519531e+01
7.004985809326171875e-01 -3.664387130737304688e+01
-1.427465343475341797e+01 -3.776072978973388672e+00
-6.164834594726562500e+01 -5.309163284301757812e+01
-5.893750762939453125e+01 3.743379974365234375e+01
1.430145740509033203e+00 -3.057305145263671875e+01
7.286909103393554688e+00 8.125573158264160156e+00
-2.596622276306152344e+01 7.840447998046875000e+01
-4.216871261596679688e+01 -5.335871219635009766e+00
1.660104560852050781e+01 -1.438787937164306641e+01
1.349268150329589844e+01 -5.056501388549804688e+01
-5.695227432250976562e+01 -2.184800148010253906e+01
2.596810913085937500e+01 -5.432542419433593750e+01
1.185852527618408203e+01 -3.418040466308593750e+01
-6.160616683959960938e+01 -5.025000762939453125e+01
-2.739534616470336914e+00 -6.120659828186035156e+00
3.215999984741210938e+01 4.354244995117187500e+01
2.139369726181030273e+00 -9.211770629882812500e+01
-6.883610725402832031e+00 -9.070326995849609375e+01
-3.974474716186523438e+01 -1.624605751037597656e+01
-5.258563232421875000e+01 1.141664600372314453e+01
4.819001770019531250e+01 5.133992767333984375e+01
-2.268623733520507812e+01 -3.794711685180664062e+01
-2.355482864379882812e+01 5.697552871704101562e+01
-3.431740188598632812e+01 -2.955479240417480469e+01
-6.824345397949218750e+01 4.120438003540039062e+01
-2.959455108642578125e+01 2.277762031555175781e+01
-2.296657180786132812e+01 6.750196838378906250e+01
-2.928553962707519531e+01 7.154333496093750000e+01
-2.070639801025390625e+01 -8.089081573486328125e+01
-3.935781478881835938e+01 2.444180488586425781e+01
-5.732938003540039062e+01 -1.218048572540283203e+01
-1.042786636352539062e+02 3.404762268066406250e+01
-6.845095157623291016e+00 -2.412101745605468750e+01
-1.867285346984863281e+01 -1.549087238311767578e+01
-1.752189755439758301e+00 -7.000666809082031250e+01
-2.897718048095703125e+01 -5.679808616638183594e+00
-1.908779716491699219e+01 8.217530822753906250e+01
-5.070102310180664062e+01 6.344674682617187500e+01
-2.756458854675292969e+01 6.043964385986328125e+01
-5.722026443481445312e+01 -1.592003536224365234e+01
-8.872580528259277344e+00 -4.217922592163085938e+01
2.042664527893066406e+01 -6.832066345214843750e+01
-7.597407531738281250e+01 3.539213562011718750e+01
-3.273007583618164062e+01 -6.483677387237548828e+00
-1.918208503723144531e+01 8.264523506164550781e+00
-9.904726409912109375e+01 3.185734367370605469e+01
5.534513854980468750e+01 1.095860671997070312e+01
2.219367218017578125e+01 -7.263140106201171875e+01
-3.874073410034179688e+01 6.246968269348144531e+00
-3.272131347656250000e+01 -6.689348220825195312e+00
-2.164489364624023438e+01 1.586695671081542969e+00
-1.783098602294921875e+01 -5.377848052978515625e+01
-2.223830223083496094e+01 2.303656339645385742e+00
-8.255636215209960938e+00 -1.945653724670410156e+01
4.410683059692382812e+01 -4.194435501098632812e+01
2.393021583557128906e+01 -4.921981811523437500e+01
1.505448341369628906e+00 5.636301994323730469e+00
-7.735455513000488281e+00 -2.566301918029785156e+01
-4.839201736450195312e+01 -4.611106491088867188e+01
2.474173736572265625e+01 -3.781984329223632812e+01
4.786510086059570312e+01 3.502806854248046875e+01
1.009774932861328125e+02 -1.774715042114257812e+01
4.424871826171875000e+01 -1.648743438720703125e+01
2.052141761779785156e+01 -1.014986228942871094e+01
2.767900848388671875e+01 -3.303601503372192383e+00
-2.777316093444824219e+00 -6.903019714355468750e+01
-8.740355491638183594e+00 -1.072875308990478516e+01
-2.005932235717773438e+01 2.184081840515136719e+01
-2.385903739929199219e+01 -3.181318044662475586e+00
-5.871574401855468750e+01 6.646353912353515625e+01
2.958900833129882812e+01 2.600686836242675781e+01
-3.500770568847656250e+01 -4.237907028198242188e+01
-3.215512847900390625e+01 5.020729446411132812e+01
-4.185810852050781250e+01 -1.548707389831542969e+01
-6.204940795898437500e+00 6.306024551391601562e+01
1.043607807159423828e+01 6.151367950439453125e+01
1.171649169921875000e+01 -1.618362426757812500e+01
-9.475958824157714844e+00 2.174922561645507812e+01
-7.791407775878906250e+01 7.161266326904296875e+01
1.972381973266601562e+01 -5.664727783203125000e+01
1.538163375854492188e+01 -2.227742385864257812e+01
5.763456344604492188e+01 -3.143663215637207031e+01
-1.231257915496826172e+01 -3.447924804687500000e+01
-9.819885253906250000e+00 -6.659994506835937500e+01
8.342836761474609375e+01 -5.365178108215332031e+00
-3.201921844482421875e+01 -8.237363815307617188e+00
4.661411762237548828e+00 -7.151035308837890625e+01
1.039014663696289062e+02 -1.139963054656982422e+01
-2.409159469604492188e+01 5.158192157745361328e+00
-1.155802059173583984e+01 -1.588447666168212891e+01
-3.440708541870117188e+01 7.272631072998046875e+01
-9.145486831665039062e+00 6.060597991943359375e+01
-5.314564132690429688e+01 -1.612330436706542969e+01
-4.955580139160156250e+01 -5.992178344726562500e+01
2.722966003417968750e+01 1.797181510925292969e+01
-2.421847343444824219e+01 -4.023873138427734375e+01
5.696195220947265625e+01 8.863402158021926880e-02
-3.970256423950195312e+01 -2.173708343505859375e+01
-1.873432540893554688e+01 -1.909565734863281250e+01
3.960746383666992188e+01 1.659578514099121094e+01
1.408585929870605469e+01 1.958845520019531250e+01
-3.629430770874023438e+01 1.308287048339843750e+01
1.220488357543945312e+01 -5.122229003906250000e+01
-6.976809692382812500e+01 2.358422279357910156e+01
1.620866417884826660e+00 -2.762069320678710938e+01
1.380193328857421875e+01 -4.642944335937500000e+01
-1.412394714355468750e+01 -2.040292739868164062e+01
-2.506251716613769531e+01 8.189408874511718750e+01
4.158580398559570312e+01 1.488408660888671875e+01
-2.824580955505371094e+01 7.103281497955322266e+00
-3.478002166748046875e+01 -7.227688598632812500e+01
-1.669908332824707031e+01 -5.291817474365234375e+01
1.730889701843261719e+01 -5.606747817993164062e+01
1.235796833038330078e+01 -5.103907394409179688e+01
-4.064982223510742188e+01 3.133196830749511719e+01
2.889687347412109375e+01 -8.841019439697265625e+01
-1.774802398681640625e+01 5.606588745117187500e+01
4.445481872558593750e+01 1.055045700073242188e+01
-4.437317276000976562e+01 2.019513511657714844e+01
-2.458782196044921875e+01 -2.214485406875610352e+00
3.862107086181640625e+01 -5.379007339477539062e+01
4.786133193969726562e+01 -5.666503906250000000e+01
7.402970314025878906e+00 2.826810073852539062e+01
-1.933870887756347656e+01 -5.667342662811279297e+00
-3.622671127319335938e+01 -1.928952693939208984e+00
4.147019195556640625e+01 2.844591903686523438e+01
2.882326316833496094e+01 1.017617797851562500e+01
-3.959249114990234375e+01 1.164182186126708984e+01
1.758164215087890625e+01 -5.877230072021484375e+01
3.943397521972656250e+01 1.467370510101318359e+01
-3.233657455444335938e+01 6.806008911132812500e+01
1.056624069213867188e+02 -1.273056125640869141e+01
-3.267451858520507812e+01 -7.620656013488769531e+00
1.623122596740722656e+01 7.023387432098388672e+00
-3.396510696411132812e+01 -2.684723663330078125e+01
3.075048255920410156e+01 -5.279870605468750000e+01
-6.512292480468750000e+01 -5.322826766967773438e+01
-1.545260620117187500e+01 -9.516694641113281250e+01
9.957988739013671875e+01 -1.900182342529296875e+01
-2.586231803894042969e+01 6.681152820587158203e+00
1.221589946746826172e+01 -5.536408615112304688e+01
1.065081558227539062e+02 -1.238688564300537109e+01
3.787501525878906250e+01 -3.178288650512695312e+01
3.868346786499023438e+01 -4.469862365722656250e+01
5.437512207031250000e+01 -1.750755691528320312e+01
2.142698478698730469e+01 -1.669329452514648438e+01
-1.875367164611816406e+01 5.478911209106445312e+01
-4.702539062500000000e+01 2.349363327026367188e+01
-2.035752105712890625e+01 -1.362978696823120117e+00
1.835328865051269531e+01 -5.097835922241210938e+01
4.464402770996093750e+01 6.203518295288085938e+01
1.247914886474609375e+01 -1.052853393554687500e+01
1.368680572509765625e+01 1.015765094757080078e+01
-2.217486763000488281e+01 7.409025573730468750e+01
5.859302902221679688e+01 2.617444801330566406e+01
5.551934051513671875e+01 1.304303741455078125e+01
-4.711384963989257812e+01 -6.192597579956054688e+01
-4.959750366210937500e+01 -4.887289047241210938e+00
-7.481787681579589844e+00 3.538121032714843750e+01
-1.505324840545654297e+01 1.152573108673095703e+01
-2.552856683731079102e+00 2.591392326354980469e+01
1.324258232116699219e+01 -7.451233386993408203e+00
-4.417002487182617188e+01 1.153796863555908203e+01
-5.170135021209716797e+00 5.137307739257812500e+01
-2.351597976684570312e+01 -3.391705513000488281e+00
-2.473117256164550781e+01 -9.036473274230957031e+00
1.229470062255859375e+01 -1.519227409362792969e+01
-1.610819053649902344e+01 9.597541809082031250e+00
4.870726776123046875e+01 4.073797988891601562e+01
-2.967742347717285156e+01 2.282505226135253906e+01
-6.940935516357421875e+01 -3.852187395095825195e+00
-2.007988357543945312e+01 2.181561088562011719e+01
-1.302595233917236328e+01 -8.034722137451171875e+01
-3.458908081054687500e+01 3.050773048400878906e+01
-6.868453979492187500e+00 -3.848639965057373047e+00
-9.549033164978027344e+00 -9.181976318359375000e+01
6.410518646240234375e+01 -2.258802223205566406e+01
1.001645278930664062e+02 -1.357955074310302734e+01
1.439500427246093750e+01 1.856903457641601562e+01
-3.086478424072265625e+01 -6.041156005859375000e+01
7.329838871955871582e-01 -1.224114990234375000e+01
3.065008544921875000e+01 2.095981025695800781e+01
-2.700174570083618164e+00 -3.156558227539062500e+01
2.840026855468750000e+01 -8.281481170654296875e+01
1.070069198608398438e+02 -1.467066097259521484e+01
-3.093030357360839844e+01 -2.187288552522659302e-01
-5.812068176269531250e+01 -4.980369949340820312e+01
-8.341091156005859375e+00 -3.019846534729003906e+01
-8.319078826904296875e+01 2.933261299133300781e+01
-3.939445114135742188e+01 -7.273448944091796875e+01
6.421398162841796875e+01 -2.782556152343750000e+01
6.421407222747802734e+00 -1.267798519134521484e+01
-2.951805496215820312e+01 -1.043946456909179688e+01
4.606547832489013672e+00 -7.808345794677734375e+00
-1.115859317779541016e+01 -1.792769622802734375e+01
-2.063156890869140625e+01 -1.630549669265747070e+00
-2.438923358917236328e+00 4.434015274047851562e+01
3.167200660705566406e+01 -2.682330322265625000e+01
-3.039958953857421875e+01 3.258111000061035156e+00
3.047868728637695312e+01 -2.651744270324707031e+01
-9.730597686767578125e+01 3.736085128784179688e+01
-1.184703636169433594e+01 -9.684925079345703125e+01
-3.412912368774414062e+01 8.789153099060058594e+00
2.354289436340332031e+01 5.052160263061523438e+01
2.859420204162597656e+01 2.627058601379394531e+01
2.811900520324707031e+01 -1.953005027770996094e+01
-8.603568077087402344e+00 -9.491667938232421875e+01
-2.860584831237792969e+01 7.460581970214843750e+01
-7.590781402587890625e+01 3.784368515014648438e+01
-6.319731903076171875e+01 -3.966527938842773438e+01
4.014123153686523438e+01 1.549833011627197266e+01
-5.580619812011718750e+01 3.910286128520965576e-01
1.126119079589843750e+02 7.098771095275878906e+00
-5.166289520263671875e+01 2.889280319213867188e+01
-1.078991317749023438e+02 3.116657829284667969e+01
-5.238229370117187500e+01 -1.582476997375488281e+01
1.466137313842773438e+01 -8.221553802490234375e+00
4.442335510253906250e+01 -2.118777847290039062e+01
-4.715728759765625000e+01 3.826290130615234375e+01
1.064711093902587891e+01 -2.013187980651855469e+01
-6.725157928466796875e+01 1.211180210113525391e+01
2.670929145812988281e+01 -3.536432647705078125e+01
2.380551528930664062e+01 7.225413513183593750e+01
2.446171760559082031e+01 1.085249233245849609e+01
-5.861092567443847656e+00 -1.011960754394531250e+02
1.022466735839843750e+02 -7.711774349212646484e+00
-6.550512695312500000e+01 2.075969314575195312e+01
-4.264052963256835938e+01 2.373722076416015625e+01
2.310595321655273438e+01 2.748319625854492188e+01
-4.667830657958984375e+01 -2.894307708740234375e+01
-5.436957550048828125e+01 4.143542766571044922e+00
-3.252991867065429688e+01 -5.168217468261718750e+01
4.858351898193359375e+01 3.553520202636718750e+01
-1.515428829193115234e+01 2.019468116760253906e+01
9.131219482421875000e+01 2.308786010742187500e+01
-3.783893108367919922e+00 -9.637828826904296875e+00
-3.483098602294921875e+01 1.909482383728027344e+01
2.389248657226562500e+01 -4.360429286956787109e+00
4.297723770141601562e+01 -1.496761560440063477e+00
2.000305747985839844e+01 -8.358226776123046875e+01
-1.905401420593261719e+01 -4.621277618408203125e+01
6.822244262695312500e+01 5.417302322387695312e+01
-4.115424728393554688e+01 -2.340260505676269531e+01
7.371744537353515625e+01 3.020513916015625000e+01
1.734939217567443848e+00 4.000083541870117188e+01
4.141036987304687500e+01 3.277548217773437500e+01
1.096736526489257812e+02 5.312751770019531250e+00
5.660125732421875000e+01 6.210624313354492188e+01
-5.695384216308593750e+01 -2.184543800354003906e+01
4.455120468139648438e+01 6.821484375000000000e+01
-3.653572845458984375e+01 -1.762409973144531250e+01
-4.777026748657226562e+01 1.884168148040771484e+00
-1.450591373443603516e+01 5.505525588989257812e+01
3.106259346008300781e+01 -4.692913436889648438e+01
5.065125274658203125e+01 -5.335014343261718750e+01
-2.505858039855957031e+01 7.361543273925781250e+01
-2.557729339599609375e+01 6.482103729248046875e+01
2.981785297393798828e+00 2.519239902496337891e+00
5.138152313232421875e+01 4.511137008666992188e+01
-9.697334289550781250e+01 3.268357086181640625e+01
2.565099716186523438e+01 -4.617990112304687500e+01
-1.196875810623168945e+00 -8.606781768798828125e+01
-5.872558975219726562e+01 6.647180938720703125e+01
4.652664184570312500e+00 -7.375010013580322266e+00
1.958902740478515625e+01 -5.825787782669067383e-01
2.378642272949218750e+01 -3.177897930145263672e+00
4.139977645874023438e+01 6.612867355346679688e+00
-5.619181823730468750e+01 3.212652683258056641e+00
-1.132912826538085938e+01 -9.548535156250000000e+01
-4.006381511688232422e+00 -9.479479980468750000e+01
-7.157272338867187500e+00 -9.659636688232421875e+01
-2.434047126770019531e+01 6.364793395996093750e+01
-6.440045833587646484e+00 -5.758931159973144531e+00
-5.789219856262207031e+00 -9.739907836914062500e+01
-3.710911178588867188e+01 -6.117652893066406250e+00
-5.489319229125976562e+01 4.923999786376953125e+00
-2.087561988830566406e+01 -2.357180786132812500e+01
-1.685856437683105469e+01 -6.035302734375000000e+01
-5.213401794433593750e+01 4.213811874389648438e+01
-1.737964820861816406e+01 -1.207732105255126953e+01
-4.494810485839843750e+01 -7.014934539794921875e+01
6.598129272460937500e+01 4.123920059204101562e+01
-2.437665557861328125e+01 -4.590248107910156250e+00
-3.067945861816406250e+01 6.229278087615966797e+00
-1.086751937866210938e+01 -1.008938293457031250e+02
-2.919064712524414062e+01 7.390325546264648438e+00
-3.296717071533203125e+01 -5.680213928222656250e+00
3.063619613647460938e+01 -2.781673049926757812e+01
-1.270562553405761719e+01 -2.984323692321777344e+01
6.365293884277343750e+01 -2.718709564208984375e+01
-1.934060287475585938e+01 -9.361902618408203125e+01
-5.067971229553222656e+00 3.128175544738769531e+01
2.728539085388183594e+01 -4.880314254760742188e+01
-8.697932243347167969e+00 5.001392841339111328e+00
2.369874000549316406e+01 5.074648284912109375e+01
-6.851666927337646484e+00 4.934045028686523438e+01
-3.348969936370849609e+00 -1.898074388504028320e+00
4.715097427368164062e+01 -3.947572326660156250e+01
-1.023791408538818359e+01 1.640266418457031250e+01
-2.421010017395019531e+01 3.265777206420898438e+01
-5.277324295043945312e+01 4.855777263641357422e+00
9.583770751953125000e+01 -8.189105987548828125e+00
-4.256384658813476562e+01 -8.746331787109375000e+01
-8.621882200241088867e-01 2.384698295593261719e+01
3.787550735473632812e+01 -4.925637817382812500e+01
2.039638137817382812e+01 -6.825370025634765625e+01
7.978788757324218750e+01 -1.069827365875244141e+01
-5.425887298583984375e+01 -2.836409187316894531e+01
-2.521987152099609375e+01 5.367067337036132812e+00
-6.578966617584228516e+00 -7.050084686279296875e+01
6.129450988769531250e+01 1.723071861267089844e+01
-1.143539428710937500e+01 -5.616332530975341797e+00
-1.523533344268798828e+01 -6.690582275390625000e+01
-2.922107696533203125e+01 7.301287078857421875e+01
-3.420455169677734375e+01 2.154606342315673828e+00
-2.026626968383789062e+01 1.537473011016845703e+01
3.023598861694335938e+01 -2.701972961425781250e+01
4.263143539428710938e+01 -3.064850330352783203e+00
-1.189925909042358398e+00 2.937149810791015625e+01
-2.454899978637695312e+01 -6.300767517089843750e+01
-5.676276016235351562e+01 -9.774998664855957031e+00
-3.637228393554687500e+01 -1.296646595001220703e+01
-5.167256355285644531e+00 -7.916718292236328125e+01
1.054269409179687500e+02 1.022005939483642578e+01
-3.120805549621582031e+01 7.375711059570312500e+01
-4.570468139648437500e+01 -2.962849235534667969e+01
2.455644226074218750e+01 -2.081536483764648438e+01
-1.251839828491210938e+01 -1.233799076080322266e+01
4.484201049804687500e+01 -6.650533294677734375e+01
-3.479475784301757812e+01 1.903726577758789062e+01
3.180677413940429688e+01 -3.110569953918457031e+00
-3.164079284667968750e+01 1.270777225494384766e+01
-1.239405727386474609e+01 -3.669291687011718750e+01
4.257242202758789062e+01 -3.296077251434326172e+00
1.105891113281250000e+02 -2.091906309127807617e+00
-4.150956726074218750e+01 2.959307861328125000e+01
-6.184340286254882812e+01 -4.097291564941406250e+01
-6.040540695190429688e+00 -1.817662620544433594e+01
-5.851773738861083984e+00 -7.825701904296875000e+01
2.496904563903808594e+01 -5.337517166137695312e+01
3.678744888305664062e+01 -1.363749217987060547e+01
4.530908203125000000e+01 9.047184944152832031e+00
-3.516175460815429688e+01 2.055443382263183594e+01
-2.412421607971191406e+01 7.839722442626953125e+01
-4.547758865356445312e+01 1.200310707092285156e+01
-7.694548606872558594e+00 -3.041717910766601562e+01
5.752048873901367188e+01 9.643160820007324219e+00
6.266342926025390625e+01 1.918321990966796875e+01
5.239127731323242188e+01 -7.985048675537109375e+01
-6.830502319335937500e+01 -2.336818504333496094e+01
-8.470164299011230469e+00 3.754802703857421875e+00
8.483914184570312500e+01 -7.107583522796630859e+00
-3.386555862426757812e+01 -8.002868652343750000e+01
-5.192514038085937500e+01 -3.366622924804687500e+01
-2.611902475357055664e+00 4.192588806152343750e+01
9.936794281005859375e+01 -1.224754333496093750e+01
-8.163515090942382812e+00 -4.458306503295898438e+01
5.493663311004638672e+00 -3.683403778076171875e+01
-3.773970031738281250e+01 -6.688921356201171875e+01
-4.567904281616210938e+01 5.385535717010498047e+00
-5.662221527099609375e+01 -4.281683731079101562e+01
2.645520973205566406e+01 -1.732410049438476562e+01
-4.740135574340820312e+01 -3.039103317260742188e+01
-2.951163291931152344e+00 -5.158633422851562500e+01
-4.733601379394531250e+01 -2.827821540832519531e+01
4.941368103027343750e+01 -1.318401145935058594e+01
-4.566569137573242188e+01 1.629262733459472656e+01
-9.572297668457031250e+01 5.219873809814453125e+01
7.075078487396240234e+00 -7.075980377197265625e+01
-6.099960708618164062e+01 3.874110412597656250e+01
-8.732811808586120605e-01 -7.535935974121093750e+01
-3.031278038024902344e+01 5.985034942626953125e+01
2.291463851928710938e+01 2.373779296875000000e+01
-2.384297847747802734e+00 -1.075097560882568359e+01
6.125643920898437500e+01 1.717094421386718750e+01
-4.741831779479980469e+00 2.784612464904785156e+01
-3.374202728271484375e+01 3.237466812133789062e+00
2.168376922607421875e+01 -5.284808349609375000e+01
-4.459631347656250000e+01 -2.998279953002929688e+01
7.972046661376953125e+01 2.480589675903320312e+01
-1.817194175720214844e+01 -1.472069859504699707e+00
-5.003016281127929688e+01 -4.602231979370117188e+00
2.968088912963867188e+01 -3.903431701660156250e+01
1.062571048736572266e+01 -7.039064025878906250e+01
3.797020721435546875e+01 -7.947807312011718750e+01
5.368707275390625000e+01 5.726070022583007812e+01
1.836466407775878906e+01 5.587173938751220703e+00
-1.195596504211425781e+01 -2.510642242431640625e+01
-8.446736335754394531e-01 -4.216939544677734375e+01
5.663721847534179688e+01 -8.296917724609375000e+01
-1.899820137023925781e+01 -9.321038055419921875e+01
-4.911029815673828125e+00 -9.286032867431640625e+01
7.284889984130859375e+01 2.668168640136718750e+01
2.966979598999023438e+01 2.073470687866210938e+01
-5.164441299438476562e+01 4.809271335601806641e+00
-6.426549530029296875e+01 1.858721351623535156e+01
-5.261565399169921875e+01 -1.582924747467041016e+01
-6.422286987304687500e+01 -1.520652294158935547e+01
2.046371936798095703e+00 -3.603673934936523438e+01
-1.182941627502441406e+01 1.140614795684814453e+01
-1.955919075012207031e+01 6.746798038482666016e+00
1.499039745330810547e+01 5.959986686706542969e+00
3.544128799438476562e+01 -4.325322341918945312e+01
2.438121795654296875e+00 -7.470132446289062500e+01
1.557622337341308594e+01 -7.295397949218750000e+01
-2.692632484436035156e+01 -4.106457519531250000e+01
-3.334559249877929688e+01 6.770156097412109375e+01
1.396780586242675781e+01 -1.419919681549072266e+01
5.565402984619140625e+00 -3.064626312255859375e+01
-5.849289703369140625e+01 3.199728727340698242e+00
1.126397705078125000e+01 -6.256575775146484375e+01
-3.286405563354492188e+01 5.903008651733398438e+01
1.439402961730957031e+01 -5.908142471313476562e+01
-6.530746459960937500e+01 2.211664199829101562e+01
1.668462753295898438e+01 -5.515895462036132812e+01
-1.768396186828613281e+01 -5.620849609375000000e+01
3.101517486572265625e+01 -3.901459503173828125e+01
2.504455327987670898e+00 -5.161504745483398438e+01
2.601465606689453125e+01 -5.991096496582031250e+01
-1.567029094696044922e+01 -3.685190200805664062e+01
1.836195373535156250e+01 -4.496641159057617188e+01
1.375608062744140625e+01 -5.498255920410156250e+01
5.656118392944335938e+01 -5.098256301879882812e+01
5.287092590332031250e+01 6.586638641357421875e+01
-1.169826149940490723e+00 -8.534153747558593750e+01
1.087071609497070312e+01 -5.674372863769531250e+01
-9.926890373229980469e+00 -8.061495208740234375e+01
-9.509734153747558594e+00 2.210898780822753906e+01
4.058945846557617188e+01 1.298683071136474609e+01
-3.931116485595703125e+01 4.576040267944335938e+01
1.055175685882568359e+01 -3.302151441574096680e+00
7.688261413574218750e+01 3.444399642944335938e+01
4.046955108642578125e+01 -8.011356353759765625e+01
3.526650238037109375e+01 -3.511121368408203125e+01
2.141948509216308594e+01 -3.828036499023437500e+01
-7.271293401718139648e-01 2.358759880065917969e+01
-4.029865646362304688e+01 -4.406117248535156250e+01
-4.857691574096679688e+01 4.799295425415039062e+00
4.775820159912109375e+01 5.240792083740234375e+01
-1.790727233886718750e+01 -6.138097000122070312e+01
-4.988258838653564453e+00 -9.104090881347656250e+01
2.489171028137207031e+01 1.858481788635253906e+01
3.223317384719848633e+00 2.314630508422851562e+01
-3.532732772827148438e+01 -7.842185211181640625e+01
-4.295839691162109375e+01 8.940734863281250000e+00
-2.303758430480957031e+01 -8.470582962036132812e-01
-2.675765609741210938e+01 -2.831010437011718750e+01
3.989638519287109375e+01 -2.777302169799804688e+01
-7.982987403869628906e+00 1.614987611770629883e+00
4.737279129028320312e+01 -3.902485656738281250e+01
-4.746012115478515625e+01 3.895441436767578125e+01
-1.923528289794921875e+01 -3.084790992736816406e+01
2.157323646545410156e+01 -5.190789031982421875e+01
7.105764770507812500e+01 2.862771511077880859e+00
1.007733078002929688e+02 -1.083758449554443359e+01
7.867347717285156250e+01 6.418786644935607910e-01
-5.217140579223632812e+01 -1.718226051330566406e+01
-5.198725128173828125e+01 3.115242385864257812e+01
-5.613270282745361328e+00 1.998764610290527344e+01
-5.365654373168945312e+01 -5.996749877929687500e+01
-1.543120479583740234e+01 -7.940397644042968750e+01
6.714554786682128906e+00 -6.476744842529296875e+01
-4.053466415405273438e+01 -1.074136638641357422e+01
6.140089511871337891e+00 -1.375804138183593750e+01
-2.815955162048339844e+01 -2.917713546752929688e+01
-3.823946714401245117e+00 -9.789031982421875000e+01
1.927796745300292969e+01 -3.410991132259368896e-01
4.576892471313476562e+01 5.117631149291992188e+01
5.237104892730712891e+00 -7.746551513671875000e+01
-1.935023117065429688e+01 4.077816963195800781e+00
1.909922361373901367e+00 -4.248023033142089844e+00
-3.896833419799804688e+01 1.361049079895019531e+01
-2.343692970275878906e+01 -4.706293487548828125e+01
-4.920019531250000000e+01 3.139103126525878906e+01
-1.157746410369873047e+01 -9.672335815429687500e+01
2.746596336364746094e+01 -3.747624969482421875e+01
-3.182260704040527344e+01 -7.733438873291015625e+01
2.599837303161621094e+01 -5.990885543823242188e+01
-5.192664718627929688e+01 -5.569564437866210938e+01
-3.396041870117187500e+01 -6.704774856567382812e+00
-2.556735229492187500e+01 5.780208587646484375e+00
2.330357933044433594e+01 -7.305494689941406250e+01
4.070640945434570312e+01 4.780564117431640625e+01
5.643613338470458984e+00 -7.134983825683593750e+01
-2.943630599975585938e+01 9.069292068481445312e+00
-1.786113357543945312e+01 6.956960296630859375e+01
2.124320602416992188e+01 2.619086456298828125e+01
2.842112922668457031e+01 -6.891247558593750000e+01
9.558594512939453125e+01 -1.389126968383789062e+01
-2.486140251159667969e+01 -8.990510940551757812e+00
1.420036792755126953e+00 -4.919091224670410156e+00
1.079722499847412109e+01 -4.233339309692382812e+01
7.788161468505859375e+01 1.311129379272460938e+01
-2.283811569213867188e+00 -8.841510009765625000e+01
1.035001220703125000e+02 -8.198519706726074219e+00
-1.533482265472412109e+01 -6.667682647705078125e+01
-3.469043350219726562e+01 4.869366836547851562e+01
8.541992187500000000e+00 -3.672782135009765625e+01
-3.504998016357421875e+01 -2.581674957275390625e+01
-5.279047012329101562e+01 1.125650215148925781e+01
1.821068000793457031e+01 3.237308120727539062e+01
2.437963676452636719e+01 -7.249781799316406250e+01
-3.570029067993164062e+01 -2.513679313659667969e+01
7.908302307128906250e+01 1.371953678131103516e+01
5.952971267700195312e+01 1.030954456329345703e+01
4.534813308715820312e+01 8.919416427612304688e+00
3.003022766113281250e+01 -5.220167922973632812e+01
1.370965194702148438e+01 8.309822678565979004e-01
9.899837493896484375e+01 -1.646850585937500000e+01
5.772851181030273438e+01 2.822782897949218750e+01
4.326956558227539062e+01 4.618824768066406250e+01
-5.192158508300781250e+01 -2.059961318969726562e+00
-5.174574279785156250e+01 -2.252294301986694336e+00
1.270295810699462891e+01 -5.731820106506347656e+00
-1.902182579040527344e+01 5.432733535766601562e+01
-2.067286300659179688e+01 -9.977358818054199219e+00
5.808705902099609375e+01 -6.597560882568359375e+01
-2.822445106506347656e+01 5.323650741577148438e+01
2.094116592407226562e+01 -2.665061569213867188e+01
4.900601959228515625e+01 2.507498550415039062e+01
9.681543350219726562e+00 -4.241502380371093750e+01
-1.963415718078613281e+01 7.667788696289062500e+01
-3.647587299346923828e+00 5.029413604736328125e+01
-3.463636779785156250e+01 -6.657936859130859375e+01
-6.339603805541992188e+01 2.591758155822753906e+01
-2.691327095031738281e+01 1.109250354766845703e+01
5.518589019775390625e+01 3.139212799072265625e+01
1.179900741577148438e+01 -5.463437652587890625e+01
-1.623267745971679688e+01 -5.316343688964843750e+01
-4.777894592285156250e+01 4.078910350799560547e+00
1.119013900756835938e+02 4.554949760437011719e+00
1.119728565216064453e+01 -6.701454162597656250e+01
-1.746520638465881348e+00 -4.145797729492187500e+01
4.246203231811523438e+01 6.746412658691406250e+01
-5.041515350341796875e+01 2.795906829833984375e+01
-3.736950683593750000e+01 6.837114334106445312e+00
-2.934631156921386719e+01 7.768030548095703125e+01
5.854068279266357422e+00 2.306050682067871094e+01
-2.683282279968261719e+01 3.639634132385253906e+00
-5.797408103942871094e+00 -9.571009826660156250e+01
-2.803658676147460938e+01 4.933948516845703125e+00
5.186515045166015625e+01 6.195544052124023438e+01
1.616856384277343750e+01 -5.361868667602539062e+01
6.062202072143554688e+01 5.992181015014648438e+01
1.137436962127685547e+01 -5.392826080322265625e+01
2.499472045898437500e+01 -6.496476745605468750e+01
5.007532501220703125e+01 -1.310727310180664062e+01
-3.224337768554687500e+01 -4.779103469848632812e+01
1.831460571289062500e+01 -4.499011611938476562e+01
1.472879981994628906e+01 -1.122794532775878906e+01
5.641128921508789062e+01 -1.259272480010986328e+01
1.489543819427490234e+01 -7.933865356445312500e+01
-3.590867614746093750e+01 -7.755712890625000000e+01
-6.547136688232421875e+01 -4.750733566284179688e+01
1.912655448913574219e+01 2.550974273681640625e+01
1.017700195312500000e+02 4.228230953216552734e+00
1.724099349975585938e+01 4.461742877960205078e+00
7.002001285552978516e+00 2.309321594238281250e+01
-6.770210266113281250e+00 -4.587727355957031250e+01
1.845344924926757812e+01 1.160240077972412109e+01
-6.475873565673828125e+01 1.949106216430664062e+01
-5.455717849731445312e+01 -6.622763061523437500e+01
5.918361282348632812e+01 -5.248275375366210938e+01
-7.029111862182617188e+00 4.742357254028320312e+01
-7.612108707427978516e+00 -3.706961822509765625e+01
1.886213302612304688e+01 2.537712669372558594e+01
2.915396881103515625e+01 -3.422530364990234375e+01
-2.278921318054199219e+01 -5.545948791503906250e+01
-6.524908447265625000e+01 -5.311937713623046875e+01
-8.453634262084960938e+00 2.751422119140625000e+01
-7.176087188720703125e+01 9.234103560447692871e-01
-2.336265945434570312e+01 2.119501304626464844e+01
-5.808154296875000000e+01 -1.006120109558105469e+01
4.350018024444580078e+00 -7.142877960205078125e+01
4.025046539306640625e+01 -6.218472290039062500e+01
4.877040863037109375e+01 3.506779098510742188e+01
4.843048858642578125e+01 6.499365997314453125e+01
-3.905686187744140625e+01 -8.739907073974609375e+01
-2.274811935424804688e+01 -3.178716850280761719e+01
4.812594223022460938e+01 4.054283142089843750e+01
2.377624702453613281e+01 -5.424253082275390625e+01
-2.973208618164062500e+01 7.617855072021484375e+00
3.414461517333984375e+01 -6.402933502197265625e+01
1.063729782104492188e+02 -1.058806991577148438e+01
-3.611240768432617188e+01 1.313245391845703125e+01
-5.883472824096679688e+01 -5.110927963256835938e+01
5.461349105834960938e+01 -1.586833763122558594e+01
2.243070030212402344e+01 -4.882707977294921875e+01
-4.414323806762695312e+01 -3.046363830566406250e+01
5.322202682495117188e+01 6.485291290283203125e+01
-5.712284851074218750e+01 -1.027605342864990234e+01
-2.284592628479003906e+01 1.019641780853271484e+01
-4.473865890502929688e+01 -1.784951019287109375e+01
-4.220507812500000000e+01 -5.194858551025390625e+00
-1.430089664459228516e+01 -4.920246887207031250e+01
-6.753382205963134766e+00 -3.790813827514648438e+01
-1.568484878540039062e+01 -9.016005706787109375e+01
-2.211366653442382812e+00 -9.689810180664062500e+01
3.467453002929687500e+01 -3.381388092041015625e+01
-3.534976577758789062e+01 -6.421720886230468750e+01
2.803016662597656250e+01 -1.005180263519287109e+01
1.979138946533203125e+01 -5.308199310302734375e+01
5.243167114257812500e+01 -1.353078460693359375e+01
2.381408691406250000e+01 2.209077835083007812e+01
-1.545654773712158203e+00 -1.014405517578125000e+02
-2.364571380615234375e+01 -3.556034088134765625e+01
-3.393713760375976562e+01 5.219104385375976562e+01
1.386099052429199219e+01 -1.493069458007812500e+01
5.679555892944335938e+01 -1.179562950134277344e+01
7.232216000556945801e-01 -9.094957351684570312e+00
-7.491184234619140625e+00 -9.777726745605468750e+01
-3.450267028808593750e+01 -7.993801116943359375e+01
3.097369909286499023e+00 2.773136901855468750e+01
-5.738461494445800781e+00 4.971577453613281250e+01
-2.172228050231933594e+01 -8.040414428710937500e+01
1.593348312377929688e+01 -5.687270736694335938e+01
-2.403584671020507812e+01 6.160528564453125000e+01
-3.743221759796142578e-01 -9.176406860351562500e+01
1.568320465087890625e+01 -4.800691986083984375e+01
-3.699082565307617188e+01 -7.295909881591796875e+01
-4.094522857666015625e+01 -7.249583435058593750e+01
1.558092308044433594e+01 8.094240188598632812e+00
-1.372151947021484375e+01 -3.038207054138183594e+01
-4.759779357910156250e+01 3.265285193920135498e-01
5.836514663696289062e+01 5.493030929565429688e+01
-2.558182144165039062e+01 2.296576499938964844e+00
6.824005889892578125e+01 1.559640502929687500e+01
-1.218182945251464844e+01 -4.225436019897460938e+01
-2.222087097167968750e+01 -4.371925735473632812e+01
-8.477050018310546875e+01 2.958465766906738281e+01
-6.490264129638671875e+01 -4.744489669799804688e+01
1.124032745361328125e+02 5.440857410430908203e+00
-1.066456604003906250e+01 -2.367540168762207031e+01
1.670833206176757812e+01 -5.356113052368164062e+01
-3.826232147216796875e+01 2.334842681884765625e+00
-8.357583999633789062e+00 4.320945358276367188e+01
5.860858154296875000e+01 -6.599116516113281250e+01
-5.431753635406494141e+00 -1.009056854248046875e+02
-5.865385055541992188e+01 -1.422412276268005371e+00
1.582746696472167969e+01 -6.400695037841796875e+01
2.409998512268066406e+01 2.417604637145996094e+01
-4.759493637084960938e+01 -1.129308268427848816e-01
1.984624481201171875e+01 2.335071372985839844e+01
1.025405044555664062e+02 -7.523898124694824219e+00
5.260627746582031250e+01 6.373432922363281250e+01
1.044341278076171875e+02 7.332996368408203125e+00
-1.285038709640502930e+00 -7.841198730468750000e+01
-2.565941047668457031e+01 5.540887451171875000e+01
-8.787589073181152344e+00 -9.034770202636718750e+01
6.714359760284423828e+00 2.482214927673339844e+01
4.414770507812500000e+01 2.044860076904296875e+01
5.623640823364257812e+01 5.323484802246093750e+01
3.682725143432617188e+01 -6.714744567871093750e+01
3.371993637084960938e+01 -1.676454734802246094e+01
2.479929161071777344e+01 1.954002761840820312e+01
2.898105621337890625e+01 4.853815460205078125e+01
2.473474311828613281e+01 -5.336803817749023438e+01
-3.742765045166015625e+01 1.523703479766845703e+01
-4.532504653930664062e+01 1.779196739196777344e+01
-2.029892539978027344e+01 2.596715354919433594e+01
2.419356727600097656e+01 -5.461851882934570312e+01
1.374965381622314453e+01 -5.845580673217773438e+01
6.452002716064453125e+01 -1.016775798797607422e+01
5.228190612792968750e+01 4.356366729736328125e+01
-2.436763381958007812e+01 -7.724882507324218750e+01
2.100114822387695312e+01 -5.771364974975585938e+01
2.829423713684082031e+01 -1.502348995208740234e+01
4.532298278808593750e+01 -7.981933593750000000e+01
1.038361549377441406e+01 -5.779172134399414062e+01
