9.140567016601562500e+01 1.453715896606445312e+01
5.071648788452148438e+01 -8.686024665832519531e+00
6.279510116577148438e+01 -1.224219703674316406e+01
1.019854660034179688e+02 -2.214020919799804688e+01
-2.204922294616699219e+01 -3.426409530639648438e+01
1.043142471313476562e+02 -2.411292266845703125e+01
7.365551757812500000e+01 -3.793273162841796875e+01
5.816781997680664062e+01 2.349914932250976562e+01
1.003311080932617188e+02 -1.290694904327392578e+01
1.006566848754882812e+02 -1.098199367523193359e+01
4.997695541381835938e+01 -1.423491477966308594e+01
2.940061569213867188e+01 5.973031520843505859e+00
-6.227597045898437500e+01 2.316787910461425781e+01
9.476611328125000000e+01 -3.333309936523437500e+01
9.490731048583984375e+01 -2.132814788818359375e+01
6.515873718261718750e+01 9.938494682312011719e+00
-9.978083610534667969e+00 8.496620941162109375e+01
9.541657257080078125e+01 -1.283802151679992676e+00
-8.524942016601562500e+01 6.568248271942138672e+00
7.831285858154296875e+01 1.430409717559814453e+01
4.268747329711914062e+01 -4.836876869201660156e+00
5.938591766357421875e+01 2.526978683471679688e+01
1.015986557006835938e+02 -1.437323093414306641e+01
6.013264083862304688e+01 2.481848144531250000e+01
-5.813402557373046875e+01 1.989585494995117188e+01
8.673889160156250000e+01 -4.443160247802734375e+01
8.689945220947265625e+01 -4.415840530395507812e+01
-2.133761978149414062e+01 -1.512342810630798340e+00
6.184516906738281250e+01 2.113152313232421875e+01
9.133299255371093750e+01 1.439982032775878906e+01
3.720445632934570312e+01 -9.310292243957519531e+00
5.707058334350585938e+01 2.286791801452636719e+01
1.080950012207031250e+02 -1.990564918518066406e+01
6.826622962951660156e+00 9.370280456542968750e+01
1.031766891479492188e+02 -1.870448875427246094e+01
9.908254241943359375e+01 -1.105107498168945312e+01
8.756851959228515625e+01 -4.527435684204101562e+01
9.852622985839843750e+01 -2.737895584106445312e+01
-1.724854278564453125e+01 8.147719573974609375e+01
5.762516403198242188e+01 -1.178785705566406250e+01
8.818048095703125000e+01 -2.779555892944335938e+01
-7.369774627685546875e+01 2.571151924133300781e+01
8.595795440673828125e+01 -4.301697540283203125e+01
5.986643218994140625e+01 2.361355972290039062e+01
1.010660705566406250e+02 -1.522747421264648438e+01
7.214340972900390625e+01 2.005027198791503906e+01
1.035398178100585938e+02 -1.792427253723144531e+01
9.780671691894531250e+01 -2.214484214782714844e+01
3.982043075561523438e+01 2.500876665115356445e+00
9.364359283447265625e+01 -3.537242889404296875e+01
3.067365455627441406e+01 2.555031299591064453e+00
6.704738616943359375e+01 7.309437751770019531e+00
1.034593582153320312e+02 -1.803035163879394531e+01
6.608275604248046875e+01 1.443394088745117188e+01
8.624819183349609375e+01 -4.301915359497070312e+01
4.795998001098632812e+01 -6.354362964630126953e+00
4.035785675048828125e+01 -1.555268955230712891e+01
-1.244887065887451172e+01 7.427359771728515625e+01
4.624200820922851562e+01 -4.109310626983642578e+00
8.830448913574218750e+01 -4.371057128906250000e+01
-1.657904624938964844e+01 7.928998565673828125e+01
6.558273315429687500e+01 -1.146166610717773438e+01
-8.035550689697265625e+01 2.544400024414062500e+01
9.377326202392578125e+01 -3.229168701171875000e+01
1.000785598754882812e+02 -1.127607059478759766e+01
-5.277848815917968750e+01 1.588219356536865234e+01
-1.355140399932861328e+01 7.631881713867187500e+01
-7.502467346191406250e+01 -3.248934936523437500e+01
9.570919799804687500e+01 1.384048342704772949e+00
8.647472381591796875e+01 -4.537072753906250000e+01
8.402497863769531250e+01 9.198172569274902344e+00
9.434203338623046875e+01 -3.300671768188476562e+01
9.353255462646484375e+01 -1.604000091552734375e+01
5.895043182373046875e+01 2.128011131286621094e+01
6.326750564575195312e+01 -3.830554485321044922e+00
6.148756027221679688e+01 -3.618980789184570312e+01
-3.821780395507812500e+01 -2.254766970872879028e-01
9.977353668212890625e+01 -1.910308074951171875e+01
6.157012939453125000e+00 6.923992156982421875e+01
7.974884033203125000e+01 -4.012197113037109375e+01
4.535460281372070312e+01 5.409206771850585938e+01
8.724222564697265625e+01 -3.286290740966796875e+01
-3.626706695556640625e+01 6.008834362030029297e+00
-9.534006118774414062e+00 -4.280620193481445312e+01
-2.449859046936035156e+01 8.681624531745910645e-01
7.625829315185546875e+01 -3.423860549926757812e+01
4.206439971923828125e+01 5.081978988647460938e+01
7.850837707519531250e+01 -7.731266975402832031e+00
9.243093109130859375e+01 -1.408565235137939453e+01
9.528803253173828125e+01 -3.082632064819335938e+01
-6.085350418090820312e+01 -7.871645450592041016e+00
8.603390502929687500e+01 -3.329453659057617188e+01
4.519324111938476562e+01 -1.129553699493408203e+01
6.691783142089843750e+01 -1.348831176757812500e+00
2.867938423156738281e+01 -5.081836700439453125e+00
8.512852478027343750e+01 -2.583113479614257812e+01
8.749203681945800781e+00 1.013852920532226562e+02
9.834623718261718750e+01 -3.014872932434082031e+01
8.900508117675781250e+01 -9.608941078186035156e+00
8.393044281005859375e+01 -2.948716163635253906e+01
1.012526016235351562e+02 -9.853517532348632812e+00
4.799384307861328125e+01 -3.570379257202148438e+01
-1.354712295532226562e+01 9.124354553222656250e+01
9.290116119384765625e+01 2.093631982803344727e+00
1.080914382934570312e+02 -1.989504241943359375e+01
8.370159149169921875e+01 -3.195823287963867188e+01
7.549624633789062500e+01 -3.899439239501953125e+01
-7.071401214599609375e+01 1.844944953918457031e+01
-7.408351898193359375e+01 -1.518740367889404297e+01
8.497013854980468750e+01 -2.796299171447753906e+01
9.879527282714843750e+01 -1.458699035644531250e+01
9.807877349853515625e+01 -2.586790466308593750e+01
7.720851898193359375e+01 -3.395940780639648438e+01
9.786136627197265625e+01 -1.644509315490722656e+01
8.366373443603515625e+01 -3.738140106201171875e+01
4.205467224121093750e+01 5.082662582397460938e+01
-7.017282867431640625e+01 -8.647987365722656250e+00
8.469427490234375000e+01 3.669400691986083984e+00
-6.353083038330078125e+01 -4.961746597290039062e+01
-1.893885993957519531e+01 9.078833770751953125e+01
2.966098594665527344e+01 6.544113636016845703e+00
5.344591903686523438e+01 1.785246276855468750e+01
2.280703336000442505e-01 7.681271362304687500e+01
-7.366004943847656250e+01 1.142729854583740234e+01
6.333125686645507812e+01 -1.484257888793945312e+01
1.042816848754882812e+02 -2.547086715698242188e+01
9.725075531005859375e+01 -3.064433097839355469e+01
8.987453460693359375e+01 -1.748894309997558594e+01
6.250033187866210938e+01 -9.654314994812011719e+00
8.838973236083984375e+01 -2.597666549682617188e+01
-7.247898864746093750e+01 -8.265231132507324219e+00
-7.191316223144531250e+01 -1.178210830688476562e+01
7.691123962402343750e+01 3.307322740554809570e+00
9.555861663818359375e+01 -3.211564254760742188e+01
7.958005523681640625e+01 -3.165122985839843750e+01
9.406916046142578125e+01 -3.001362037658691406e+01
-6.529381561279296875e+01 -2.757458877563476562e+01
-6.188237762451171875e+01 2.755067825317382812e+01
-6.749654388427734375e+01 -5.235620880126953125e+01
1.020993576049804688e+02 -1.542967414855957031e+01
8.208465576171875000e+01 -2.916126251220703125e+01
9.123931884765625000e+01 -3.007416248321533203e+00
-5.196647644042968750e+00 7.885459136962890625e+01
-3.413412857055664062e+01 -5.002244186401367188e+01
6.641651153564453125e+01 -1.518488216400146484e+01
9.325798034667968750e+01 -1.636335563659667969e+01
9.005215454101562500e+01 -2.829933929443359375e+01
1.004993591308593750e+02 -7.747489452362060547e+00
-2.674129295349121094e+01 2.679261779785156250e+01
8.316727447509765625e+01 -1.097257900238037109e+01
4.695902252197265625e+01 6.382558059692382812e+01
6.920606994628906250e+01 1.348278427124023438e+01
9.551939392089843750e+01 -1.152268409729003906e+01
9.213137054443359375e+01 -1.083078575134277344e+01
5.648055648803710938e+01 -2.386216545104980469e+01
6.008823776245117188e+01 2.426889610290527344e+01
8.455912780761718750e+01 -1.743385076522827148e+00
8.929634094238281250e+01 -2.211971664428710938e+01
1.000839920043945312e+02 -1.069521808624267578e+01
8.902378082275390625e+01 -2.593503761291503906e+01
5.398869705200195312e+01 -2.728196334838867188e+01
9.473458099365234375e+01 -1.905259251594543457e+00
1.002935791015625000e+02 -8.553033828735351562e+00
-7.980920410156250000e+01 -1.567901706695556641e+01
6.375319671630859375e+01 1.369333744049072266e+01
4.401717758178710938e+01 4.486522674560546875e+00
4.091212844848632812e+01 -1.131401538848876953e+01
5.053083801269531250e+01 -1.744765853881835938e+01
8.959468841552734375e+01 -1.737594985961914062e+01
-1.522648048400878906e+01 8.074897766113281250e+01
-2.612204551696777344e+01 6.848478794097900391e+00
5.002793121337890625e+01 -1.317739367485046387e+00
1.039399795532226562e+02 -9.889507293701171875e+00
1.047494506835937500e+02 -1.402431392669677734e+01
-5.951637649536132812e+01 -3.769190979003906250e+01
4.015537261962890625e+01 1.128144502639770508e+00
8.732462310791015625e+01 -4.534300231933593750e+01
7.863597106933593750e+01 -3.386154937744140625e+01
4.181590270996093750e+01 8.969108581542968750e+00
1.643563461303710938e+01 9.033667755126953125e+01
4.507579040527343750e+01 -8.293012619018554688e+00
9.750736999511718750e+01 -9.358347892761230469e+00
5.245176315307617188e+01 -3.318000793457031250e+01
1.037361373901367188e+02 -9.104014396667480469e+00
6.104294967651367188e+01 -2.917594909667968750e+01
4.404747390747070312e+01 5.941207504272460938e+01
7.343624877929687500e+01 -2.048634147644042969e+01
4.737736892700195312e+01 -1.033495330810546875e+01
4.935188293457031250e+01 -3.058194732666015625e+01
-6.136992931365966797e+00 7.588136291503906250e+01
4.594039154052734375e+01 5.933938980102539062e+01
1.043317108154296875e+02 -1.429878234863281250e+01
7.857050323486328125e+01 -1.957900238037109375e+01
9.111035919189453125e+01 -2.904504966735839844e+01
1.004660415649414062e+02 -2.836183929443359375e+01
9.403363037109375000e+01 -6.082506179809570312e+00
3.754584503173828125e+01 -2.952574157714843750e+01
5.568698883056640625e+01 -9.579330444335937500e+00
-1.486540412902832031e+01 8.335240936279296875e+01
6.890552520751953125e+01 8.700099945068359375e+00
9.599340820312500000e+01 -3.192038345336914062e+01
8.997314453125000000e+01 -2.830718421936035156e+01
8.513777923583984375e+01 -4.739882946014404297e+00
9.015312957763671875e+01 -3.673245239257812500e+01
-2.750073432922363281e+01 -1.191640949249267578e+01
9.541143798828125000e+01 -1.475380134582519531e+01
7.992664337158203125e+01 -3.258570861816406250e+01
8.736000823974609375e+01 -3.955202484130859375e+01
-7.998210906982421875e+01 -3.001603889465332031e+01
9.964562225341796875e+01 -1.012407207489013672e+01
-5.500095748901367188e+01 -4.162434387207031250e+01
5.661180114746093750e+01 1.857310104370117188e+01
9.683992767333984375e+01 -2.601720237731933594e+01
9.206710052490234375e+01 -3.340284347534179688e+01
8.342097473144531250e+01 -2.807741355895996094e+01
4.190278625488281250e+01 1.999692678451538086e+00
6.844596862792968750e+01 1.047297954559326172e+01
4.983723068237304688e+01 2.621700286865234375e+01
8.226113128662109375e+01 -2.440187263488769531e+01
4.386055374145507812e+01 5.436011123657226562e+01
-1.370263099670410156e+01 -4.464998626708984375e+01
9.157493591308593750e+01 -1.366728878021240234e+01
4.375146484375000000e+01 5.788379287719726562e+01
9.771759033203125000e+01 -2.352771949768066406e+01
8.701455688476562500e+01 -3.019750785827636719e+01
3.783829116821289062e+01 -3.315518569946289062e+01
7.384319305419921875e+01 7.323849678039550781e+00
9.745766448974609375e+01 -1.573742198944091797e+01
4.672385787963867188e+01 -2.890954399108886719e+01
6.670540618896484375e+01 1.682061004638671875e+01
4.214233016967773438e+01 -3.310749053955078125e+01
8.753187561035156250e+01 -3.914229965209960938e+01
4.357371139526367188e+01 -8.648589134216308594e+00
8.047421264648437500e+01 -3.355953598022460938e+01
7.961823272705078125e+01 -3.208219909667968750e+01
4.511736869812011719e+00 6.478792572021484375e+01
-1.475535869598388672e+01 8.246277618408203125e+01
4.114282608032226562e+01 1.494559347629547119e-01
8.154994964599609375e+01 -2.638453674316406250e+01
-2.052545928955078125e+01 -1.829467201232910156e+01
1.044996719360351562e+02 -2.712769317626953125e+01
4.626068496704101562e+01 -3.411550140380859375e+01
4.713338851928710938e+01 -8.771387100219726562e+00
-6.895645141601562500e+00 9.536684417724609375e+01
8.678303527832031250e+01 -3.248260116577148438e+01
9.408354949951171875e+01 -5.769810199737548828e+00
5.725024700164794922e+00 7.348739624023437500e+01
8.707436370849609375e+01 -2.246057701110839844e+01
7.298106384277343750e+01 8.056275367736816406e+00
-1.467961788177490234e+00 7.494195556640625000e+01
5.932865524291992188e+01 -2.585239982604980469e+01
1.032007217407226562e+02 -2.565371322631835938e+01
7.548418426513671875e+01 -4.507203292846679688e+01
4.196244049072265625e+01 -7.294114112854003906e+00
1.049870223999023438e+02 -1.714181518554687500e+01
6.466696929931640625e+01 -1.312635517120361328e+01
-1.569536113739013672e+01 2.637203407287597656e+01
8.975239562988281250e+01 -2.619182014465332031e+01
-3.340689849853515625e+01 -2.707704734802246094e+01
9.674626922607421875e+01 -3.009905242919921875e+01
8.792463684082031250e+01 1.388650226593017578e+01
9.884394836425781250e+01 -8.364098548889160156e+00
9.496117401123046875e+01 -3.256425094604492188e+01
4.618940734863281250e+01 -1.140224266052246094e+01
7.482257080078125000e+01 -4.267902755737304688e+01
8.979169464111328125e+01 -2.787373661994934082e-01
-6.898297882080078125e+01 2.510427665710449219e+01
-3.470439147949218750e+01 -4.293710327148437500e+01
-2.363224983215332031e+01 2.635680198669433594e+00
5.117396163940429688e+01 -3.315938186645507812e+01
7.850106811523437500e+01 -1.296642112731933594e+01
8.668650054931640625e+01 -4.020074462890625000e+01
5.284708404541015625e+01 -1.603054428100585938e+01
1.041852188110351562e+02 -2.791663742065429688e+01
4.815723896026611328e+00 7.971824645996093750e+01
7.097384643554687500e+01 9.995554924011230469e+00
4.559410858154296875e+01 -3.418885421752929688e+01
-2.081658172607421875e+01 2.204185104370117188e+01
9.416785430908203125e+01 -3.106397247314453125e+01
9.708725738525390625e+01 -1.613724327087402344e+01
8.935836791992187500e+01 -2.249006652832031250e+01
8.979829406738281250e+01 -2.611791610717773438e+01
1.781141757965087891e+00 6.411377716064453125e+01
9.401693725585937500e+01 9.486560821533203125e+00
4.808478546142578125e+01 6.083979797363281250e+01
6.295549774169921875e+01 2.054308319091796875e+01
1.059783325195312500e+02 -1.500320148468017578e+01
-6.463155364990234375e+01 -1.759788703918457031e+01
5.811718750000000000e+01 -4.529065704345703125e+01
8.690334320068359375e+01 -3.482812118530273438e+01
8.133764648437500000e+01 -1.406731414794921875e+01
3.770123672485351562e+01 1.786315083503723145e+00
-5.759465408325195312e+01 -5.022489070892333984e+00
4.116519927978515625e+01 -2.629307985305786133e+00
-4.583866882324218750e+01 -2.678380966186523438e+01
1.274102020263671875e+01 7.474207305908203125e+01
4.091908645629882812e+01 -5.813158512115478516e+00
7.731843566894531250e+01 -3.989083862304687500e+01
6.376808547973632812e+01 -2.356765556335449219e+01
9.055223846435546875e+01 -8.747727274894714355e-01
4.381554412841796875e+01 -3.313113021850585938e+01
8.388591003417968750e+01 -3.722217178344726562e+01
5.463079071044921875e+01 -4.701980209350585938e+01
1.205632591247558594e+01 9.748658752441406250e+01
4.418926239013671875e+01 -3.179807281494140625e+01
4.089694213867187500e+01 -3.344477462768554688e+01
3.678475952148437500e+01 -4.908387184143066406e+00
7.067102050781250000e+01 -3.678491973876953125e+01
8.514484405517578125e+01 -2.630364608764648438e+01
8.359520721435546875e+01 1.547251045703887939e-01
7.384966278076171875e+01 -1.946823239326477051e+00
9.716573333740234375e+01 7.693460464477539062e+00
-3.552142715454101562e+01 -4.427079010009765625e+01
4.146128845214843750e+01 6.150405502319335938e+01
5.818155670166015625e+01 1.120197677612304688e+01
8.026819610595703125e+01 -2.741406822204589844e+01
8.346021652221679688e+00 6.591338348388671875e+01
6.166938781738281250e+01 -2.102092981338500977e+00
8.668828582763671875e+01 -4.255614089965820312e+01
4.783523178100585938e+01 -3.521307373046875000e+01
8.280051422119140625e+01 1.109881877899169922e+01
4.018357753753662109e+00 7.061402130126953125e+01
-1.591197776794433594e+01 -4.166559219360351562e+01
5.372764968872070312e+01 1.512337112426757812e+01
3.612845611572265625e+01 -1.183756256103515625e+01
-5.641613960266113281e+00 -3.578504562377929688e+01
7.749451446533203125e+01 -3.859905242919921875e+01
7.242778778076171875e+01 9.485648155212402344e+00
4.764102172851562500e+01 -3.425519180297851562e+01
8.919626617431640625e+01 -2.787240028381347656e+01
8.123471069335937500e+01 -2.684035301208496094e+01
-1.161451625823974609e+01 9.442630767822265625e+01
-5.098167419433593750e+00 8.703289794921875000e+01
6.031814575195312500e+01 -1.439807224273681641e+01
7.214812469482421875e+01 -2.463980865478515625e+01
3.794451522827148438e+01 -3.127129173278808594e+01
-4.352048110961914062e+01 -1.093511867523193359e+01
4.655160140991210938e+01 -3.225010299682617188e+01
6.564054870605468750e+01 -1.333301544189453125e+01
7.926336669921875000e+01 -1.915597915649414062e+01
4.575184249877929688e+01 -3.376984405517578125e+01
8.419343566894531250e+01 -2.688778305053710938e+01
8.623007202148437500e+01 -2.336114883422851562e+01
5.682522201538085938e+01 -4.486591720581054688e+01
9.063474273681640625e+01 -2.954865646362304688e+01
9.632794952392578125e+01 -1.333443546295166016e+01
1.006111812591552734e+01 9.452128601074218750e+01
3.334340286254882812e+01 1.604664230346679688e+01
7.388742828369140625e+01 -8.796174049377441406e+00
-9.349807739257812500e+00 8.742170715332031250e+01
3.998833465576171875e+01 -3.058786582946777344e+01
7.919334411621093750e+01 -3.049402999877929688e+01
-1.699306488037109375e+01 2.548775291442871094e+01
2.880613708496093750e+01 2.157963275909423828e+00
3.857460403442382812e+01 -3.165396881103515625e+01
4.480117416381835938e+01 3.183636093139648438e+01
4.582542037963867188e+01 1.440084362030029297e+01
9.558850860595703125e+01 -1.304558086395263672e+01
6.694775390625000000e+01 -2.652083015441894531e+01
4.807446670532226562e+01 2.849521255493164062e+01
-5.705791473388671875e+01 -1.712984085083007812e+01
1.029900894165039062e+02 -2.771881484985351562e+01
3.734895324707031250e+01 -8.232510566711425781e+00
7.998761749267578125e+01 -4.033697128295898438e+01
3.725767898559570312e+01 -9.726979255676269531e+00
-1.960310935974121094e+01 3.231521129608154297e+00
-1.094512271881103516e+01 9.775230407714843750e+01
4.420978927612304688e+01 -2.198534393310546875e+01
5.452521133422851562e+01 -4.687130355834960938e+01
-4.267745971679687500e+01 5.890237808227539062e+00
6.502227020263671875e+01 1.471669101715087891e+01
-7.461384582519531250e+01 2.736488342285156250e+01
8.832611083984375000e+01 -1.911855888366699219e+01
-5.613359451293945312e+01 -3.477609634399414062e+01
-7.730377197265625000e+01 -1.101317024230957031e+01
1.064841003417968750e+02 -1.153057861328125000e+01
7.724620819091796875e+01 -3.848178100585937500e+01
3.903218460083007812e+01 -3.185215187072753906e+01
1.004681625366210938e+02 -2.841799545288085938e+01
-6.711653709411621094e+00 8.533508300781250000e+01
6.603140258789062500e+01 -8.536175727844238281e+00
-3.201694488525390625e+01 3.158339500427246094e+01
6.014596176147460938e+01 1.718808174133300781e+01
7.421070098876953125e+01 3.904788732528686523e+00
8.352180480957031250e+01 -7.769039630889892578e+00
9.414694213867187500e+01 -4.473357200622558594e+00
-1.341378784179687500e+01 8.021242523193359375e+01
5.143286514282226562e+01 -3.322288894653320312e+01
7.433941650390625000e+01 -4.395223617553710938e+01
4.482379531860351562e+01 -3.381896209716796875e+01
6.027938079833984375e+01 6.892668724060058594e+00
4.286386489868164062e+01 -3.044811439514160156e+01
4.749785232543945312e+01 -3.494113922119140625e+01
8.000947570800781250e+01 -3.066010093688964844e+01
9.173904418945312500e+01 -1.045587444305419922e+01
4.254621124267578125e+01 5.953767395019531250e+01
1.614546585083007812e+01 8.816275787353515625e+01
4.350019454956054688e+01 -3.258955764770507812e+01
5.897422027587890625e+01 2.226617050170898438e+01
9.354776000976562500e+01 -2.608602046966552734e+00
4.217479324340820312e+01 -3.253508377075195312e+01
5.304451751708984375e+01 1.474078941345214844e+01
3.889424133300781250e+01 -2.766464042663574219e+01
4.977935028076171875e+01 -1.232395172119140625e+00
-5.910663223266601562e+01 8.611987113952636719e+00
9.284544372558593750e+01 -3.596621274948120117e+00
-2.014892578125000000e+01 2.110083961486816406e+01
6.858780670166015625e+01 -3.547218322753906250e+01
8.285537719726562500e+01 -1.764886093139648438e+01
-4.429527282714843750e+01 -1.040670424699783325e-01
8.677299499511718750e+01 -2.733585548400878906e+01
-2.771231269836425781e+01 7.995133996009826660e-01
1.013413848876953125e+02 -2.846479225158691406e+01
8.902699279785156250e+01 -1.297796154022216797e+01
7.481714630126953125e+01 -4.392817687988281250e+01
9.500545501708984375e+01 -9.217873573303222656e+00
-6.512902832031250000e+01 -1.978315734863281250e+01
1.022282943725585938e+02 -2.426273536682128906e+01
9.298184204101562500e+01 -1.776801109313964844e+01
8.325367736816406250e+01 1.224545860290527344e+01
9.172982788085937500e+01 -5.707815170288085938e+00
9.579002380371093750e+01 1.529874682426452637e+00
4.608890151977539062e+01 -1.425709533691406250e+01
-6.429235076904296875e+01 1.498311901092529297e+01
-6.476100921630859375e+00 9.980037689208984375e+01
9.265336608886718750e+01 -4.627287387847900391e+00
8.698441314697265625e+01 -4.314270019531250000e+01
8.860155487060546875e+01 -4.519895172119140625e+01
4.364481735229492188e+01 2.331238746643066406e+00
8.894619750976562500e+01 -2.005148506164550781e+01
4.737159347534179688e+01 -3.203315353393554688e+01
4.712797164916992188e+01 -2.660660934448242188e+01
4.530174255371093750e+01 1.390079021453857422e+00
5.170445632934570312e+01 -3.240816831588745117e+00
4.658266448974609375e+01 8.025515556335449219e+00
-5.537701797485351562e+01 -2.271769905090332031e+01
9.356079864501953125e+01 -2.674092864990234375e+01
6.192769622802734375e+01 1.914829063415527344e+01
8.697904205322265625e+01 -3.471573638916015625e+01
7.107473754882812500e+01 -1.273610973358154297e+01
8.886045074462890625e+01 -1.687565803527832031e+01
7.677159881591796875e+01 -2.504989814758300781e+01
4.254535293579101562e+01 5.443817138671875000e+01
6.797229003906250000e+01 7.251688480377197266e+00
6.409255218505859375e+01 3.694153308868408203e+00
8.582269287109375000e+01 -2.024461174011230469e+01
-5.614123916625976562e+01 -4.760675048828125000e+01
-4.091815567016601562e+01 1.334155845642089844e+01
9.474645996093750000e+01 -2.533371686935424805e+00
8.030268859863281250e+01 -1.590067481994628906e+01
7.982382965087890625e+01 -2.772104644775390625e+01
-1.797508430480957031e+01 2.127179336547851562e+01
8.770046234130859375e+01 -3.883168411254882812e+01
7.489396667480468750e+01 -2.117906951904296875e+01
1.043374557495117188e+02 -1.185441207885742188e+01
4.065116119384765625e+01 -2.837492752075195312e+01
-1.536790657043457031e+01 2.126263809204101562e+01
4.754133605957031250e+01 -3.272319078445434570e+00
3.599008941650390625e+01 -6.578097343444824219e+00
8.501451873779296875e+01 -2.795651054382324219e+01
1.020006637573242188e+02 -2.891989135742187500e+01
5.654883956909179688e+01 -4.521245574951171875e+01
9.715176391601562500e+01 -1.520689487457275391e+01
5.314304733276367188e+01 -2.114025497436523438e+01
8.915203094482421875e+01 -2.175677299499511719e+01
8.983760070800781250e+01 -3.611485290527343750e+01
5.636553955078125000e+01 -4.413566589355468750e+01
5.883407211303710938e+01 2.250652694702148438e+01
-6.719183349609375000e+01 -5.229243469238281250e+01
4.148553085327148438e+01 5.418993759155273438e+01
1.031853179931640625e+02 -2.594356536865234375e+01
9.293231201171875000e+01 -2.159635543823242188e+01
9.683853149414062500e+01 -1.564567947387695312e+01
4.658124923706054688e+01 -3.547784423828125000e+01
9.112860870361328125e+01 -3.374975585937500000e+01
3.916563034057617188e+01 -3.104348373413085938e+01
1.059127578735351562e+02 -1.398945140838623047e+01
-4.198888397216796875e+01 -4.858932876586914062e+01
6.017428588867187500e+01 -3.949472427368164062e+00
-3.361467361450195312e+01 -2.422129631042480469e+01
-1.763563919067382812e+01 2.736163711547851562e+01
-5.546226024627685547e+00 -3.689666366577148438e+01
-2.563668060302734375e+01 2.628975868225097656e+01
4.883011245727539062e+01 8.541155815124511719e+00
6.150270843505859375e+01 -3.618078613281250000e+01
-4.543853759765625000e+00 9.155418395996093750e+01
-1.994077491760253906e+01 2.113726997375488281e+01
6.669480895996093750e+01 5.734371662139892578e+00
-1.162325096130371094e+01 9.828967285156250000e+01
-5.090883636474609375e+01 2.392474555969238281e+01
-6.630046844482421875e+01 -4.122448444366455078e+00
6.333364868164062500e+01 -9.151175498962402344e+00
8.978273773193359375e+01 -2.997444534301757812e+01
-5.432750320434570312e+01 -4.613085937500000000e+01
6.372136688232421875e+01 -1.453251743316650391e+01
1.021163024902343750e+02 -1.177747535705566406e+01
3.041244888305664062e+01 -3.611650466918945312e+00
9.898075866699218750e+01 -2.612609100341796875e+01
5.720658874511718750e+01 -2.023329162597656250e+01
4.304458999633789062e+01 -1.553126144409179688e+01
-8.206851005554199219e+00 9.027745056152343750e+01
3.929337310791015625e+01 -1.373527526855468750e+01
7.327713012695312500e+01 -3.826329421997070312e+01
7.909021759033203125e+01 -2.572466659545898438e+01
8.438204956054687500e+01 -1.742583274841308594e+01
-4.695542526245117188e+01 -2.567731475830078125e+01
-5.187017822265625000e+01 2.704182243347167969e+01
8.299821472167968750e+01 1.030722332000732422e+01
-6.139863967895507812e+01 1.770739936828613281e+01
4.742926788330078125e+01 9.620329856872558594e+00
8.851583862304687500e+01 1.336067867279052734e+01
4.800761413574218750e+01 6.023506546020507812e+01
-5.486151504516601562e+01 -4.246828079223632812e+00
-2.090503501892089844e+01 -7.397121191024780273e-02
3.128015327453613281e+01 7.782840251922607422e+00
-6.045100021362304688e+01 -4.511497879028320312e+01
9.188769531250000000e+01 -3.205986499786376953e+00
5.241219329833984375e+01 5.967068099975585938e+01
4.711277389526367188e+01 5.946149444580078125e+01
4.498531341552734375e+01 6.096013259887695312e+01
9.838092803955078125e+01 -1.321614074707031250e+01
6.655696868896484375e+01 1.671073532104492188e+01
4.057472610473632812e+01 -2.620075225830078125e+01
-2.302913475036621094e+01 1.247031569480895996e+00
-4.794510269165039062e+01 2.137628555297851562e+01
4.877759552001953125e+01 3.974125385284423828e+00
-7.376280212402343750e+01 -3.220397186279296875e+01
7.123445129394531250e+01 -4.481189727783203125e+00
9.458616638183593750e+01 -3.147245216369628906e+01
-9.816447257995605469e+00 8.883518218994140625e+01
9.399591827392578125e+01 1.106347084045410156e+01
-7.399052429199218750e+01 -3.925844955444335938e+01
8.154671478271484375e+01 -1.106877613067626953e+01
6.330707168579101562e+01 -2.346094131469726562e+01
7.101896667480468750e+01 -3.771829986572265625e+01
4.257954788208007812e+01 6.177347564697265625e+01
4.428504943847656250e+01 -1.304933547973632812e+00
9.357392883300781250e+01 -3.290956878662109375e+01
3.320368957519531250e+01 -1.304412651062011719e+01
9.517823791503906250e+01 -1.467882823944091797e+01
-8.735615730285644531e+00 8.436128997802734375e+01
9.580197906494140625e+01 -3.293862915039062500e+01
7.189447021484375000e+01 -2.337843322753906250e+01
4.491068649291992188e+01 -9.142834663391113281e+00
4.616363143920898438e+01 -2.258650970458984375e+01
8.148460388183593750e+00 6.920139312744140625e+01
4.020712852478027344e+00 8.130409240722656250e+01
2.866923141479492188e+01 8.162942886352539062e+00
-6.582105255126953125e+01 -5.015624618530273438e+01
6.380728149414062500e+01 -1.342890930175781250e+01
8.507013320922851562e+00 8.154583740234375000e+01
8.222735595703125000e+01 -4.406250762939453125e+01
-9.032166290283203125e+01 1.101509380340576172e+01
8.867451477050781250e+01 -3.592114257812500000e+01
8.203083801269531250e+01 -2.422412681579589844e+01
6.424201965332031250e+01 -5.711281299591064453e+00
2.319641351699829102e+00 6.957369232177734375e+01
-2.653931236267089844e+01 2.396603965759277344e+01
5.505649948120117188e+01 -4.549725723266601562e+01
-7.169465637207031250e+01 -3.508486175537109375e+01
9.408829498291015625e+01 -1.495174980163574219e+01
5.361552429199218750e+01 -1.675562095642089844e+01
7.242075443267822266e+00 9.182666015625000000e+01
9.579816436767578125e+01 -1.589346408843994141e+01
-4.081524276733398438e+01 -9.208795547485351562e+00
-3.696110153198242188e+01 -4.266782760620117188e+01
3.310528564453125000e+01 -1.335452651977539062e+01
9.567374420166015625e+01 -1.674485015869140625e+01
8.612476348876953125e+01 -6.757619380950927734e+00
7.030717468261718750e+01 7.587272644042968750e+00
8.813056945800781250e+01 -3.555582809448242188e+01
7.191461944580078125e+01 -2.041945457458496094e+01
6.201118850708007812e+01 1.761434555053710938e+01
5.090279769897460938e+01 -1.695057106018066406e+01
3.910244369506835938e+01 1.267210960388183594e+01
8.143804931640625000e+01 -2.181542205810546875e+01
4.218415069580078125e+01 -2.061095809936523438e+01
6.345420074462890625e+01 -2.349067497253417969e+01
4.302034759521484375e+01 -3.181596183776855469e+01
1.281414127349853516e+01 8.962162780761718750e+01
9.578808593750000000e+01 -2.755608367919921875e+01
4.289292907714843750e+01 -1.798627281188964844e+01
8.753185272216796875e+01 -2.032979965209960938e+01
4.070202636718750000e+01 8.529077768325805664e-01
1.064321175217628479e-01 8.989945983886718750e+01
8.090558624267578125e+01 -2.474764251708984375e+01
4.612446212768554688e+01 6.193947219848632812e+01
4.717733383178710938e+01 -3.236388778686523438e+01
5.570004653930664062e+01 -9.592597961425781250e+00
5.582829666137695312e+01 -6.712721824645996094e+00
-6.360976028442382812e+01 -1.543736457824707031e+01
8.183331298828125000e+01 -3.266110610961914062e+01
-7.394937896728515625e+01 1.115445041656494141e+01
9.309763336181640625e+01 -3.148264408111572266e+00
-3.495775222778320312e+01 -1.166681289672851562e+01
-6.127039718627929688e+01 -4.888085174560546875e+01
7.129279327392578125e+01 -4.843438625335693359e+00
5.618462371826171875e+01 -4.603327178955078125e+01
4.874655151367187500e+01 -3.164404630661010742e+00
2.933456230163574219e+01 2.186346530914306641e+00
-5.559946060180664062e+01 -3.990756607055664062e+01
-1.131610488891601562e+01 8.984817504882812500e+01
8.597851562500000000e+01 -6.849165916442871094e+00
-3.470969200134277344e-01 9.676724243164062500e+01
7.714867401123046875e+01 -2.999571228027343750e+01
7.342477416992187500e+01 2.387242794036865234e+00
8.221105957031250000e+01 -2.337556266784667969e+01
7.818933868408203125e+01 -2.521206855773925781e+01
9.709366607666015625e+01 -1.702908325195312500e+01
4.338808441162109375e+01 2.934094667434692383e-01
-1.843854141235351562e+01 9.075076293945312500e+01
5.072403335571289062e+01 5.820580673217773438e+01
8.792723846435546875e+01 -3.066704177856445312e+01
-5.027347564697265625e+01 -6.597277164459228516e+00
8.570168304443359375e+01 -3.599158859252929688e+01
9.402944183349609375e+01 -2.663186073303222656e+01
4.471548461914062500e+01 -3.427622604370117188e+01
9.670674896240234375e+01 -2.808434295654296875e+01
-7.046705245971679688e+00 8.843781280517578125e+01
7.341316223144531250e+01 -4.049760818481445312e+01
9.500592041015625000e+01 -2.198199462890625000e+01
-4.495025157928466797e+00 8.463495635986328125e+01
5.560713291168212891e+00 8.956007385253906250e+01
5.257762908935546875e+01 4.388910293579101562e+00
7.775476074218750000e+01 -3.197394847869873047e+00
-3.182015037536621094e+01 -5.826156616210937500e+00
6.861014556884765625e+01 1.370857334136962891e+01
8.334434509277343750e+01 -1.712954330444335938e+01
4.584684753417968750e+01 4.224984049797058105e-01
4.810021972656250000e+01 -3.171271133422851562e+01
8.187105560302734375e+01 -2.089039230346679688e+01
3.577402496337890625e+01 -1.190609645843505859e+01
4.920283508300781250e+01 -1.172714900970458984e+01
-1.492669677734375000e+01 9.097885131835937500e+01
3.815277099609375000e+01 -3.370633697509765625e+01
5.880593299865722656e+00 8.407836914062500000e+01
1.354198741912841797e+01 1.014066390991210938e+02
5.403022766113281250e+01 -4.298876571655273438e+01
8.512979125976562500e+01 -2.337382698059082031e+01
-1.301064872741699219e+01 9.574950408935546875e+01
5.456658935546875000e+01 -4.425225830078125000e+01
7.442200469970703125e+01 -1.059863185882568359e+01
-3.094092369079589844e+01 9.921506643295288086e-01
4.197897720336914062e+01 -1.450215530395507812e+01
6.365113067626953125e+01 -2.352635574340820312e+01
-5.474017715454101562e+01 -3.257027816772460938e+01
8.183391571044921875e+01 -2.260575866699218750e+01
9.304626464843750000e+01 1.924397110939025879e+00
9.284460449218750000e+01 -2.399006462097167969e+01
-6.112239360809326172e+00 9.421714782714843750e+01
4.815192031860351562e+01 -3.431914520263671875e+01
4.802675628662109375e+01 -2.977673339843750000e+01
-1.078298950195312500e+01 7.432162475585937500e+01
4.869182968139648438e+01 1.822692108154296875e+01
9.214915466308593750e+01 -3.364381408691406250e+01
5.137401199340820312e+01 -1.545331597328186035e+00
4.703325271606445312e+01 5.838816070556640625e+01
5.385922241210937500e+01 -2.615525054931640625e+01
-6.110634994506835938e+01 -1.111130619049072266e+01
5.834900665283203125e+01 -4.530633163452148438e+01
6.925511932373046875e+01 -6.822913169860839844e+00
4.962782669067382812e+01 5.289244842529296875e+01
5.821804046630859375e+01 2.474146270751953125e+01
7.319353485107421875e+01 -4.239488983154296875e+01
-3.456136941909790039e+00 9.484016418457031250e+01
8.078932189941406250e+01 -2.329744338989257812e+01
8.779666137695312500e+01 -2.018888282775878906e+01
4.779629898071289062e+01 1.868309974670410156e+01
-1.252814960479736328e+01 9.193777465820312500e+01
8.861881256103515625e+01 -4.096751785278320312e+01
1.526812434196472168e+00 6.687084197998046875e+01
7.295281887054443359e+00 7.695447540283203125e+01
6.375794219970703125e+01 2.092973518371582031e+01
1.782935142517089844e+00 9.011273956298828125e+01
7.806945037841796875e+01 2.789980411529541016e+00
-6.540462493896484375e+01 1.888665771484375000e+01
8.679332733154296875e+01 -9.974413871765136719e+00
4.383816909790039062e+01 -3.866407632827758789e+00
6.686989593505859375e+01 -1.894330787658691406e+01
6.075640487670898438e+01 -4.253644466400146484e+00
1.240829658508300781e+01 9.594817352294921875e+01
2.974510765075683594e+01 -4.463017463684082031e+00
-5.157906189560890198e-02 9.155998229980468750e+01
5.790798187255859375e+01 -2.009498786926269531e+01
9.595101165771484375e+01 -2.353442573547363281e+01
8.381553649902343750e+01 -8.228945732116699219e+00
3.860702753067016602e+00 9.628256225585937500e+01
9.550469207763671875e+01 -2.440416526794433594e+01
4.881844329833984375e+01 -3.206672668457031250e+01
7.337954711914062500e+01 2.340134859085083008e+00
8.250862884521484375e+01 8.836966514587402344e+00
-6.618972015380859375e+01 1.891568565368652344e+01
3.764724349975585938e+01 -1.902937316894531250e+01
4.670911788940429688e+01 -2.670860481262207031e+01
8.056806945800781250e+01 -1.534074211120605469e+01
-5.220526218414306641e+00 9.567427062988281250e+01
5.223464965820312500e+01 2.630159568786621094e+01
4.406983947753906250e+01 5.562221145629882812e+01
7.943392944335937500e+01 -2.163245773315429688e+01
8.786265563964843750e+01 -4.170655441284179688e+01
6.578517913818359375e+01 -2.747768163681030273e+00
7.195613098144531250e+01 -2.383363914489746094e+01
-5.895000457763671875e+01 2.858750724792480469e+01
-4.884849166870117188e+01 1.763805007934570312e+01
-2.771157264709472656e+01 2.047776985168457031e+01
-1.944376182556152344e+01 -1.319194889068603516e+01
1.177143383026123047e+01 7.231754302978515625e+01
5.030586242675781250e+01 1.634794998168945312e+01
8.819192504882812500e+01 -3.425947952270507812e+01
-8.742853999137878418e-01 7.207625579833984375e+01
-2.450081348419189453e+00 8.963977813720703125e+01
7.124615478515625000e+01 -1.578556251525878906e+01
7.453234863281250000e+01 -1.067330932617187500e+01
3.737931442260742188e+01 -3.003825759887695312e+01
-5.924261093139648438e+01 -1.789022445678710938e+01
5.445048141479492188e+01 -4.595333099365234375e+01
8.464141845703125000e+01 -2.918047523498535156e+01
-4.470463180541992188e+01 2.296654891967773438e+01
3.883513641357421875e+01 -6.058700084686279297e+00
1.785388231277465820e+00 6.707363128662109375e+01
3.954893875122070312e+01 -2.760986328125000000e+01
5.423505783081054688e+01 -1.225677108764648438e+01
7.537580966949462891e+00 6.054061126708984375e+01
4.643098068237304688e+01 5.724742507934570312e+01
-6.146991729736328125e+01 -3.294147109985351562e+01
7.113063049316406250e+01 1.535691070556640625e+01
-2.281391525268554688e+01 1.984118080139160156e+01
7.498181152343750000e+01 9.672922134399414062e+00
8.329462432861328125e+01 -1.893881034851074219e+01
5.211236190795898438e+01 6.133712768554687500e+01
7.803523254394531250e+01 -2.454613494873046875e+01
-6.882183074951171875e+01 6.451871395111083984e+00
8.884266662597656250e+01 -1.422080135345458984e+01
4.852707290649414062e+01 -2.919901657104492188e+01
8.578185272216796875e+01 3.333779811859130859e+00
-7.691925811767578125e+01 -2.962133598327636719e+01
4.154552459716796875e+01 1.121525287628173828e+01
8.677526092529296875e+01 -4.119845199584960938e+01
7.017958831787109375e+01 -2.776734352111816406e+01
-1.713336372375488281e+01 9.160226440429687500e+01
5.236403274536132812e+01 -1.348408794403076172e+01
8.126458740234375000e+01 -7.649955153465270996e-01
3.101068496704101562e+01 -1.249725151062011719e+01
9.603361511230468750e+01 1.845516681671142578e+00
9.555984497070312500e+01 -2.712429428100585938e+01
-3.092655181884765625e+01 9.997389793395996094e+00
5.853741836547851562e+01 1.962583422660827637e+00
-1.672803115844726562e+01 8.321816253662109375e+01
-3.691720581054687500e+01 -2.701017951965332031e+01
9.759497070312500000e+01 -2.371482276916503906e+01
6.761656951904296875e+01 -4.102375507354736328e+00
-5.221234130859375000e+01 -3.747909545898437500e+01
-1.219148540496826172e+01 9.129544067382812500e+01
6.126087570190429688e+01 -7.641226291656494141e+00
8.697782135009765625e+01 -3.076240921020507812e+01
1.325806903839111328e+01 9.389604949951171875e+01
6.912287902832031250e+01 -2.183927536010742188e+01
-4.187705993652343750e+01 -3.340972137451171875e+01
-2.758152008056640625e+01 -1.745921516418457031e+01
6.248790359497070312e+01 -1.943074035644531250e+01
9.071743011474609375e+01 1.321333980560302734e+01
2.297791004180908203e+00 8.287521362304687500e+01
6.775530242919921875e+01 -3.198185205459594727e+00
8.990776824951171875e+01 1.158831214904785156e+01
-1.648545837402343750e+01 -4.308683395385742188e+01
-6.160470581054687500e+01 1.978993606567382812e+01
4.476730346679687500e+01 6.106193923950195312e+01
5.356534576416015625e+01 -2.683156776428222656e+01
4.163068771362304688e+01 5.171615600585937500e+01
4.412013626098632812e+01 1.529944896697998047e+01
-3.642200469970703125e+01 8.091578483581542969e+00
5.406148910522460938e+01 -3.811049938201904297e+00
6.681540679931640625e+01 -5.595372676849365234e+00
-1.354115486145019531e+01 8.991464233398437500e+01
-1.221716499328613281e+01 7.422655487060546875e+01
-4.655433654785156250e+01 1.606574058532714844e+01
5.016146469116210938e+01 6.180486297607421875e+01
5.425386047363281250e+01 -6.789465546607971191e-01
9.275671386718750000e+01 -1.790166616439819336e+00
5.897238922119140625e+01 -2.022840118408203125e+01
8.654831695556640625e+01 3.606416702270507812e+00
-5.784552764892578125e+01 -3.459334945678710938e+01
7.715464019775390625e+01 -2.633619308471679688e+01
4.155075836181640625e+01 3.015927076339721680e-01
4.675393676757812500e+01 -1.966699981689453125e+01
8.074433326721191406e+00 1.010482025146484375e+02
-6.271366596221923828e+00 8.787859344482421875e+01
4.622378540039062500e+01 -1.456117916107177734e+01
-1.338065242767333984e+01 8.829304504394531250e+01
-6.908131408691406250e+01 -1.696904945373535156e+01
7.180976104736328125e+01 -3.828308105468750000e+01
-5.820512008666992188e+01 2.310257720947265625e+01
-4.604040622711181641e+00 9.624196624755859375e+01
6.499928283691406250e+01 1.656171417236328125e+01
-7.599698752164840698e-02 9.024776458740234375e+01
-1.841994476318359375e+01 9.068275451660156250e+01
5.885509109497070312e+01 -6.079072952270507812e+00
5.928532409667968750e+01 -4.556988239288330078e+00
-1.524091529846191406e+01 2.716444206237792969e+01
8.284161376953125000e+01 -2.882538414001464844e+01
7.691982269287109375e+01 -2.247404289245605469e+01
-4.632377624511718750e+01 1.867985343933105469e+01
8.098684692382812500e+01 -1.440176486968994141e+01
6.883171081542968750e+01 -1.595117664337158203e+01
9.396565246582031250e+01 -2.215668201446533203e+00
8.135842895507812500e+01 -1.930692672729492188e+01
7.547659301757812500e+01 -7.613181591033935547e+00
-1.844134902954101562e+01 -1.306584358215332031e+01
3.175278663635253906e+01 -4.825231075286865234e+00
1.181262397766113281e+01 9.434444427490234375e+01
3.708478927612304688e+01 -3.050008058547973633e+00
5.901683425903320312e+01 -5.747947841882705688e-02
4.808467864990234375e+01 1.260525608062744141e+01
3.669185638427734375e+01 -3.433819770812988281e+00
6.185854339599609375e+01 9.306935310363769531e+00
8.194760131835937500e+01 1.348414802551269531e+01
5.151481246948242188e+01 1.175434494018554688e+01
7.404752349853515625e+01 -1.599797248840332031e+01
9.038504791259765625e+01 1.180201530456542969e+01
3.289091873168945312e+01 1.589094543457031250e+01
-7.164086914062500000e+01 1.340797328948974609e+01
3.502342987060546875e+01 -1.332971000671386719e+01
6.591077423095703125e+01 6.901224613189697266e+00
1.053050689697265625e+02 -2.573804855346679688e+01
7.688977813720703125e+01 -1.332021236419677734e+01
5.452820205688476562e+01 -4.596877288818359375e+01
-4.606623649597167969e+00 9.965421295166015625e+01
8.836447906494140625e+01 -4.263541221618652344e+00
8.407896423339843750e+01 -4.844592094421386719e+00
7.981481170654296875e+01 -2.352434158325195312e+01
-2.119715213775634766e+00 6.497875976562500000e+01
7.315299987792968750e+01 -4.014175033569335938e+01
7.167440032958984375e+01 -4.096956253051757812e+01
8.647102355957031250e+01 -8.544910430908203125e+00
4.760520553588867188e+01 -1.144008827209472656e+01
5.773374938964843750e+01 -9.152390062808990479e-02
1.044560775756835938e+02 -2.541682052612304688e+01
4.005148696899414062e+01 -6.619464874267578125e+00
-9.570676803588867188e+00 8.502943420410156250e+01
-6.043207550048828125e+01 1.965726852416992188e+01
-9.654447555541992188e+00 9.497175598144531250e+01
9.549179840087890625e+01 -1.191063404083251953e+01
-5.574882507324218750e+00 7.343025970458984375e+01
6.736350655555725098e-01 8.608721160888671875e+01
-2.993174552917480469e+00 9.295488739013671875e+01
-7.673316192626953125e+01 -2.299996757507324219e+01
-1.556848049163818359e+01 2.131080627441406250e+01
6.924620819091796875e+01 -3.245183181762695312e+01
-1.592836475372314453e+01 8.106378936767578125e+01
-4.872380447387695312e+01 -2.212222480773925781e+01
4.847994995117187500e+01 3.600884675979614258e+00
-7.599456310272216797e+00 8.564857482910156250e+01
6.235501861572265625e+01 -1.939505767822265625e+01
3.883147430419921875e+01 -3.237281036376953125e+01
4.168627548217773438e+01 -1.035880756378173828e+01
3.202432394027709961e-01 6.670324707031250000e+01
8.551589202880859375e+01 -8.438739776611328125e+00
3.641664505004882812e+00 9.588127899169921875e+01
7.196964263916015625e+00 9.157114410400390625e+01
1.005919647216796875e+01 6.907078552246093750e+01
5.209660720825195312e+01 -1.507015514373779297e+01
1.003124427795410156e+01 9.899576568603515625e+01
4.213937222957611084e-01 8.787382507324218750e+01
6.355281352996826172e+00 7.222425079345703125e+01
3.201790618896484375e+01 -3.771398782730102539e+00
6.754965782165527344e+00 9.119271087646484375e+01
6.896585941314697266e+00 7.888438415527343750e+01
-9.689267158508300781e+00 9.503083801269531250e+01
-1.818857383728027344e+01 7.342295169830322266e+00
-2.133391189575195312e+01 2.809380340576171875e+01
7.016127777099609375e+01 -6.672632217407226562e+00
-4.004322814941406250e+01 2.895420837402343750e+01
8.549545288085937500e+01 -2.336911010742187500e+01
8.655148315429687500e+01 -2.110460472106933594e+01
5.148921203613281250e+01 -4.282085418701171875e+00
1.489555835723876953e+01 9.671858215332031250e+01
1.103693103790283203e+01 9.817430877685546875e+01
-2.113095092773437500e+01 1.905202865600585938e+01
4.734413528442382812e+01 2.919298171997070312e+01
5.954481506347656250e+01 1.552925586700439453e+01
5.110810089111328125e+01 -3.168602180480957031e+01
-1.539701080322265625e+01 -2.892955780029296875e+01
-5.109707832336425781e+00 -3.786473846435546875e+01
5.085779571533203125e+01 -4.714067935943603516e+00
-5.052083587646484375e+01 -9.733014106750488281e+00
9.540318298339843750e+01 -1.695879936218261719e+01
4.829872512817382812e+01 -2.659310531616210938e+01
7.150909423828125000e+01 -3.842876434326171875e+01
-2.867667579650878906e+01 3.133631515502929688e+01
-7.361069679260253906e+00 9.182163238525390625e+01
5.189238357543945312e+01 -2.093569755554199219e+01
-5.441505432128906250e+01 -3.484262847900390625e+01
4.892875671386718750e+01 -6.558326244354248047e+00
7.076529693603515625e+01 -5.178671836853027344e+00
-2.255086708068847656e+01 -4.388697814941406250e+01
4.920800018310546875e+01 3.156932258605957031e+01
7.470471191406250000e+01 -4.222629928588867188e+01
4.838805389404296875e+01 5.709902191162109375e+01
4.048629760742187500e+01 -4.718141078948974609e+00
-2.856520843505859375e+01 3.403047180175781250e+01
7.316596031188964844e+00 7.149385070800781250e+01
4.561898422241210938e+01 -1.998607635498046875e+01
7.962490081787109375e+01 -1.850826072692871094e+01
8.276840972900390625e+01 -2.127423048019409180e+00
5.047136306762695312e+01 6.295870971679687500e+01
8.295308685302734375e+01 1.448647975921630859e+01
9.444701194763183594e+00 9.846110534667968750e+01
2.041524350643157959e-01 9.909149169921875000e+01
8.444245910644531250e+01 -1.905856704711914062e+01
5.117006301879882812e+01 5.502881622314453125e+01
9.409237670898437500e+01 -9.634846687316894531e+00
-2.103367614746093750e+01 6.006101131439208984e+00
3.982018661499023438e+01 -8.585251808166503906e+00
-4.836549377441406250e+01 -4.612871932983398438e+01
5.133393859863281250e+01 -8.041062355041503906e+00
7.435430145263671875e+01 1.504201054573059082e+00
5.817301940917968750e+01 -1.065405845642089844e+01
7.787541961669921875e+01 -1.904275894165039062e+01
5.608780288696289062e+01 -4.446007537841796875e+01
7.481404876708984375e+01 -4.235986709594726562e+01
-5.199917316436767578e+00 9.381503295898437500e+01
-1.137568283081054688e+01 9.253498840332031250e+01
8.300530242919921875e+01 -9.137417793273925781e+00
-1.171895408630371094e+01 8.942005157470703125e+01
6.064553451538085938e+01 -1.208139705657958984e+01
3.709269714355468750e+01 -1.792317390441894531e+01
8.153114318847656250e+01 -2.208090591430664062e+01
-5.771161270141601562e+01 2.423338699340820312e+01
1.572358512878417969e+01 9.152770233154296875e+01
5.514418792724609375e+01 -9.919617772102355957e-01
8.284806823730468750e+01 -1.572883319854736328e+01
7.193970489501953125e+01 1.197673797607421875e+01
4.602503204345703125e+01 3.894748091697692871e-01
8.241802215576171875e+01 -9.356414794921875000e+00
8.088945770263671875e+01 1.355778026580810547e+01
1.719802260398864746e+00 7.490876007080078125e+01
6.139986801147460938e+01 -2.930762863159179688e+01
6.547700500488281250e+01 -7.922521233558654785e-01
-6.369890594482421875e+01 1.634646987915039062e+01
4.833387756347656250e+01 5.807273483276367188e+01
6.727065277099609375e+01 -1.182163524627685547e+01
6.312873840332031250e+01 2.456150531768798828e+00
4.488623046875000000e+01 5.192712402343750000e+01
-1.287412261962890625e+01 9.459770202636718750e+01
4.580904769897460938e+01 -2.188729667663574219e+01
-6.223565673828125000e+01 -2.419138908386230469e+01
-1.631302452087402344e+01 7.974687957763671875e+01
-1.737935447692871094e+01 2.163414192199707031e+01
5.398434829711914062e+01 -2.836214828491210938e+01
6.530290985107421875e+01 -2.351307153701782227e+00
4.419054412841796875e+01 -1.569473743438720703e+01
4.732883834838867188e+01 9.237648010253906250e+00
4.064488601684570312e+01 -3.912711858749389648e+00
-1.175307846069335938e+01 8.672132110595703125e+01
7.449146270751953125e+01 -2.832047462463378906e+00
6.099082565307617188e+01 1.618592262268066406e+01
5.489549636840820312e+01 -1.510806655883789062e+01
-3.150843429565429688e+01 -2.365760231018066406e+01
-4.942346572875976562e+00 9.197016143798828125e+01
3.878640365600585938e+01 -4.132872581481933594e+00
-1.908767509460449219e+01 6.807470321655273438e+00
7.698817443847656250e+01 -3.896543121337890625e+01
2.780508518218994141e+00 7.070207214355468750e+01
5.562390327453613281e+00 8.966566467285156250e+01
-2.516793251037597656e+01 3.005632400512695312e+01
6.807880401611328125e+01 1.727626085281372070e+00
8.981710052490234375e+01 -3.577937316894531250e+01
-1.380236053466796875e+01 9.468657684326171875e+01
3.941724014282226562e+01 1.272176265716552734e+01
4.884421539306640625e+01 -1.445848941802978516e-01
-3.047246932983398438e+01 3.611338806152343750e+01
8.876494598388671875e+01 -2.462656211853027344e+01
7.631939697265625000e+01 -1.383069038391113281e+01
5.761084556579589844e+00 9.717571258544921875e+01
8.412713623046875000e+01 -9.300042152404785156e+00
-7.278607177734375000e+01 -1.711753845214843750e+01
4.952194595336914062e+01 2.862403297424316406e+01
-3.321470642089843750e+01 3.232418823242187500e+01
-5.785741806030273438e+01 -1.558662796020507812e+01
4.660393905639648438e+01 5.544064712524414062e+01
5.187451171875000000e+01 -1.411723327636718750e+01
4.589004898071289062e+01 6.395505142211914062e+01
-3.640710449218750000e+01 3.013606071472167969e+01
7.745400238037109375e+01 -2.379837417602539062e+01
-1.352136707305908203e+01 9.464629364013671875e+01
5.868298721313476562e+01 -6.828220367431640625e+00
6.924222564697265625e+01 -1.070553112030029297e+01
3.972572326660156250e+01 -9.357706069946289062e+00
-2.157535743713378906e+01 -1.690873718261718750e+01
-5.057651996612548828e+00 1.002810058593750000e+02
5.898991775512695312e+01 -7.517211914062500000e+00
-1.794532775878906250e+01 2.481966400146484375e+01
9.244281005859375000e+01 -3.934990406036376953e+00
-1.339561176300048828e+01 7.814435577392578125e+01
7.184060668945312500e+01 -1.535467529296875000e+01
8.936193847656250000e+01 -4.529233932495117188e+00
5.197303390502929688e+01 5.776964187622070312e+01
-2.091262435913085938e+01 -1.632212257385253906e+01
-2.465489196777343750e+01 3.465072631835937500e+01
8.294989013671875000e+01 1.517587852478027344e+01
4.808259201049804688e+01 -9.312132835388183594e+00
7.962566852569580078e+00 9.454124450683593750e+01
4.253948974609375000e+01 5.877362823486328125e+01
7.041832733154296875e+01 -1.264876651763916016e+01
-2.781661415100097656e+01 -8.400745391845703125e+00
7.677232623100280762e-01 8.603750610351562500e+01
-2.619095420837402344e+01 2.228046035766601562e+01
-1.433048343658447266e+01 7.404940032958984375e+01
3.012033462524414062e+00 6.773947143554687500e+01
-1.348079395294189453e+01 9.303009033203125000e+01
4.375637817382812500e+01 -2.780132102966308594e+01
4.983408355712890625e+01 -1.671703338623046875e+01
5.326023483276367188e+01 1.738005638122558594e+01
-2.136210060119628906e+01 3.169427871704101562e+01
1.634516716003417969e+00 9.304878997802734375e+01
5.397612762451171875e+01 -6.169722676277160645e-01
3.934646224975585938e+01 -2.788139533996582031e+01
5.793469238281250000e+01 -5.347125530242919922e+00
7.673867034912109375e+01 -2.089668464660644531e+01
4.839738464355468750e+01 -1.030087375640869141e+01
8.016664123535156250e+01 -5.335960865020751953e+00
7.285330200195312500e+01 -4.023214721679687500e+01
-5.707709503173828125e+01 1.582408618927001953e+01
-2.777300071716308594e+01 -1.851832389831542969e+01
3.919570159912109375e+01 -2.671323776245117188e+01
-1.881362915039062500e+01 -1.202422523498535156e+01
4.988181686401367188e+01 -2.921426963806152344e+01
6.368228912353515625e+00 9.898323059082031250e+01
5.998233032226562500e+01 1.345977973937988281e+01
-1.792875671386718750e+01 2.313743209838867188e+01
3.789268493652343750e+01 1.045434355735778809e+00
-2.908922386169433594e+01 -2.187715911865234375e+01
-1.835572433471679688e+01 -1.509518814086914062e+01
-2.501714897155761719e+01 2.973295974731445312e+01
8.216709136962890625e+01 -5.649681568145751953e+00
-1.832889366149902344e+01 9.257173919677734375e+01
7.435870361328125000e+01 -2.215461158752441406e+01
-7.541062927246093750e+01 2.533263397216796875e+01
5.936583328247070312e+01 -1.188643074035644531e+01
-3.281391525268554688e+01 -4.566778945922851562e+01
-3.998092651367187500e+01 -5.412697315216064453e+00
8.689565277099609375e+01 -2.913764953613281250e+01
9.041414642333984375e+01 1.034360122680664062e+01
-8.106837272644042969e+00 8.418631744384765625e+01
-1.555847835540771484e+01 9.103296661376953125e+01
1.190322589874267578e+01 9.859780883789062500e+01
8.898469543457031250e+01 -1.371195411682128906e+01
-2.001317977905273438e+00 9.483294677734375000e+01
7.691322803497314453e+00 7.199659729003906250e+01
4.933208465576171875e+01 5.848912429809570312e+01
3.948967361450195312e+01 1.689596939086914062e+01
8.974520683288574219e+00 9.630895996093750000e+01
4.660169601440429688e+01 -2.887370872497558594e+01
-2.181567382812500000e+01 1.901950240135192871e+00
4.024263381958007812e+01 1.712022399902343750e+01
8.670102119445800781e+00 7.350539398193359375e+01
8.115574645996093750e+01 -1.417392349243164062e+01
3.891881179809570312e+01 -3.038638114929199219e+01
-7.026799011230468750e+01 2.856513977050781250e+01
8.294136047363281250e+01 -9.879528999328613281e+00
8.780404663085937500e+01 -1.472422027587890625e+01
-4.986483097076416016e+00 8.203710937500000000e+01
5.010202789306640625e+01 -2.474554634094238281e+01
6.021282196044921875e+01 -2.604285240173339844e+01
4.042066574096679688e+01 -1.440323162078857422e+01
7.673272609710693359e+00 7.474385070800781250e+01
7.384697723388671875e+01 -8.768312454223632812e+00
5.341944503784179688e+01 -1.264151859283447266e+01
-1.083764553070068359e+01 7.303702545166015625e+01
6.317573928833007812e+01 1.596470737457275391e+01
3.326042175292968750e+01 -2.575936317443847656e+00
3.701405286788940430e+00 7.201493835449218750e+01
-9.369872093200683594e+00 7.380634307861328125e+01
-3.179014205932617188e+00 7.706736755371093750e+01
3.231738805770874023e+00 7.557942199707031250e+01
8.288827896118164062e+00 9.603177642822265625e+01
-6.139782428741455078e+00 9.089376068115234375e+01
5.341393280029296875e+01 1.549470615386962891e+01
4.155540466308593750e+00 7.535945129394531250e+01
4.435003662109375000e+01 1.503622722625732422e+01
4.260758972167968750e+01 6.286608505249023438e+01
8.961003875732421875e+01 1.137982559204101562e+01
7.217678833007812500e+01 9.639895439147949219e+00
-5.123089313507080078e+00 9.935875701904296875e+01
4.126014709472656250e+01 1.576367378234863281e+00
7.979779052734375000e+01 -2.182452201843261719e+01
-1.671740150451660156e+01 2.655298995971679688e+01
8.884308624267578125e+01 -2.559086608886718750e+01
-5.638198089599609375e+01 -1.056420326232910156e+01
4.422501373291015625e+01 6.252751541137695312e+01
4.880280303955078125e+01 1.607646179199218750e+01
1.789776563644409180e+00 7.823773956298828125e+01
-6.147347450256347656e+00 8.327109527587890625e+01
-3.279501724243164062e+01 -1.271518421173095703e+01
8.878990936279296875e+01 -4.065142822265625000e+01
-1.572180652618408203e+01 2.700234222412109375e+01
-1.711211013793945312e+01 -9.199967384338378906e+00
7.808085441589355469e+00 6.758760833740234375e+01
-5.896392440795898438e+01 9.595773696899414062e+00
-3.065975189208984375e+01 -2.049877548217773438e+01
-1.787381362915039062e+01 -6.519142627716064453e+00
-1.142965698242187500e+01 8.719151306152343750e+01
6.335096740722656250e+01 -5.340230941772460938e+00
4.082646942138671875e+01 -3.251433563232421875e+01
6.721915721893310547e+00 9.568897247314453125e+01
-3.416319656372070312e+01 -3.197124290466308594e+01
4.761508560180664062e+01 3.236630249023437500e+01
-6.457688903808593750e+01 -6.821157455444335938e+00
-3.251482009887695312e+01 -2.549962699413299561e-01
7.870945739746093750e+01 -3.866960144042968750e+01
-1.566901206970214844e+00 8.400466156005859375e+01
4.254564666748046875e+01 -1.403957271575927734e+01
8.684810638427734375e+01 -2.837203216552734375e+01
1.661120986938476562e+01 9.150655364990234375e+01
8.327529907226562500e+01 -3.075118637084960938e+01
5.255215454101562500e+01 -2.718709754943847656e+01
-1.622926712036132812e+01 8.872691345214843750e+01
8.295351028442382812e+00 9.353836059570312500e+01
-1.405761837959289551e+00 8.895054626464843750e+01
3.931645393371582031e+00 8.115250396728515625e+01
6.958168029785156250e+01 -3.601191759109497070e+00
4.161238479614257812e+01 -1.367937088012695312e+00
-3.262143325805664062e+01 -4.275587558746337891e+00
9.853869438171386719e+00 9.668710327148437500e+01
7.577143859863281250e+01 -1.947945022583007812e+01
8.397674560546875000e+01 -1.018967914581298828e+01
7.831077575683593750e+01 -2.124861717224121094e+01
9.809619140625000000e+01 -1.356272220611572266e+01
-6.579770660400390625e+01 -2.224011802673339844e+01
-2.064769363403320312e+01 6.202545642852783203e+00
-4.741003417968750000e+01 2.426607322692871094e+01
3.153330230712890625e+01 -1.440888309478759766e+01
8.051117706298828125e+01 1.062637042999267578e+01
4.953725051879882812e+01 -2.145842361450195312e+01
6.029948425292968750e+01 -2.948347473144531250e+01
3.417099380493164062e+01 -1.111998462677001953e+01
6.074606704711914062e+01 1.779445648193359375e+01
-5.376848983764648438e+01 8.810104370117187500e+00
6.105085372924804688e+01 -7.597392559051513672e+00
4.665152740478515625e+01 -1.163659286499023438e+01
-2.374754905700683594e+01 2.943870925903320312e+01
7.102281951904296875e+01 6.462212562561035156e+00
-4.630123138427734375e+01 1.366874504089355469e+01
5.754909515380859375e+01 8.192904472351074219e+00
5.238933181762695312e+01 -1.788415145874023438e+01
-6.900167083740234375e+01 -2.525004577636718750e+01
7.728565216064453125e+01 -2.599328041076660156e+01
-6.209778976440429688e+01 -2.270542621612548828e+00
3.073374557495117188e+01 -1.249247264862060547e+01
6.472539424896240234e+00 7.555909729003906250e+01
-1.314276790618896484e+01 -3.838198852539062500e+01
2.496532678604125977e+00 9.457819366455078125e+01
9.532859039306640625e+01 -2.923253631591796875e+01
-1.387473011016845703e+01 9.121212005615234375e+01
8.284229278564453125e+01 1.336688041687011719e+01
8.315277862548828125e+01 1.010993099212646484e+01
4.969036865234375000e+01 2.765159606933593750e+01
-6.765665054321289062e+00 9.741063690185546875e+01
8.378562927246093750e+01 1.359010410308837891e+01
5.646196365356445312e+01 -2.817206954956054688e+01
-4.578528976440429688e+01 -3.754145050048828125e+01
7.384522247314453125e+01 9.477235794067382812e+00
6.641482543945312500e+01 -1.419705295562744141e+01
3.983310317993164062e+01 5.365817260742187500e+01
6.355736160278320312e+01 -5.454200267791748047e+00
-1.460224437713623047e+01 8.336172485351562500e+01
4.556988525390625000e+01 6.280841445922851562e+01
1.624667549133300781e+01 9.036253356933593750e+01
3.477759170532226562e+01 -8.056956291198730469e+00
4.107831192016601562e+01 -1.099974822998046875e+01
-3.424113082885742188e+01 3.543070602416992188e+01
-3.061279487609863281e+01 3.610746765136718750e+01
5.265472030639648438e+01 4.589687824249267578e+00
2.125395298004150391e+00 7.697914886474609375e+01
5.780701446533203125e+01 -7.815102577209472656e+00
-5.772920608520507812e+00 9.448882293701171875e+01
-6.816749572753906250e+01 1.252065277099609375e+01
-4.101788711547851562e+01 2.068741416931152344e+01
6.881568908691406250e+01 -1.591967391967773438e+01
8.640381622314453125e+01 3.611153602600097656e+00
-5.281632614135742188e+01 -2.627859497070312500e+01
-3.936730146408081055e+00 9.323652648925781250e+01
4.783388900756835938e+01 5.939741516113281250e+01
7.165290069580078125e+01 5.944698810577392578e+00
3.211416244506835938e+01 -1.253113269805908203e+01
1.246335983276367188e+00 6.944490051269531250e+01
7.024009704589843750e+01 -7.101616859436035156e+00
-3.337823104858398438e+01 2.640169858932495117e+00
8.119899749755859375e+01 -2.391136932373046875e+01
-3.561284637451171875e+01 1.255409336090087891e+01
9.590229034423828125e+01 -2.407979202270507812e+01
5.698411941528320312e+01 -6.451140880584716797e+00
-4.134547042846679688e+01 2.434667396545410156e+01
-3.922822952270507812e+01 1.141783809661865234e+01
7.000049591064453125e+01 -2.529262733459472656e+01
4.886146163940429688e+01 8.552932739257812500e+00
5.941947174072265625e+01 -1.730470275878906250e+01
9.607474327087402344e+00 9.330281066894531250e+01
8.236573028564453125e+01 -3.970883369445800781e+00
8.159703063964843750e+01 -7.304127693176269531e+00
9.374835968017578125e+01 -2.227826118469238281e+01
-5.260345458984375000e+00 8.739726257324218750e+01
-7.381283569335937500e+01 -6.159620761871337891e+00
3.707999420166015625e+01 -3.234577178955078125e+01
4.676462173461914062e+01 6.089037704467773438e+01
6.207273006439208984e+00 7.103766632080078125e+01
4.583382415771484375e+01 6.069403076171875000e+01
2.932501983642578125e+01 -4.472198963165283203e+00
8.777647399902343750e+01 -1.738864326477050781e+01
3.181976079940795898e+00 7.513365936279296875e+01
8.028060150146484375e+01 -7.444995403289794922e+00
8.231391906738281250e+01 -2.101572799682617188e+01
-3.898172378540039062e+01 1.712947273254394531e+01
8.751602935791015625e+01 -7.343165874481201172e+00
7.077470302581787109e+00 9.898741912841796875e+01
7.405485534667968750e+01 1.906794738769531250e+01
6.919078063964843750e+01 -1.289207458496093750e+01
1.127884006500244141e+01 9.344131469726562500e+01
6.027345275878906250e+01 -2.935927009582519531e+01
5.937225723266601562e+01 -3.010297203063964844e+01
7.269657135009765625e+01 -2.832610511779785156e+01
9.597063064575195312e+00 7.281073760986328125e+01
5.187454223632812500e+01 1.025186920166015625e+01
6.174289226531982422e+00 9.281816864013671875e+01
-4.800526428222656250e+01 1.926164817810058594e+01
4.681927108764648438e+01 5.870304489135742188e+01
8.106880187988281250e+01 -7.081687927246093750e+00
2.576947689056396484e+00 8.764432525634765625e+01
7.831893920898437500e+01 2.674976348876953125e+00
1.093695259094238281e+01 6.910604858398437500e+01
-2.155456542968750000e+00 8.896346282958984375e+01
7.850427246093750000e+01 -3.947575759887695312e+01
4.843354797363281250e+01 1.394518756866455078e+01
7.258664703369140625e+01 1.163020229339599609e+01
6.370051383972167969e+00 6.509830474853515625e+01
-2.002087783813476562e+01 2.073112869262695312e+01
-6.089128017425537109e+00 9.299283599853515625e+01
2.475895643234252930e+00 7.235752105712890625e+01
-6.481327819824218750e+01 -2.765503501892089844e+01
4.472835159301757812e+01 6.520437598228454590e-01
1.210445499420166016e+01 8.962443542480468750e+01
1.583506584167480469e+01 8.783329010009765625e+01
6.300362014770507812e+01 -4.061418533325195312e+00
9.884492874145507812e+00 9.969746398925781250e+01
-1.184597110748291016e+01 -3.586796951293945312e+01
-7.550794982910156250e+01 1.903210830688476562e+01
4.891927719116210938e+01 5.449125289916992188e+01
-4.966339111328125000e+01 -2.106535148620605469e+01
-2.139648818969726562e+01 1.044930362701416016e+01
4.754067230224609375e+01 -2.001116371154785156e+01
2.272404670715332031e+00 9.604480743408203125e+01
9.372030639648437500e+01 -1.124245285987854004e+00
5.029795074462890625e+01 6.101714706420898438e+01
4.039624404907226562e+01 -4.931657314300537109e-01
4.423437881469726562e+01 5.747787857055664062e+01
1.057745285034179688e+02 -1.249449729919433594e+01
4.699773025512695312e+01 3.048143577575683594e+01
3.946538925170898438e+01 -6.548246383666992188e+00
-7.301198577880859375e+01 -8.212124824523925781e+00
-9.064639806747436523e-01 9.008163452148437500e+01
5.327916336059570312e+01 -1.662554359436035156e+01
9.544125366210937500e+01 -2.831841087341308594e+01
2.914458036422729492e+00 9.267546844482421875e+01
1.025158596038818359e+01 7.754232025146484375e+01
6.921849060058593750e+01 6.862055778503417969e+00
5.526201248168945312e+01 -2.635090827941894531e+01
3.045107460021972656e+01 6.763621807098388672e+00
4.458372879028320312e+01 1.145506191253662109e+01
2.882426261901855469e+01 7.436969757080078125e+00
-2.161356449127197266e+00 9.737509918212890625e+01
5.629748916625976562e+01 2.293584251403808594e+01
7.390586853027343750e+01 -1.755392265319824219e+01
5.095629882812500000e+01 5.902063369750976562e+01
5.722407150268554688e+01 9.790255546569824219e+00
7.858371734619140625e+01 -1.003235149383544922e+01
8.318721008300781250e+01 -2.556657791137695312e+01
8.777366638183593750e+00 7.024625396728515625e+01
-5.249530410766601562e+01 -3.125801086425781250e+01
7.753868103027343750e+01 -1.638137817382812500e+01
6.365111923217773438e+01 1.476874446868896484e+01
2.528670072555541992e+00 9.202272033691406250e+01
9.201703071594238281e+00 9.139305114746093750e+01
-2.853336715698242188e+01 -1.691068267822265625e+01
1.421125221252441406e+01 9.722795104980468750e+01
1.309596657752990723e+00 7.393036651611328125e+01
-4.596692562103271484e+00 9.235406494140625000e+01
1.727841567993164062e+01 9.032357025146484375e+01
3.692297363281250000e+01 7.475399494171142578e+00
-4.356530189514160156e+00 9.827365112304687500e+01
-5.139263534545898438e+01 -2.259399986267089844e+01
6.814606475830078125e+01 4.477213859558105469e+00
-6.015486240386962891e+00 8.864287567138671875e+01
4.647164535522460938e+01 5.672496795654296875e+01
1.115872859954833984e+01 9.715945434570312500e+01
4.174058914184570312e+01 -3.290162980556488037e-01
-1.472710818052291870e-01 8.445114135742187500e+01
8.338161468505859375e+01 -2.182681846618652344e+01
-3.718913269042968750e+01 2.797512245178222656e+01
4.185634994506835938e+01 -1.337055110931396484e+01
4.911619186401367188e+01 -2.434612083435058594e+01
-5.222447395324707031e+00 8.460781097412109375e+01
-4.995584487915039062e+00 6.753765869140625000e+01
8.749581146240234375e+01 -7.988620758056640625e+00
3.981954956054687500e+01 5.685278701782226562e+01
4.409373855590820312e+01 -2.836163902282714844e+01
5.877543449401855469e+00 7.681910705566406250e+01
-2.859378814697265625e+01 7.941585779190063477e-01
-1.332214164733886719e+01 9.192891693115234375e+01
6.775995635986328125e+01 -3.608557128906250000e+01
6.314905166625976562e+01 6.439425468444824219e+00
-1.754703330993652344e+01 -8.700112342834472656e+00
-7.369174957275390625e+00 7.741209411621093750e+01
-5.293294906616210938e+00 9.447064208984375000e+01
8.267337036132812500e+01 -6.576403617858886719e+00
-1.064083671569824219e+01 9.803356170654296875e+01
-1.057215976715087891e+01 7.615415954589843750e+01
-3.324038314819335938e+01 3.291829299926757812e+01
6.672733306884765625e+01 -1.275096511840820312e+01
-2.780334472656250000e+01 1.507991886138916016e+01
-8.046536254882812500e+01 -9.277663230895996094e+00
-7.501104354858398438e+00 8.146899414062500000e+01
-5.773793792724609375e+01 -1.953289031982421875e+01
7.155306243896484375e+01 -1.825868606567382812e+01
8.162398529052734375e+01 -1.708320808410644531e+01
6.629377746582031250e+01 -4.262372016906738281e+00
7.655699157714843750e+01 -2.441538619995117188e+01
-7.248668670654296875e+01 9.311429977416992188e+00
8.098659515380859375e+01 -2.035498046875000000e+01
4.306404113769531250e+01 -2.012132883071899414e+00
-5.443607807159423828e+00 7.216043853759765625e+01
1.242363548278808594e+01 9.904331207275390625e+01
4.958981704711914062e+01 -2.529947662353515625e+01
8.286872863769531250e+01 -4.829868316650390625e+00
6.569055175781250000e+01 -7.483676910400390625e+00
3.763316726684570312e+01 -1.894744491577148438e+01
5.443819999694824219e+00 7.474446868896484375e+01
5.103128051757812500e+01 5.624197125434875488e-01
-1.425610923767089844e+01 8.446068572998046875e+01
9.293482780456542969e+00 7.211345672607421875e+01
1.057443523406982422e+01 7.146799468994140625e+01
-6.064684677124023438e+01 -3.257123184204101562e+01
8.395079040527343750e+01 -5.341737270355224609e+00
6.936872005462646484e+00 9.590120697021484375e+01
3.049900245666503906e+01 5.833306312561035156e+00
-7.313230895996093750e+01 -4.745938301086425781e+00
7.915794372558593750e+01 -2.014120292663574219e+01
8.271463012695312500e+01 1.135264873504638672e+01
-5.957940578460693359e+00 7.775153350830078125e+01
9.433907508850097656e+00 7.459933471679687500e+01
1.051931686401367188e+02 -1.374506473541259766e+01
-8.258943557739257812e+00 6.973191833496093750e+01
4.452160835266113281e+00 7.644036865234375000e+01
-4.663197326660156250e+01 -1.958886909484863281e+01
-5.453091812133789062e+01 1.168392086029052734e+01
4.534606170654296875e+01 5.604404830932617188e+01
-5.421227264404296875e+01 2.496854591369628906e+01
6.383718109130859375e+01 -1.626131629943847656e+01
1.218835353851318359e+01 1.002372970581054688e+02
6.712921142578125000e+01 -1.805540084838867188e+01
8.084858894348144531e+00 9.726605987548828125e+01
-3.709239959716796875e+00 9.424844360351562500e+01
6.922700500488281250e+01 -3.806885528564453125e+01
7.372901153564453125e+01 2.510498762130737305e+00
-2.196144104003906250e+00 7.734681701660156250e+01
4.678390121459960938e+01 5.296175384521484375e+01
5.617438125610351562e+01 -2.802542877197265625e+01
5.864027786254882812e+01 -1.125766658782958984e+01
8.027825164794921875e+01 -5.406892299652099609e+00
-2.504891586303710938e+01 2.839496135711669922e+00
9.777274131774902344e+00 7.996857452392578125e+01
-6.377824020385742188e+01 -4.118805313110351562e+01
7.063863873481750488e-01 7.760633087158203125e+01
5.488998794555664062e+01 -6.010366439819335938e+00
4.996174240112304688e+01 1.283751678466796875e+01
4.835834884643554688e+01 3.056157684326171875e+01
7.289530181884765625e+01 -1.717069435119628906e+01
2.910180091857910156e+01 7.722817420959472656e+00
7.983491516113281250e+01 -1.614901924133300781e+01
-8.006534576416015625e+00 8.565525054931640625e+01
7.017549896240234375e+01 -3.984617233276367188e+01
3.526448822021484375e+01 -2.316630125045776367e+00
6.073854446411132812e+00 7.496886444091796875e+01
7.375788879394531250e+01 1.913010215759277344e+01
8.986056518554687500e+01 -1.215811157226562500e+01
-2.283720588684082031e+01 -3.922189474105834961e+00
-5.134511184692382812e+01 1.956586647033691406e+01
5.729727745056152344e+00 9.874069976806640625e+01
-1.867965126037597656e+01 2.604932403564453125e+01
7.513484191894531250e+01 3.155429601669311523e+00
1.035578918457031250e+01 7.816109466552734375e+01
4.419630050659179688e+00 6.587985992431640625e+01
8.038500976562500000e+01 -3.688429260253906250e+01
4.930368041992187500e+01 -2.025919723510742188e+01
1.068997879028320312e+02 -1.402307319641113281e+01
-6.397094249725341797e+00 7.799340057373046875e+01
7.750656127929687500e+01 -1.324855327606201172e+01
-5.749947357177734375e+01 -2.269329071044921875e+01
8.438904571533203125e+01 -6.220506191253662109e+00
-1.587825393676757812e+01 -2.635693848133087158e-01
6.939731597900390625e+01 5.098029613494873047e+00
7.435648345947265625e+01 -2.601678133010864258e+00
-1.096538066864013672e+01 9.631649780273437500e+01
7.315965270996093750e+01 -1.394410419464111328e+01
9.394837188720703125e+01 9.829088211059570312e+00
6.681470489501953125e+01 -1.658058357238769531e+01
9.855355072021484375e+01 -1.669806289672851562e+01
6.051100540161132812e+01 1.529415011405944824e+00
4.245258331298828125e+01 5.483260154724121094e-01
-3.844270324707031250e+01 1.272001743316650391e+00
-5.674538421630859375e+01 2.585202455520629883e+00
5.926217555999755859e+00 7.164185333251953125e+01
5.762196350097656250e+01 7.535876750946044922e+00
8.213771057128906250e+01 -4.404277801513671875e+01
1.263825416564941406e+01 1.005572814941406250e+02
-4.790330123901367188e+01 -1.730018043518066406e+01
4.646389007568359375e+01 -2.176852226257324219e+01
-3.974387359619140625e+01 -7.355073928833007812e+00
7.306956481933593750e+01 -3.362803268432617188e+01
6.927237701416015625e+01 1.341438102722167969e+01
4.843986129760742188e+01 6.140748214721679688e+01
-1.018108654022216797e+01 8.900483703613281250e+01
2.729330062866210938e+00 9.332984161376953125e+01
5.087874603271484375e+01 5.677961730957031250e+01
-6.899542236328125000e+01 -6.495213508605957031e+00
-1.537976026535034180e+00 8.687045288085937500e+01
3.146071910858154297e+00 7.824340057373046875e+01
3.726755857467651367e+00 9.389250183105468750e+01
-1.155130577087402344e+01 8.334127044677734375e+01
5.954436874389648438e+01 -6.413522243499755859e+00
1.058283233642578125e+01 9.296418762207031250e+01
5.894166183471679688e+01 -1.956924057006835938e+01
3.689619827270507812e+01 7.470722675323486328e+00
-9.260326385498046875e+00 9.051007080078125000e+01
-5.584992885589599609e+00 7.256816864013671875e+01
6.103631591796875000e+01 -1.317366838455200195e+00
5.098380279541015625e+01 1.104622554779052734e+01
-1.980070495605468750e+01 1.088106536865234375e+01
6.338360977172851562e+01 6.733662605285644531e+00
-3.354250335693359375e+01 2.290290451049804688e+01
9.438410949707031250e+01 1.047245311737060547e+01
4.673883438110351562e+01 -1.527174282073974609e+01
4.929112243652343750e+01 6.079123687744140625e+01
-3.810799837112426758e+00 8.428282928466796875e+01
1.021805667877197266e+01 9.536068725585937500e+01
4.378837966918945312e+01 1.422601699829101562e+01
1.052300548553466797e+01 7.402855682373046875e+01
-4.262454223632812500e+01 1.240697288513183594e+01
-3.053175926208496094e+01 -9.755781173706054688e+00
7.019198608398437500e+01 7.490759849548339844e+00
-6.614711761474609375e+01 -1.903910636901855469e+00
5.723413467407226562e+00 9.499194335937500000e+01
-5.989477920532226562e+01 2.037819480895996094e+01
-2.972009849548339844e+01 3.590228652954101562e+01
1.335979175567626953e+01 9.699199676513671875e+01
1.521807193756103516e+00 6.937634277343750000e+01
-3.368108749389648438e+01 1.773620414733886719e+01
-3.480693435668945312e+01 2.673508453369140625e+01
-3.199825477600097656e+01 -2.596804618835449219e+01
4.185567092895507812e+01 1.416630172729492188e+01
6.964942169189453125e+01 -6.077250957489013672e+00
1.165828227996826172e+01 7.200147247314453125e+01
6.965892028808593750e+01 -6.527286529541015625e+00
4.327939033508300781e+00 7.354415893554687500e+01
4.018811035156250000e+01 1.887340164184570312e+01
-2.011777305603027344e+01 1.154200744628906250e+01
4.475572204589843750e+01 1.059446144104003906e+01
7.121742248535156250e+01 -2.874074935913085938e+01
5.907247924804687500e+01 -1.307820200920104980e+00
6.066053771972656250e+01 1.588593864440917969e+01
4.236475753784179688e+01 1.595069408416748047e+01
4.456496047973632812e+01 2.002164840698242188e+01
1.759795069694519043e+00 8.092765045166015625e+01
8.043901062011718750e+01 -3.688902282714843750e+01
3.181835556030273438e+01 -3.061424016952514648e+00
8.387929534912109375e+01 -1.316628098487854004e+00
3.566261291503906250e+01 -1.637926250696182251e-01
-3.713134765625000000e+01 -1.240408515930175781e+01
4.757340621948242188e+01 5.415376281738281250e+01
5.573443603515625000e+01 -1.775189042091369629e+00
4.822851181030273438e+01 5.887174224853515625e+01
1.404359817504882812e+01 9.904621887207031250e+01
-2.222865867614746094e+01 3.082370758056640625e+01
-1.095522785186767578e+01 8.142614746093750000e+01
-4.011177444458007812e+01 1.807487869262695312e+01
-7.489026641845703125e+01 -5.922745704650878906e+00
3.016382217407226562e+01 -4.411414146423339844e+00
6.244693756103515625e+01 1.706047058105468750e+01
1.079184188842773438e+02 -1.447343921661376953e+01
5.057823181152343750e+01 -2.437293243408203125e+01
-2.348986625671386719e+01 -1.340179562568664551e+00
3.049462699890136719e+01 -5.294382572174072266e+00
-1.529096317291259766e+01 -7.615717887878417969e+00
-2.264857101440429688e+01 1.170295333862304688e+01
-4.364020538330078125e+01 6.802697658538818359e+00
-1.649153709411621094e+01 2.416182708740234375e+01
4.056901550292968750e+01 5.918511962890625000e+01
4.507088088989257812e+01 -1.528804969787597656e+01
-6.726100444793701172e-01 7.487503814697265625e+01
-1.472859263420104980e+00 9.137645721435546875e+01
4.994506072998046875e+01 6.402980804443359375e+00
1.025193405151367188e+01 9.826598358154296875e+01
8.609970092773437500e+01 3.396609067916870117e+00
-7.635140991210937500e+01 -3.855154275894165039e+00
-5.454650115966796875e+01 1.936124420166015625e+01
8.748010635375976562e+00 7.702877044677734375e+01
5.370808792114257812e+01 -7.909294128417968750e+00
4.088565063476562500e+01 5.733128738403320312e+01
-2.143404579162597656e+01 6.298645019531250000e+00
6.995449066162109375e+01 -2.520334625244140625e+01
6.807936096191406250e+01 -2.726579475402832031e+01
4.747731399536132812e+01 6.200493240356445312e+01
5.932274246215820312e+01 5.260803699493408203e+00
-1.003042316436767578e+01 8.133042144775390625e+01
4.858997726440429688e+01 6.027768325805664062e+01
4.737886810302734375e+01 6.076850128173828125e+01
6.017501449584960938e+01 1.316247558593750000e+01
8.801383209228515625e+01 -1.514291477203369141e+01
4.592786026000976562e+01 -1.980716705322265625e+01
-1.573764801025390625e+01 -1.716028976440429688e+01
-2.605790138244628906e+01 -3.418258285522460938e+01
5.809800720214843750e+01 -1.899767494201660156e+01
1.339209651947021484e+01 9.376078033447265625e+01
4.128908157348632812e+01 -1.409044361114501953e+01
6.368661880493164062e+01 3.809300899505615234e+00
4.938887405395507812e+01 -2.581583786010742188e+01
3.406258773803710938e+01 -1.280049514770507812e+01
6.996389770507812500e+01 -1.268021488189697266e+01
-1.296900367736816406e+01 7.888307952880859375e+01
6.101382446289062500e+01 -1.166639924049377441e+00
-9.380630493164062500e+00 7.192901611328125000e+01
6.201936721801757812e+01 9.736618995666503906e+00
6.352037811279296875e+01 1.703485298156738281e+01
6.061792755126953125e+01 1.367765617370605469e+01
4.995519816875457764e-01 6.540606689453125000e+01
-3.374285888671875000e+01 1.378657150268554688e+01
4.704873657226562500e+01 3.103100585937500000e+01
-4.074048995971679688e+00 9.616527557373046875e+01
-3.253030395507812500e+01 2.292934036254882812e+01
-2.910081672668457031e+01 9.968514442443847656e+00
6.439161682128906250e+01 2.060227394104003906e+00
-2.223778343200683594e+01 -1.344629883766174316e+00
-8.385575294494628906e+00 9.298532867431640625e+01
1.123794841766357422e+01 9.548978424072265625e+01
4.811870574951171875e+01 -6.373501300811767578e+00
1.606508064270019531e+01 7.188004302978515625e+01
8.841311454772949219e+00 6.908360290527343750e+01
5.793960571289062500e+00 6.772209930419921875e+01
-1.547114849090576172e+01 8.832310485839843750e+01
-8.118955612182617188e+00 7.580446624755859375e+01
6.924004364013671875e+01 -5.328201293945312500e+00
6.418050384521484375e+01 -2.774267196655273438e+00
-2.572699928283691406e+01 3.377206420898437500e+01
5.133692550659179688e+01 1.260366559028625488e+00
-2.856669187545776367e+00 8.656077575683593750e+01
5.331075668334960938e+01 -2.871843814849853516e+00
1.190123334527015686e-01 9.367877960205078125e+01
7.211013793945312500e+01 -1.754947280883789062e+01
1.868848323822021484e+00 7.138926696777343750e+01
-1.785196685791015625e+01 -6.382662773132324219e+00
7.520522308349609375e+01 -1.906436157226562500e+01
3.907728958129882812e+01 -4.226181507110595703e+00
-4.423446655273437500e+01 -1.407459068298339844e+01
-2.549643278121948242e+00 8.001403808593750000e+01
5.124883270263671875e+01 -1.073387622833251953e+01
-1.040270996093750000e+01 7.759858703613281250e+01
4.964045333862304688e+01 5.946118164062500000e+01
-2.254335212707519531e+01 2.065907859802246094e+01
3.582500696182250977e+00 6.810200500488281250e+01
3.270687103271484375e+01 -1.669216728210449219e+01
4.752008819580078125e+01 5.734371566772460938e+01
-3.676536798477172852e+00 8.301165771484375000e+01
-4.111997604370117188e+01 2.764400100708007812e+01
7.062488555908203125e+01 -2.961746215820312500e+01
1.020315074920654297e+01 7.585949707031250000e+01
-2.242970466613769531e+01 -1.872130012512207031e+01
4.822893524169921875e+01 -2.042068862915039062e+01
-1.128235816955566406e+01 -3.416328430175781250e+01
-4.049275875091552734e+00 8.335225677490234375e+01
6.998301696777343750e+01 -5.172487258911132812e+00
1.309393596649169922e+01 7.564903259277343750e+01
4.592271804809570312e+00 6.907592010498046875e+01
-5.588771438598632812e+01 2.324456024169921875e+01
4.850486373901367188e+01 5.563433837890625000e+01
-5.558457970619201660e-01 8.963272094726562500e+01
7.580139160156250000e+01 -1.609675025939941406e+01
8.487902641296386719e+00 7.928651428222656250e+01
6.144204330444335938e+01 -2.834205436706542969e+01
-5.009462738037109375e+01 1.133199119567871094e+01
-5.056889724731445312e+01 -4.671539306640625000e+00
-3.416644668579101562e+01 1.133989334106445312e+01
8.414488220214843750e+01 -2.101402854919433594e+01
-1.682387709617614746e+00 9.132919311523437500e+01
-1.160080623626708984e+01 8.684412384033203125e+01
-8.493795990943908691e-01 9.553763580322265625e+01
-4.798253631591796875e+01 -1.977656745910644531e+01
1.304570293426513672e+01 7.570378875732421875e+01
7.066694641113281250e+01 5.446437597274780273e-01
1.320958900451660156e+01 9.823854827880859375e+01
-4.598707962036132812e+01 7.923129081726074219e+00
5.967607879638671875e+01 6.555366516113281250e+00
7.631198120117187500e+01 -1.625591659545898438e+01
5.576124572753906250e+01 1.191871166229248047e+01
4.295789337158203125e+01 5.026643753051757812e+01
7.094853210449218750e+01 -3.961767959594726562e+01
-1.932772040367126465e+00 9.213415527343750000e+01
-2.387984275817871094e+01 -1.747784996032714844e+01
-5.897057652473449707e-01 8.176679992675781250e+01
4.158473205566406250e+01 9.115167617797851562e+00
6.817304229736328125e+01 -3.590499496459960938e+01
6.944908142089843750e+01 -3.112151336669921875e+01
4.861059570312500000e+01 1.834242439270019531e+01
-3.420980453491210938e+01 3.741949462890625000e+01
-2.000568866729736328e+00 8.071033477783203125e+01
8.118850708007812500e+01 1.349163532257080078e+01
8.463319396972656250e+01 -1.652173995971679688e+01
4.672005844116210938e+01 8.559649467468261719e+00
-3.539120101928710938e+01 9.018321335315704346e-02
9.365410614013671875e+01 -2.303791236877441406e+01
8.622890472412109375e+01 -8.452181816101074219e+00
-6.818576812744140625e+01 1.194078826904296875e+01
4.270498657226562500e+01 6.182760620117187500e+01
4.006155014038085938e+01 5.779088211059570312e+01
7.680578231811523438e+00 7.288986968994140625e+01
-3.163089179992675781e+01 9.882890701293945312e+00
4.288322448730468750e+01 1.542275142669677734e+01
-4.025190353393554688e+01 1.410643386840820312e+01
-3.273889160156250000e+01 -3.160401535034179688e+01
6.602536010742187500e+01 -2.354744374752044678e-01
3.878442001342773438e+01 6.040938568115234375e+01
4.180626296997070312e+01 -3.000212669372558594e+01
4.949499893188476562e+01 5.900460433959960938e+01
-5.683884048461914062e+01 -2.102485466003417969e+01
8.148337554931640625e+01 -8.812034606933593750e+00
-4.341429173946380615e-01 8.167968750000000000e+01
-6.034012985229492188e+01 -1.281785488128662109e+01
3.768381881713867188e+01 -5.442098140716552734e+00
7.089627838134765625e+01 -2.911190986633300781e+01
6.634948730468750000e+00 9.872707366943359375e+01
3.667352676391601562e+01 7.421860218048095703e+00
5.673996734619140625e+01 1.083539199829101562e+01
6.555687713623046875e+01 -8.205263137817382812e+00
-6.876946258544921875e+01 1.384605503082275391e+01
2.959258317947387695e+00 7.360360717773437500e+01
4.909672546386718750e+01 5.986987304687500000e+01
-7.120735168457031250e+01 -2.759309053421020508e+00
-6.601593017578125000e+01 -7.687852382659912109e+00
8.611309051513671875e+01 -2.030367469787597656e+01
-5.492583847045898438e+01 -8.155417442321777344e+00
6.754058074951171875e+01 -1.345679759979248047e+01
5.988698196411132812e+01 -2.674843311309814453e+00
-3.782896423339843750e+01 -2.498424148559570312e+01
4.962855148315429688e+01 2.943395805358886719e+01
4.865771102905273438e+01 2.784084129333496094e+01
6.308134841918945312e+01 1.521149730682373047e+01
-6.240680313110351562e+01 1.388285446166992188e+01
-3.807568311691284180e+00 8.864492797851562500e+01
4.812167358398437500e+01 5.357778930664062500e+01
9.065083503723144531e+00 6.717437744140625000e+01
4.980266952514648438e+01 5.674020767211914062e+01
-6.568635559082031250e+01 -1.085789012908935547e+01
-4.948817253112792969e+00 9.643615722656250000e+01
1.107750034332275391e+01 9.977729034423828125e+01
9.389314055442810059e-01 7.552811431884765625e+01
6.852529144287109375e+01 -1.422710323333740234e+01
7.504533386230468750e+01 -4.389656543731689453e+00
-6.503606414794921875e+01 -2.158704185485839844e+01
8.411929321289062500e+01 -7.330030441284179688e+00
-5.601526737213134766e+00 8.893395996093750000e+01
4.238311004638671875e+01 1.123644828796386719e+01
5.850635910034179688e+01 -7.494547963142395020e-01
-4.977093124389648438e+01 -4.231053352355957031e+00
-4.742346191406250000e+01 -8.949148654937744141e-02
4.765832138061523438e+01 3.514696502685546875e+01
-1.323509216308593750e+01 7.180168151855468750e+01
7.229350566864013672e+00 6.597621154785156250e+01
5.135396575927734375e+01 -3.168513298034667969e+01
8.176945495605468750e+01 -3.757238864898681641e+00
5.864580154418945312e+00 6.656906890869140625e+01
-2.953956604003906250e+01 3.033609199523925781e+01
5.318099212646484375e+01 -1.020846748352050781e+01
3.000867462158203125e+01 -5.761720657348632812e+00
-3.818825721740722656e+00 6.736822509765625000e+01
6.853222656250000000e+01 -1.546276569366455078e+00
5.487157821655273438e+01 7.232442855834960938e+00
8.038460540771484375e+01 -4.406947708129882812e+01
5.886707305908203125e+01 4.428999900817871094e+00
-1.928878402709960938e+01 2.396907424926757812e+01
4.826618576049804688e+01 3.037833404541015625e+01
5.332694053649902344e-01 7.157992553710937500e+01
3.922782135009765625e+01 -9.917699545621871948e-02
6.941645050048828125e+01 -3.594831085205078125e+01
-1.143249893188476562e+01 -3.958552932739257812e+01
9.988292694091796875e+00 7.647544860839843750e+01
4.270721817016601562e+01 5.721960830688476562e+01
-3.444649505615234375e+01 2.986844062805175781e+01
-7.928818702697753906e+00 7.279798126220703125e+01
-4.530113601684570312e+01 -3.321901321411132812e+00
4.913637924194335938e+01 6.146715164184570312e+01
8.287779235839843750e+01 -2.107563018798828125e+00
4.108768844604492188e+01 5.838209152221679688e+01
4.466543579101562500e+01 1.206391620635986328e+01
6.572633361816406250e+01 -1.581058859825134277e+00
6.295272445678710938e+01 -5.505133867263793945e-01
6.408887481689453125e+01 -1.639437866210937500e+01
5.045499420166015625e+01 6.010518646240234375e+01
4.752836608886718750e+01 2.772008514404296875e+01
4.994279384613037109e+00 7.789208984375000000e+01
1.566695022583007812e+01 9.343510437011718750e+01
5.621310710906982422e+00 7.592662811279296875e+01
4.588021087646484375e+01 3.390052795410156250e+01
-3.203957366943359375e+01 -1.169452762603759766e+01
7.453532409667968750e+01 -1.853182029724121094e+01
-3.592086315155029297e+00 8.881462097167968750e+01
-3.112966918945312500e+01 -1.668195533752441406e+01
4.822803115844726562e+01 1.405085182189941406e+01
1.246250438690185547e+01 9.336080169677734375e+01
9.320529937744140625e+01 -2.360835075378417969e+01
9.639611816406250000e+01 -2.929550552368164062e+01
3.919651412963867188e+01 5.598423767089843750e+01
-7.570204257965087891e+00 9.434282684326171875e+01
-1.639582252502441406e+01 8.146006011962890625e+01
6.730922698974609375e+01 6.239547729492187500e+00
4.643362426757812500e+01 5.011268615722656250e+01
-3.561311340332031250e+01 1.713022041320800781e+01
1.381101894378662109e+01 9.046486663818359375e+01
5.189501571655273438e+01 -1.538597679138183594e+01
-1.164431762695312500e+01 7.402584075927734375e+01
3.209005355834960938e+01 -4.423585414886474609e+00
6.780003356933593750e+01 -1.311865043640136719e+01
-1.343813419342041016e+01 7.493111419677734375e+01
-7.304618072509765625e+01 -9.583018302917480469e+00
-1.266969013214111328e+01 8.345671844482421875e+01
-2.997496604919433594e+01 8.658251762390136719e+00
3.866222620010375977e+00 7.791991424560546875e+01
-5.400528335571289062e+01 -2.956339836120605469e+01
1.337654685974121094e+01 9.646540069580078125e+01
-3.505691766738891602e+00 9.878658294677734375e+01
-4.228787994384765625e+01 1.821548652648925781e+01
-2.240505981445312500e+01 2.941031265258789062e+01
3.311151885986328125e+01 -4.721767425537109375e+00
-6.883548736572265625e+01 7.545106887817382812e+00
-6.242273330688476562e+00 7.787877655029296875e+01
-3.440378189086914062e+00 8.257285308837890625e+01
4.973536682128906250e+01 2.955599784851074219e+01
5.595444202423095703e+00 7.522102355957031250e+01
4.721352386474609375e+01 5.699891662597656250e+01
1.191225624084472656e+01 9.797717285156250000e+01
-5.274967193603515625e+01 -1.152258968353271484e+01
2.354200184345245361e-01 7.523721313476562500e+01
5.598558807373046875e+01 2.307453393936157227e+00
6.789503479003906250e+01 -3.054129981994628906e+01
7.034249782562255859e+00 7.367588043212890625e+01
-6.931481170654296875e+01 -6.700066566467285156e+00
3.111548233032226562e+01 6.964341640472412109e+00
4.256995773315429688e+01 7.468558311462402344e+00
6.116899108886718750e+01 1.195798397064208984e+01
7.012945556640625000e+01 3.250468254089355469e+00
4.233283233642578125e+01 -1.457527828216552734e+01
5.825510025024414062e+01 -1.568114638328552246e+00
-2.150973320007324219e+01 2.957531929016113281e+01
5.304634094238281250e+00 9.648677062988281250e+01
-1.756267070770263672e+00 7.910074615478515625e+01
3.365211248397827148e+00 8.005106353759765625e+01
-3.233801269531250000e+01 -3.795295715332031250e+00
-1.431034088134765625e+00 7.621866607666015625e+01
5.765089035034179688e+01 -1.509505063295364380e-01
6.933181762695312500e+01 -3.508344650268554688e+01
7.135670471191406250e+01 -3.964164733886718750e+01
7.796060180664062500e+01 -1.662598490715026855e+00
6.748942565917968750e+01 -1.201755714416503906e+01
2.039849519729614258e+00 9.762315368652343750e+01
-1.990847206115722656e+01 -4.018597030639648438e+01
-3.167777776718139648e+00 9.097176361083984375e+01
-4.575822353363037109e+00 6.745687103271484375e+01
4.910039901733398438e+01 5.432677459716796875e+01
-3.933241653442382812e+01 2.770846176147460938e+01
3.922822177410125732e-01 8.832335662841796875e+01
-6.497644901275634766e+00 9.289635467529296875e+01
4.519471359252929688e+01 3.082134056091308594e+01
-2.648184967041015625e+01 1.009934806823730469e+01
-4.694509124755859375e+01 1.784616279602050781e+01
-6.187934494018554688e+01 -1.595289826393127441e+00
3.047207069396972656e+01 7.268258094787597656e+00
-5.406539535522460938e+01 -1.723978233337402344e+01
-5.045713424682617188e+01 1.457232761383056641e+01
5.704823684692382812e+01 -4.601901054382324219e+00
9.598690032958984375e+00 6.724005889892578125e+01
-3.561208248138427734e+00 9.664506530761718750e+01
-2.133240318298339844e+01 -3.949916458129882812e+01
8.084246063232421875e+01 -3.113177537918090820e+00
6.802975463867187500e+01 8.656798362731933594e+00
3.874532699584960938e+01 6.045961380004882812e+01
6.894651031494140625e+01 -2.645355033874511719e+01
-4.984867858886718750e+01 -1.936147499084472656e+01
-6.075617980957031250e+01 1.194835948944091797e+01
8.920098114013671875e+01 -4.504438018798828125e+01
1.067799758911132812e+01 1.001140899658203125e+02
4.167464447021484375e+01 5.800009918212890625e+01
-3.029065847396850586e+00 8.476269531250000000e+01
7.076250457763671875e+01 2.458029508590698242e+00
3.147760391235351562e+01 5.106611728668212891e+00
6.139286041259765625e+01 1.523665714263916016e+01
6.981047630310058594e+00 6.786284637451171875e+01
-2.345875167846679688e+01 -4.619272994995117188e+01
4.958790588378906250e+01 -1.594047164916992188e+01
4.291388320922851562e+01 1.809313583374023438e+01
5.000219726562500000e+01 1.417465209960937500e+01
5.205377960205078125e+01 1.004087543487548828e+01
4.278922653198242188e+01 -6.933332443237304688e+00
-6.191227340698242188e+01 2.668687105178833008e+00
6.871136474609375000e+01 -1.577192068099975586e+00
4.053266525268554688e+01 1.750049209594726562e+01
-5.271218344569206238e-02 9.904577636718750000e+01
6.749524688720703125e+01 1.857003331184387207e+00
4.710253143310546875e+01 2.870804214477539062e+01
6.698037719726562500e+01 9.470735549926757812e+00
-1.339572238922119141e+01 -4.257195281982421875e+01
5.076187515258789062e+01 -1.082179164886474609e+01
6.784122467041015625e+01 -1.308924388885498047e+01
-3.165330696105957031e+01 -3.456352233886718750e+01
4.508855438232421875e+01 1.458549022674560547e+01
6.192035293579101562e+01 7.547208666801452637e-01
6.290393447875976562e+01 1.814057826995849609e-01
4.833580398559570312e+01 2.852035331726074219e+01
6.696180725097656250e+01 -1.470160770416259766e+01
3.501647186279296875e+01 -7.031853675842285156e+00
4.912786483764648438e+01 1.530795764923095703e+01
-1.140207862854003906e+01 -3.942583084106445312e+01
-4.070021057128906250e+01 1.896055412292480469e+01
5.679955291748046875e+01 -1.813276290893554688e+00
-1.588367652893066406e+01 -2.699365913867950439e-01
1.362491488456726074e+00 7.683297729492187500e+01
-3.972900009155273438e+01 -2.128927612304687500e+01
4.874577331542968750e+01 2.955400657653808594e+01
4.893285369873046875e+01 5.751120376586914062e+01
1.135344600677490234e+01 1.007195281982421875e+02
5.806274032592773438e+01 -3.070083856582641602e+00
5.855147552490234375e+01 -1.827483749389648438e+01
5.900936508178710938e+01 3.911584138870239258e+00
-3.157323646545410156e+01 4.910212039947509766e+00
8.920385360717773438e+00 6.979399108886718750e+01
5.883221435546875000e+01 -1.752630805969238281e+01
5.030096435546875000e+01 2.757553100585937500e+01
-1.119545269012451172e+01 8.254418945312500000e+01
5.978012847900390625e+01 2.044322013854980469e+00
9.354754638671875000e+01 9.732430458068847656e+00
-4.309431076049804688e+00 8.077887725830078125e+01
3.273510742187500000e+01 -1.600363349914550781e+01
5.594874954223632812e+01 2.274598598480224609e+00
6.354823684692382812e+01 2.958098173141479492e+00
5.659249877929687500e+01 1.107345104217529297e+01
5.819335556030273438e+01 4.213811874389648438e+00
4.883797073364257812e+01 5.667260742187500000e+01
-1.718040847778320312e+01 -8.951570510864257812e+00
4.106034088134765625e+01 5.425385665893554688e+01
8.229450225830078125e+00 7.557479095458984375e+01
3.998930156230926514e-01 7.933823394775390625e+01
6.957057189941406250e+01 -9.914342880249023438e+00
6.238703155517578125e+01 1.585219383239746094e+01
6.179431915283203125e+01 1.516519546508789062e+01
6.163676071166992188e+01 5.054270267486572266e+00
-5.281777191162109375e+01 1.226344680786132812e+01
6.922653961181640625e+01 -1.516721844673156738e+00
5.466690444946289062e+01 7.225068569183349609e+00
-6.850084686279296875e+01 1.868293380737304688e+01
-2.933439826965332031e+01 8.819028854370117188e+00
4.594890594482421875e+00 6.674311828613281250e+01
5.520809936523437500e+01 -1.394340991973876953e+01
-3.988973999023437500e+01 2.002524185180664062e+01
5.870500183105468750e+01 -4.378397464752197266e+00
1.346675109863281250e+01 9.149906921386718750e+01
-4.692944717407226562e+01 1.239400100708007812e+01
-5.838763809204101562e+01 -2.965232849121093750e+00
6.214641571044921875e+01 5.419843196868896484e+00
6.574459075927734375e+01 5.264552116394042969e+00
3.461349105834960938e+01 -8.682221412658691406e+00
6.630108642578125000e+01 3.158172845840454102e+00
-9.492764472961425781e+00 9.134242248535156250e+01
-6.520048522949218750e+01 -2.988926124572753906e+01
-3.855278396606445312e+01 3.286197280883789062e+01
5.358427429199218750e+01 5.634079933166503906e+00
-5.710007095336914062e+01 -1.150924563407897949e+00
-2.346713447570800781e+01 4.326615333557128906e+00
4.445617675781250000e+01 1.462009429931640625e+01
4.524163055419921875e+01 5.900127029418945312e+01
4.837339019775390625e+01 6.375614547729492188e+01
4.067159175872802734e+00 6.600566101074218750e+01
1.677033042907714844e+01 8.955644989013671875e+01
6.762467956542968750e+01 -2.349172401428222656e+01
7.533946990966796875e+00 6.643832397460937500e+01
5.209408187866210938e+01 7.741021633148193359e+00
-2.627712631225585938e+01 2.614319801330566406e+00
6.705517578125000000e+01 9.435499191284179688e+00
6.115627288818359375e+01 2.492835044860839844e+00
-4.793430328369140625e+01 2.126688766479492188e+01
7.249153137207031250e+01 1.970949935913085938e+01
9.874152183532714844e+00 9.390146636962890625e+01
4.457960128784179688e+00 7.262030792236328125e+01
4.578627395629882812e+01 3.050702857971191406e+01
3.947298049926757812e+01 1.688258361816406250e+01
1.006323432922363281e+01 8.029975891113281250e+01
5.435865402221679688e+01 5.931933879852294922e+00
-6.599517059326171875e+01 1.616120910644531250e+01
4.848731231689453125e+01 6.254666137695312500e+01
7.699476623535156250e+01 1.394178867340087891e+01
9.142006683349609375e+01 1.141687488555908203e+01
5.782108688354492188e+01 4.152288436889648438e+00
-3.650116729736328125e+01 -9.724265098571777344e+00
-5.239494323730468750e+01 -4.559691905975341797e+00
3.940527725219726562e+01 6.004472351074218750e+01
6.242055892944335938e+01 1.444285583496093750e+01
-6.182869338989257812e+01 2.592247390747070312e+01
3.438639450073242188e+01 -9.754464149475097656e+00
-5.886136245727539062e+01 7.941717147827148438e+00
6.150247192382812500e+01 8.712200164794921875e+00
3.780307769775390625e+01 -4.871388435363769531e+00
6.742842102050781250e+01 -1.027052497863769531e+01
1.290720653533935547e+01 8.867193603515625000e+01
5.719746017456054688e+01 1.083617782592773438e+01
-5.914554595947265625e+00 9.764218139648437500e+01
-9.339355468750000000e+00 7.519014739990234375e+01
-3.187528610229492188e+01 2.290230941772460938e+01
4.889978408813476562e+01 2.720041656494140625e+01
5.019165420532226562e+01 3.164192008972167969e+01
6.123134613037109375e+01 4.297534942626953125e+00
5.846665954589843750e+01 -1.689399909973144531e+01
6.736948394775390625e+01 2.202994585037231445e+00
-7.058135223388671875e+01 -6.024297714233398438e+00
-1.043835067749023438e+01 7.550993347167968750e+01
-7.065203857421875000e+01 2.678321647644042969e+01
5.484757614135742188e+01 7.856528759002685547e+00
