5.656716156005859375e+01 -4.115376949310302734e+00
6.244590377807617188e+01 -1.557682418823242188e+01
6.491921234130859375e+01 -8.782924652099609375e+00
8.541764068603515625e+01 -3.981896591186523438e+01
-1.701000022888183594e+01 -2.065943336486816406e+01
1.067968826293945312e+02 -1.060965251922607422e+01
9.635868835449218750e+01 -3.926039123535156250e+01
6.867587280273437500e+01 -8.524405479431152344e+00
1.174851989746093750e+02 -1.881204605102539062e+01
1.172412872314453125e+02 -1.894535064697265625e+01
6.623628997802734375e+01 -2.515484428405761719e+01
3.113391876220703125e+01 4.039816856384277344e+00
-5.280174636840820312e+01 6.873585700988769531e+00
9.201328277587890625e+01 -2.733818626403808594e+01
5.731250381469726562e+01 -3.592375993728637695e+00
5.975197601318359375e+01 -1.009317874908447266e+01
2.593537092208862305e+00 9.694816589355468750e+01
1.016991882324218750e+02 -4.579845905303955078e+00
-4.436885070800781250e+01 1.971184253692626953e+00
7.935592651367187500e+01 -1.335097408294677734e+01
5.006912612915039062e+01 -1.498960590362548828e+01
7.049105072021484375e+01 -6.958056926727294922e+00
1.198132324218750000e+02 -1.721291351318359375e+01
6.965025329589843750e+01 -7.821708202362060547e+00
-4.441728210449218750e+01 1.332357120513916016e+01
8.644789123535156250e+01 -4.398947906494140625e+01
8.674354553222656250e+01 -4.267142486572265625e+01
1.640432596206665039e+00 6.378450393676757812e+01
8.422493743896484375e+01 -6.247547149658203125e+00
9.163442230224609375e+01 -1.715442091226577759e-01
4.912900924682617188e+01 -1.518762016296386719e+01
8.562534332275390625e+01 8.213144302368164062e+00
1.225228195190429688e+02 -1.778523826599121094e+01
1.947440338134765625e+01 7.281895446777343750e+01
9.575144195556640625e+01 -2.499086380004882812e+01
1.176340789794921875e+02 -1.478419303894042969e+01
8.534870910644531250e+01 -4.450057601928710938e+01
8.900128173828125000e+01 -2.729544639587402344e+01
6.746653556823730469e+00 9.440704345703125000e+01
5.818555068969726562e+01 -8.669329643249511719e+00
6.819672393798828125e+01 -1.154711532592773438e+01
-6.319216537475585938e+01 1.486528491973876953e+01
8.711827087402343750e+01 -4.432709884643554688e+01
7.049510955810546875e+01 -7.050976753234863281e+00
1.158302917480468750e+02 -1.903693199157714844e+01
9.024668884277343750e+01 -1.342105484008789062e+01
1.196252670288085938e+02 -1.901399612426757812e+01
9.627784729003906250e+01 -2.664856719970703125e+01
6.331913757324218750e+01 -7.748759746551513672e+00
9.208000946044921875e+01 -2.749692153930664062e+01
-9.025231361389160156e+00 1.245613479614257812e+01
6.831204986572265625e+01 -2.056532055139541626e-01
1.198018341064453125e+02 -1.944888305664062500e+01
-2.376263236999511719e+01 2.160632324218750000e+01
8.600533294677734375e+01 -4.370346450805664062e+01
4.217321777343750000e+01 -3.443157577514648438e+01
4.172340011596679688e+01 -2.595368957519531250e+01
3.406856358051300049e-01 6.255416870117187500e+01
4.540267181396484375e+01 -2.362782669067382812e+01
8.192507934570312500e+01 -4.186268234252929688e+01
-3.394650936126708984e+00 6.743427276611328125e+01
6.775840759277343750e+01 -6.000112533569335938e+00
-4.110767364501953125e+01 1.294449520111083984e+01
9.228448486328125000e+01 -2.747122383117675781e+01
7.195000457763671875e+01 -3.258491897583007812e+01
-4.532295227050781250e+01 2.054153251647949219e+01
2.438886404037475586e+00 7.084683990478515625e+01
-3.237276458740234375e+01 -4.563939666748046875e+01
1.038001708984375000e+02 -7.768578052520751953e+00
8.674648284912109375e+01 -4.308031082153320312e+01
8.401638031005859375e+01 -1.553970432281494141e+01
1.097520446777343750e+02 -2.498296356201171875e+01
1.098111953735351562e+02 -1.811546134948730469e+01
7.860343170166015625e+01 8.818716049194335938e+00
5.940611267089843750e+01 1.069358444213867188e+01
9.960450744628906250e+01 -2.794158744812011719e+01
-1.286737060546875000e+01 1.134527873992919922e+01
1.152418594360351562e+02 -1.859450149536132812e+01
-1.019513225555419922e+01 7.941115570068359375e+01
9.885713195800781250e+01 -4.305225372314453125e+01
1.017273998260498047e+01 2.421450424194335938e+01
7.343365478515625000e+01 -1.828867721557617188e+01
-1.225787878036499023e+00 6.214819717407226562e+01
-3.541473627090454102e+00 -3.457412338256835938e+01
-1.267984962463378906e+01 1.341953849792480469e+01
7.189178466796875000e+01 -3.273456954956054688e+01
-2.025829553604125977e+00 2.338253784179687500e+01
7.304437255859375000e+01 -1.136770915985107422e+01
1.056376037597656250e+02 -5.245852470397949219e+00
1.046693801879882812e+02 -1.079266071319580078e+01
-6.922594451904296875e+01 -1.148949241638183594e+01
9.663739013671875000e+01 -2.239504432678222656e+01
6.766639709472656250e+01 -1.891782951354980469e+01
7.626615142822265625e+01 -2.238523721694946289e+00
4.174013900756835938e+01 -1.446365356445312500e+01
1.063877334594726562e+02 -2.081977844238281250e+01
2.855075263977050781e+01 7.687486267089843750e+01
8.831592559814453125e+01 -2.721198654174804688e+01
8.139975738525390625e+01 -1.626570701599121094e+01
9.713358306884765625e+01 -1.985829544067382812e+01
4.876019287109375000e+01 -6.939020633697509766e+00
6.369883728027343750e+01 -2.813154220581054688e+01
1.044240713119506836e+00 6.417084503173828125e+01
8.848391723632812500e+01 6.165562868118286133e-01
1.225656127929687500e+02 -1.781420516967773438e+01
9.950582885742187500e+01 -2.116701316833496094e+01
9.535359954833984375e+01 -4.137521362304687500e+01
-4.608917999267578125e+01 6.980220973491668701e-02
-7.040251922607421875e+01 -2.422508430480957031e+01
1.029377136230468750e+02 -2.016959953308105469e+01
1.133593673706054688e+02 -1.018255138397216797e+01
1.048869934082031250e+02 -2.485063743591308594e+01
7.835831451416015625e+01 -3.208014678955078125e+01
1.132997970581054688e+02 -1.513305854797363281e+01
9.789507293701171875e+01 -4.411194992065429688e+01
-2.133604049682617188e+00 2.324321746826171875e+01
-7.019857025146484375e+01 -3.146812915802001953e+00
7.867739105224609375e+01 1.441037273406982422e+01
-7.106662750244140625e+01 -3.482181167602539062e+01
9.581292152404785156e+00 9.570218658447265625e+01
3.018561363220214844e+01 3.112997055053710938e+00
6.321635818481445312e+01 1.326889610290527344e+01
-5.022316932678222656e+00 8.261877441406250000e+01
-6.184696197509765625e+01 1.798987388610839844e+01
7.201693725585937500e+01 -1.178057765960693359e+01
1.151196746826171875e+02 -2.419785118103027344e+01
9.964390563964843750e+01 -2.543643188476562500e+01
6.846398162841796875e+01 -1.994794082641601562e+01
5.588055419921875000e+01 -6.592695713043212891e+00
1.067013854980468750e+02 -2.454787063598632812e+01
-7.161704254150390625e+01 -2.161432504653930664e+00
-6.655403900146484375e+01 -5.859766483306884766e+00
7.016083526611328125e+01 -3.547693014144897461e+00
9.706241607666015625e+01 -2.457357025146484375e+01
7.000428771972656250e+01 -2.873772621154785156e+01
9.903353881835937500e+01 -2.544866561889648438e+01
-7.894430541992187500e+01 -1.690715408325195312e+01
-5.624125671386718750e+01 -2.600977182388305664e+00
-7.587507629394531250e+01 -2.558380889892578125e+01
1.160490417480468750e+02 -2.424215126037597656e+01
1.034805221557617188e+02 -2.504322433471679688e+01
1.041157073974609375e+02 -4.865345001220703125e+00
1.896741509437561035e+00 8.235210418701171875e+01
-3.298025131225585938e+01 -3.028803825378417969e+01
8.604225158691406250e+01 -7.857855319976806641e+00
1.033454437255859375e+02 -1.241554832458496094e+01
1.015019073486328125e+02 -1.235987567901611328e+01
1.154855804443359375e+02 -9.332787513732910156e+00
-8.677220916748046875e+01 1.757357978820800781e+01
7.886783599853515625e+01 1.253657722473144531e+01
1.126287460327148438e+01 2.550589752197265625e+01
6.955772399902343750e+01 1.725404167175292969e+01
8.170468902587890625e+01 -4.351152420043945312e+01
1.124836883544921875e+02 -1.281869983673095703e+01
6.032209014892578125e+01 -6.476663589477539062e+00
7.019136810302734375e+01 -7.640828609466552734e+00
8.974758148193359375e+01 -2.001213073730468750e+01
1.047323532104492188e+02 -1.422261428833007812e+01
9.601054382324218750e+01 -8.282763481140136719e+00
1.065674209594726562e+02 -2.425464248657226562e+01
7.638544464111328125e+01 -3.113802528381347656e+01
1.008365478515625000e+02 -6.363693237304687500e+00
1.180766448974609375e+02 -1.616932868957519531e+01
-6.457347106933593750e+01 -2.371887207031250000e+01
7.413652801513671875e+01 1.180787277221679688e+01
7.212768554687500000e+01 -9.442693710327148438e+00
5.252846908569335938e+01 -2.331915664672851562e+01
7.507882690429687500e+01 -2.237470054626464844e+01
9.000993347167968750e+01 -2.979419136047363281e+01
6.455908298492431641e+00 1.004081649780273438e+02
2.906878471374511719e+01 7.316227722167968750e+01
6.096166610717773438e+01 -1.144717216491699219e+01
1.150755615234375000e+02 -1.332107639312744141e+01
1.203027038574218750e+02 -1.412004089355468750e+01
-5.318904495239257812e+01 -3.277557754516601562e+01
6.725164031982421875e+01 -1.805290031433105469e+01
8.572673797607421875e+01 -4.540474319458007812e+01
7.777236175537109375e+01 -3.051428222656250000e+01
5.086927413940429688e+01 9.183026313781738281e+00
1.952883911132812500e+01 7.875022125244140625e+01
5.444300842285156250e+01 -1.671306610107421875e+01
1.156472778320312500e+02 -1.138609790802001953e+01
6.077350616455078125e+01 -2.847294998168945312e+01
1.192639923095703125e+02 -1.575533103942871094e+01
5.420217132568359375e+01 -3.848279190063476562e+01
1.421324729919433594e+01 3.117826461791992188e+01
1.013578872680664062e+02 -2.602444267272949219e+01
6.666160583496093750e+01 -2.162239837646484375e+01
6.729828643798828125e+01 -3.232069396972656250e+01
5.811695098876953125e+00 7.947229003906250000e+01
8.348928451538085938e+00 3.488217544555664062e+01
1.156411590576171875e+02 -1.276815891265869141e+01
8.211981201171875000e+01 9.968851227313280106e-04
1.040622482299804688e+02 -1.480244255065917969e+01
1.137996673583984375e+02 -2.173004341125488281e+01
1.115733947753906250e+02 -1.690939331054687500e+01
5.729770660400390625e+01 -2.906756973266601562e+01
6.176649093627929688e+01 -9.962639808654785156e+00
-6.033434867858886719e-01 2.011873626708984375e+01
7.128073883056640625e+01 1.042652726173400879e+00
1.078552474975585938e+02 -2.404265785217285156e+01
1.051299285888671875e+02 -1.751551437377929688e+01
8.508683013916015625e+01 2.207546710968017578e+00
6.621657562255859375e+01 -2.017106628417968750e+01
-1.775732803344726562e+01 -1.914734840393066406e+01
1.083678436279296875e+02 -6.631966114044189453e+00
1.028353424072265625e+02 -2.607400512695312500e+01
9.932006835937500000e+01 -2.959917831420898438e+01
-6.879338836669921875e+01 -2.504974746704101562e+01
1.171904220581054688e+02 -1.174619388580322266e+01
-4.897332763671875000e+01 -3.874588775634765625e+01
7.512152862548828125e+01 1.732103157043457031e+01
1.057975845336914062e+02 -2.477415847778320312e+01
1.026891937255859375e+02 -9.583280563354492188e+00
1.032671127319335938e+02 -2.251314353942871094e+01
6.582997131347656250e+01 -1.249203491210937500e+01
6.746019744873046875e+01 -6.031196117401123047e-01
5.958581542968750000e+01 1.958887863159179688e+01
6.579026031494140625e+01 -1.997680068016052246e+00
1.456609344482421875e+01 2.891663360595703125e+01
-5.668447971343994141e+00 -3.932630920410156250e+01
1.065296707153320312e+02 -5.112217426300048828e+00
1.273637771606445312e+01 3.418704223632812500e+01
9.706385040283203125e+01 -2.636906623840332031e+01
7.199629974365234375e+01 -3.066078567504882812e+01
5.280802536010742188e+01 -2.554408073425292969e+01
7.179066467285156250e+01 -1.650889158248901367e+00
1.138001251220703125e+02 -1.879331398010253906e+01
4.717976379394531250e+01 -3.169817924499511719e+01
8.303841400146484375e+01 1.395284938812255859e+01
6.619430541992187500e+01 -2.956276130676269531e+01
8.143820190429687500e+01 -4.444522476196289062e+01
4.701677703857421875e+01 -1.531728172302246094e+01
1.104381103515625000e+02 -2.032276153564453125e+01
1.025125885009765625e+02 -2.601818084716796875e+01
-7.032316207885742188e+00 9.622541427612304688e+00
-1.455504059791564941e+00 6.229329681396484375e+01
6.350759887695312500e+01 -1.170934963226318359e+01
9.577726745605468750e+01 -1.598425674438476562e+01
-8.040934753417968750e+01 2.614437484741210938e+01
1.161080245971679688e+02 -2.543447875976562500e+01
6.449263000488281250e+01 -3.197509002685546875e+01
6.541822814941406250e+01 -2.062377166748046875e+01
7.552352905273437500e+00 8.373600769042968750e+01
1.031552505493164062e+02 -2.625103950500488281e+01
1.073891067504882812e+02 -1.301962375640869141e+01
-1.068640804290771484e+01 7.890063476562500000e+01
9.758617401123046875e+01 -3.174389839172363281e+01
7.129176330566406250e+01 -1.310730457305908203e+00
-3.037313222885131836e+00 7.951584625244140625e+01
7.744562530517578125e+01 -3.168085670471191406e+01
1.173708343505859375e+02 -1.719928932189941406e+01
9.951545715332031250e+01 -4.028012084960937500e+01
5.388461303710937500e+01 -1.709530258178710938e+01
1.203861465454101562e+02 -1.595934104919433594e+01
9.760764312744140625e+01 -2.765170812606811523e+00
1.061591491699218750e+02 -3.020705938339233398e+00
1.064277343750000000e+02 -2.312839889526367188e+01
-7.079619598388671875e+01 6.678556919097900391e+00
9.052878570556640625e+01 4.812856674194335938e+00
5.677825546264648438e+01 7.339118957519531250e+00
9.260065460205078125e+01 -7.259585857391357422e+00
1.095319213867187500e+02 -2.475950431823730469e+01
6.368990325927734375e+01 -1.925040054321289062e+01
9.389347839355468750e+01 -4.245145797729492188e+01
8.966728210449218750e+01 -2.999325942993164062e+01
-6.225364685058593750e+01 2.897485160827636719e+01
-4.738011169433593750e+01 -3.093785095214843750e+01
-9.053153991699218750e+00 1.239560699462890625e+01
5.910179901123046875e+01 -2.874936103820800781e+01
1.002954292297363281e+01 6.542238616943359375e+01
8.616921234130859375e+01 -4.269013977050781250e+01
7.976350402832031250e+01 -1.157224845886230469e+01
9.725422668457031250e+01 -2.881480407714843750e+01
-5.478884696960449219e+00 7.933346557617187500e+01
6.878466033935546875e+01 -2.053537070751190186e-01
6.357052993774414062e+01 -3.231793975830078125e+01
-8.206230926513671875e+01 -2.466142177581787109e+00
9.587982177734375000e+01 -2.704894828796386719e+01
1.118645172119140625e+02 -1.758273696899414062e+01
1.043354949951171875e+02 -1.466807556152343750e+01
1.063917999267578125e+02 -2.284633636474609375e+01
-3.909519195556640625e+00 7.293177032470703125e+01
9.359091186523437500e+01 5.863226890563964844e+00
1.240104007720947266e+01 3.038070678710937500e+01
9.023908233642578125e+01 -6.865688323974609375e+00
1.198118972778320312e+02 -1.485586833953857422e+01
-7.753148651123046875e+01 1.240774154663085938e+00
1.043060684204101562e+02 2.603685379028320312e+00
9.678495788574218750e+01 -3.663400268554687500e+01
1.069288330078125000e+02 -1.535027790069580078e+01
6.666017913818359375e+01 -1.099319458007812500e+01
-3.716163635253906250e+01 -1.437978863716125488e+00
5.428966522216796875e+01 -1.081192779541015625e+01
-7.615127563476562500e+01 2.034729719161987305e+00
2.538829421997070312e+01 7.877423858642578125e+01
5.315571594238281250e+01 -1.554168128967285156e+01
9.671607971191406250e+01 -3.863129806518554688e+01
9.600769805908203125e+01 -1.838387298583984375e+01
1.059530715942382812e+02 -3.006649017333984375e+00
6.314847946166992188e+01 -3.072629356384277344e+01
9.822900390625000000e+01 -4.365863037109375000e+01
1.040780563354492188e+02 5.759637355804443359e+00
2.627034759521484375e+01 7.064286041259765625e+01
6.394044494628906250e+01 -3.222843551635742188e+01
5.705214309692382812e+01 -3.275817108154296875e+01
5.042716217041015625e+01 -1.160633468627929688e+01
1.002901153564453125e+02 -3.831587982177734375e+01
1.038971405029296875e+02 -2.198349952697753906e+01
9.404241943359375000e+01 -1.887002110481262207e+00
8.063341522216796875e+01 -2.145777463912963867e+00
1.147565307617187500e+02 -5.937170982360839844e+00
-3.496989822387695312e+01 -3.442721557617187500e+01
8.929578781127929688e+00 6.715135192871093750e+01
8.005233764648437500e+01 7.282704353332519531e+00
7.845840454101562500e+01 -1.914383506774902344e+01
-1.318915748596191406e+01 7.843357849121093750e+01
7.097391510009765625e+01 -1.383801269531250000e+01
8.616003417968750000e+01 -4.283744812011718750e+01
6.536138916015625000e+01 -3.111457061767578125e+01
7.476464843750000000e+01 -2.398454666137695312e+01
-8.564617156982421875e+00 7.577294158935546875e+01
-1.280808162689208984e+01 -2.502831077575683594e+01
5.336896896362304688e+01 8.697258949279785156e+00
4.982116699218750000e+01 -7.536813259124755859e+00
9.598594665527343750e+01 -1.523859405517578125e+01
9.786010742187500000e+01 -3.579476165771484375e+01
7.060813903808593750e+01 -2.166802167892456055e+00
5.538552474975585938e+01 5.094088554382324219e+00
1.065625457763671875e+02 -1.901070594787597656e+01
1.019987869262695312e+02 -1.804540061950683594e+01
1.281727409362792969e+01 9.138101959228515625e+01
7.332446575164794922e+00 8.731217193603515625e+01
8.749289703369140625e+01 -5.404619216918945312e+00
9.011584472656250000e+01 -1.178845405578613281e+01
6.072608947753906250e+01 -3.382036590576171875e+01
-3.188437080383300781e+01 -1.004530715942382812e+01
6.360575485229492188e+01 -3.008587646484375000e+01
7.635793304443359375e+01 -1.080130672454833984e+01
1.056226806640625000e+02 -2.200496482849121094e+01
5.446043395996093750e+01 -2.827051162719726562e+01
-5.107106781005859375e+01 2.793935203552246094e+01
1.039470062255859375e+02 -2.747933578491210938e+01
1.033197402954101562e+02 3.940409183502197266e+00
1.054291839599609375e+02 -2.575211906433105469e+01
1.139510498046875000e+02 -1.620839118957519531e+01
-3.001811504364013672e+00 7.538872361183166504e-01
5.116087722778320312e+01 4.035130023956298828e+00
9.963027954101562500e+01 -9.118065834045410156e+00
1.148384666442871094e+01 8.618923950195312500e+01
5.017403793334960938e+01 -2.658547592163085938e+01
7.067555236816406250e+01 -2.879859733581542969e+01
-8.293881988525390625e+01 2.883216857910156250e+01
5.633216381072998047e+00 6.440892791748046875e+01
6.068327713012695312e+01 -3.388910675048828125e+01
6.027335357666015625e+01 2.377228164672851562e+01
5.523498153686523438e+01 1.368681335449218750e+01
1.105089340209960938e+02 -5.965808391571044922e+00
6.073357772827148438e+01 -1.720283699035644531e+01
6.584814453125000000e+01 1.229993534088134766e+01
-6.536277770996093750e+01 -4.794328308105468750e+01
9.334008026123046875e+01 -3.123422050476074219e+01
4.985328292846679688e+01 -9.660871505737304688e+00
9.863069915771484375e+01 -4.350922775268554688e+01
-2.911522388458251953e+00 7.611621856689453125e+00
-4.167500972747802734e+00 1.930292701721191406e+01
-1.275192737579345703e+00 9.361256408691406250e+01
5.289748001098632812e+01 -3.416119384765625000e+01
4.811291885375976562e+01 1.206548881530761719e+01
-3.030191230773925781e+01 4.834601879119873047e+00
4.523291015625000000e+01 -8.023184776306152344e+00
-6.632785797119140625e+01 1.222783470153808594e+01
1.060364227294921875e+02 -1.644007873535156250e+01
-4.401829528808593750e+01 -3.592679214477539062e+01
-6.110329437255859375e+01 -5.562988281250000000e+00
6.028624725341796875e+01 1.912938880920410156e+01
9.797970581054687500e+01 -3.581488800048828125e+01
6.181616973876953125e+01 -3.263209533691406250e+01
1.136949615478515625e+02 -2.214135551452636719e+01
1.526432704925537109e+01 9.050213623046875000e+01
6.615879058837890625e+01 -3.090670108795166016e+00
-7.958891296386718750e+01 2.324725532531738281e+01
7.692214965820312500e+01 1.603589630126953125e+01
7.774048614501953125e+01 -4.638333022594451904e-01
9.069677734375000000e+01 -1.133874034881591797e+01
1.063612518310546875e+02 -6.414549827575683594e+00
-3.118949651718139648e+00 6.607845306396484375e+01
5.896081542968750000e+01 -2.915683364868164062e+01
9.333123016357421875e+01 -4.246896362304687500e+01
6.315868377685546875e+01 -3.294298171997070312e+01
-1.646155548095703125e+01 -8.790672421455383301e-01
4.630967330932617188e+01 -2.677335929870605469e+01
6.492722320556640625e+01 -2.731875801086425781e+01
9.765737915039062500e+01 -1.959583854675292969e+01
7.620969390869140625e+01 -2.750353813171386719e+01
5.535482883453369141e+00 3.267484283447265625e+01
2.293600463867187500e+01 7.208583068847656250e+01
6.410951995849609375e+01 -3.051911926269531250e+01
7.739579772949218750e+01 9.006027221679687500e+00
1.019557037353515625e+02 -5.525909423828125000e+00
4.864422607421875000e+01 -2.660817909240722656e+01
6.955470275878906250e+01 1.725051307678222656e+01
5.691696929931640625e+01 -2.754598045349121094e+01
6.121731567382812500e+01 -1.146516704559326172e+01
-2.812831115722656250e+01 -2.350186920166015625e+01
1.064739685058593750e+02 -6.284728050231933594e+00
-7.630027008056640625e+01 2.671827697753906250e+01
9.993718719482421875e+01 -3.765087890625000000e+01
7.317623901367187500e+01 5.652689933776855469e+00
-5.560018920898437500e+01 2.573978042602539062e+01
1.017826766967773438e+02 -2.122196769714355469e+01
-6.080277252197265625e+01 -2.544076538085937500e+01
1.157065887451171875e+02 -2.160762977600097656e+01
1.055318298339843750e+02 -5.208693981170654297e+00
9.767296600341796875e+01 -4.165137863159179688e+01
1.140432586669921875e+02 -1.146887493133544922e+01
-6.149963760375976562e+01 -1.447986412048339844e+01
6.231065368652343750e+01 -1.734878349304199219e+01
1.030114898681640625e+02 -7.832744121551513672e+00
8.576708221435546875e+01 -1.495845317840576172e+01
1.101616668701171875e+02 -1.436485958099365234e+01
9.973931121826171875e+01 -7.094387531280517578e+00
5.954551315307617188e+01 -6.695288181304931641e+00
-4.750485610961914062e+01 1.697698974609375000e+01
2.434724807739257812e+00 8.452457427978515625e+01
1.075355834960937500e+02 -1.757108116149902344e+01
8.542050933837890625e+01 -4.198241806030273438e+01
8.427899169921875000e+01 -4.333501815795898438e+01
5.984622573852539062e+01 -2.572232484817504883e+00
1.031332778930664062e+02 -1.994912147521972656e+01
6.370909500122070312e+01 -2.934569740295410156e+01
5.040682220458984375e+01 -1.953315734863281250e+01
6.786186218261718750e+01 -1.165765857696533203e+01
5.487165832519531250e+01 -2.496104240417480469e+01
5.482104873657226562e+01 5.896620750427246094e+00
-7.637261962890625000e+01 -5.821507453918457031e+00
9.576191711425781250e+01 -2.039736175537109375e+01
6.799216461181640625e+01 1.195016670227050781e+01
1.117203674316406250e+02 -2.299357414245605469e+01
7.111281585693359375e+01 2.399693870544433594e+01
9.945721435546875000e+01 -1.348798370361328125e+01
9.841555786132812500e+01 -1.896807861328125000e+01
4.941872119903564453e+00 2.674626922607421875e+01
6.797041320800781250e+01 -2.686642408370971680e+00
4.079127502441406250e+01 -6.437483310699462891e+00
1.023428573608398438e+02 -1.408117008209228516e+01
-5.062023544311523438e+01 -4.262023925781250000e+01
-5.130405426025390625e+01 2.440921401977539062e+01
1.056402664184570312e+02 -1.433975410461425781e+01
1.020379028320312500e+02 1.068352222442626953e+00
7.835387420654296875e+01 -1.916583824157714844e+01
-7.922690582275390625e+01 2.878274536132812500e+01
8.226837921142578125e+01 -4.414960098266601562e+01
8.064167785644531250e+01 -4.883352816104888916e-01
1.189873352050781250e+02 -1.013513946533203125e+01
4.950310897827148438e+01 -2.772531509399414062e+01
-8.732495880126953125e+01 2.375822639465332031e+01
6.730173492431640625e+01 -1.444408988952636719e+01
4.941658020019531250e+01 -1.104078769683837891e+01
1.026247711181640625e+02 -1.893269920349121094e+01
1.172891387939453125e+02 -2.351247215270996094e+01
1.034512252807617188e+02 3.599542140960693359e+00
1.156701507568359375e+02 -1.596581935882568359e+01
5.873778915405273438e+01 -1.889075660705566406e+01
1.003206329345703125e+02 -5.435334682464599609e+00
9.623973083496093750e+01 -3.048193931579589844e+01
1.022371673583984375e+02 1.407851815223693848e+00
7.675818634033203125e+01 8.105797767639160156e+00
-6.776792144775390625e+01 -3.357951354980468750e+01
-3.120870828628540039e+00 1.936270332336425781e+01
1.154570999145507812e+02 -2.252768898010253906e+01
5.913915252685546875e+01 -6.294613361358642578e+00
1.147971572875976562e+02 -1.715333747863769531e+01
5.142329788208007812e+01 -2.862759208679199219e+01
6.830612182617187500e+01 -1.992959976196289062e+01
6.196995925903320312e+01 -3.222715759277343750e+01
9.475867462158203125e+01 2.688660621643066406e+00
-4.766193008422851562e+01 -4.380032348632812500e+01
9.089052581787109375e+01 -4.843274116516113281e+00
-3.904224395751953125e+01 -3.100292968750000000e+01
-8.654927825927734375e+01 2.271160125732421875e+01
7.217044067382812500e+01 -1.706405639648437500e+01
-8.436794281005859375e+01 2.647857093811035156e+01
5.968532943725585938e+01 8.747967720031738281e+00
1.002076721191406250e+02 -2.763253784179687500e+01
1.092799663543701172e+01 8.474621582031250000e+01
-7.689350891113281250e+01 2.677707862854003906e+01
6.663297271728515625e+01 1.105916690826416016e+01
-1.691813707351684570e+00 9.434391021728515625e+01
-5.091917037963867188e+01 1.891662597656250000e+01
-7.586903381347656250e+01 6.808216094970703125e+00
5.593567276000976562e+01 -6.619275569915771484e+00
1.059105834960937500e+02 -2.605332183837890625e+01
-6.081515502929687500e+01 -4.973971557617187500e+01
4.602651596069335938e+01 -2.289251708984375000e+01
1.146825790405273438e+02 -1.995404052734375000e+01
4.180821228027343750e+01 -7.467630863189697266e+00
1.142515258789062500e+02 -2.099998855590820312e+01
5.576002502441406250e+01 -1.490823173522949219e+01
4.343574905395507812e+01 -2.611870574951171875e+01
2.315985202789306641e+00 8.898291015625000000e+01
4.312812423706054688e+01 -2.280341911315917969e+01
9.669828796386718750e+01 -3.479021072387695312e+01
9.842295837402343750e+01 -1.331966590881347656e+01
8.569317626953125000e+01 -3.007857561111450195e+00
-3.174998474121093750e+01 -3.154764556884765625e+01
-5.557019424438476562e+01 1.805682945251464844e+01
8.771521759033203125e+01 -1.507541275024414062e+01
-4.132664871215820312e+01 2.271637344360351562e+01
6.119908142089843750e+01 1.270335578918457031e+01
9.576234436035156250e+01 1.894458770751953125e+00
1.369755935668945312e+01 3.020742797851562500e+01
-4.015414047241210938e+01 -9.675183296203613281e+00
2.562759160995483398e+00 6.953044128417968750e+01
3.264683914184570312e+01 4.213802814483642578e+00
-6.336505889892578125e+01 -3.888321685791015625e+01
1.070315856933593750e+02 -7.437584400177001953e+00
7.610185623168945312e+00 2.444780158996582031e+01
1.079351806640625000e+01 2.917514991760253906e+01
6.779459476470947266e+00 3.617516326904296875e+01
1.195862121582031250e+02 -1.200164699554443359e+01
8.351923370361328125e+01 1.288973522186279297e+01
5.839765167236328125e+01 -2.661462593078613281e+01
1.070820927619934082e+00 6.294760894775390625e+01
-5.839647674560546875e+01 2.484370422363281250e+01
4.850356674194335938e+01 -2.703994035720825195e+00
-5.645048904418945312e+01 -2.224358367919921875e+01
7.375001525878906250e+01 -3.850904703140258789e+00
1.030879211425781250e+02 -2.382787704467773438e+01
6.464646339416503906e+00 1.003903808593750000e+02
9.451008605957031250e+01 5.586905002593994141e+00
-8.212399291992187500e+01 -1.081791496276855469e+01
7.820538330078125000e+01 1.396190166473388672e+01
7.584300994873046875e+01 4.737055778503417969e+00
4.754681396484375000e+01 6.505089759826660156e+00
-4.339144229888916016e-01 2.023017501831054688e+01
5.875962448120117188e+01 -1.882101440429687500e+01
1.019522857666015625e+02 -1.021122741699218750e+01
5.203184127807617188e+01 -6.665007591247558594e+00
1.130134582519531250e+02 -1.786050033569335938e+01
4.969065666198730469e+00 9.345340728759765625e+01
1.125566101074218750e+02 -2.239690399169921875e+01
7.834463500976562500e+01 -1.141905307769775391e+01
5.331842803955078125e+01 -1.596478652954101562e+01
-1.142931079864501953e+01 -8.427393913269042969e+00
-1.377402877807617188e+01 7.561223602294921875e+01
2.302553653717041016e+00 9.073897552490234375e+01
3.419591903686523438e+01 2.066919565200805664e+00
-7.851282501220703125e+01 -2.701716423034667969e+01
8.343468475341796875e+01 -8.710792541503906250e+00
1.440854454040527344e+01 7.190069580078125000e+01
8.497816467285156250e+01 -4.224000549316406250e+01
-3.954487609863281250e+01 -2.870549678802490234e+00
9.453202819824218750e+01 -3.182467269897460938e+01
5.670013046264648438e+01 -9.601324081420898438e+00
7.887425994873046875e+01 -1.372309327125549316e+00
-8.614429473876953125e+00 7.264644622802734375e+01
-8.252627563476562500e+01 3.135832214355468750e+01
1.034752197265625000e+02 4.810249805450439453e+00
-4.742699813842773438e+01 -5.371902847290039062e+01
1.109313430786132812e+02 -1.646612548828125000e+01
7.308506011962890625e+01 -2.249649238586425781e+01
2.373837280273437500e+01 7.729749298095703125e+01
1.152880020141601562e+02 -1.742345046997070312e+01
-4.970647048950195312e+01 -7.285016536712646484e+00
-4.654416275024414062e+01 -3.216877746582031250e+01
7.376838684082031250e+01 -7.740564823150634766e+00
1.127186279296875000e+02 -1.500259876251220703e+01
1.119027328491210938e+02 -1.063502311706542969e+01
9.936602783203125000e+01 -1.627956771850585938e+01
9.488893127441406250e+01 -3.172680282592773438e+01
7.898862457275390625e+01 -1.660570144653320312e+00
6.892329406738281250e+01 1.211445713043212891e+01
7.247898101806640625e+01 -2.293820381164550781e+01
6.292229080200195312e+01 -2.814410209655761719e+01
8.076381683349609375e+01 1.262049579620361328e+01
5.376228713989257812e+01 -3.355817031860351562e+01
7.584814453125000000e+01 4.771728515625000000e+00
4.901361083984375000e+01 -2.739884185791015625e+01
2.177942276000976562e+00 7.337952423095703125e+01
1.077998199462890625e+02 -2.208551406860351562e+01
3.077583122253417969e+01 3.032409906387329102e+00
1.068130950927734375e+02 -1.746546554565429688e+01
6.293896484375000000e+01 -1.717663955688476562e+01
1.235287284851074219e+01 8.882295989990234375e+01
1.028600082397460938e+02 -2.177949523925781250e+01
1.005508136749267578e+01 2.628892326354980469e+01
6.557357025146484375e+01 -3.046212005615234375e+01
6.144021224975585938e+01 -9.407502174377441406e+00
7.027359771728515625e+01 7.557201385498046875e+00
-7.633720397949218750e+01 -5.170859813690185547e+00
8.853372192382812500e+01 -1.329930496215820312e+01
-6.930621337890625000e+01 1.583577919006347656e+01
1.060991287231445312e+02 -5.627957344055175781e+00
-5.479147720336914062e+01 -1.363325691223144531e+01
-6.172363662719726562e+01 -5.227526092529296875e+01
7.527927398681640625e+01 -4.189392089843750000e+00
1.040984878540039062e+02 3.622952938079833984e+00
6.712635040283203125e+01 -1.485091781616210938e+01
-7.374957561492919922e+00 8.688201141357421875e+01
-6.013914489746093750e+01 -4.853154373168945312e+01
4.584721565246582031e+00 8.881573486328125000e+01
6.268273544311523438e+01 1.032756519317626953e+01
2.064904785156250000e+01 7.404167938232421875e+01
9.825203704833984375e+01 -2.143585586547851562e+01
7.473053741455078125e+01 2.702677547931671143e-01
9.357849884033203125e+01 -1.397493362426757812e+01
1.003316955566406250e+02 -2.001974296569824219e+01
1.144472503662109375e+02 -1.735306358337402344e+01
6.504324340820312500e+01 -1.075972843170166016e+01
9.173491477966308594e+00 9.661838531494140625e+01
1.118404674530029297e+01 2.849387931823730469e+01
1.062927856445312500e+02 -2.725706100463867188e+01
-2.135239028930664062e+01 -2.865644073486328125e+01
9.832948303222656250e+01 -4.298876571655273438e+01
1.024208679199218750e+02 -2.326937866210937500e+01
6.416770935058593750e+01 -3.336578750610351562e+01
9.245536041259765625e+01 2.272885084152221680e+00
-4.095821857452392578e+00 8.669104766845703125e+01
5.032913208007812500e+01 1.115323925018310547e+01
9.033440399169921875e+01 5.036759376525878906e+00
-1.864194107055664062e+01 4.310473442077636719e+00
2.345639610290527344e+01 7.803441619873046875e+01
6.262968063354492188e+01 -3.819730758666992188e+00
8.091850280761718750e+01 8.552939414978027344e+00
-2.365595340728759766e+00 1.525535583496093750e+01
5.430764675140380859e+00 6.445912170410156250e+01
8.540779113769531250e+01 -2.288759708404541016e+00
6.450903320312500000e+01 -1.565868282318115234e+01
6.460183715820312500e+01 -2.585376167297363281e+01
7.873621368408203125e+01 1.307363510131835938e+01
4.994120407104492188e+01 -7.480957984924316406e+00
6.267767333984375000e+01 -3.004708862304687500e+01
-1.872338533401489258e+00 9.155255126953125000e+01
5.526347351074218750e+01 -3.147467613220214844e+01
4.577168822288513184e-01 8.389320373535156250e+01
2.359654426574707031e+01 6.763854980468750000e+01
6.012745666503906250e+01 -3.110202407836914062e+01
1.024753799438476562e+02 -2.798171043395996094e+01
-1.474115848541259766e+00 8.916873168945312500e+01
1.021611557006835938e+02 5.471369266510009766e+00
9.992058563232421875e+01 -9.841072082519531250e+00
-2.430189895629882812e+01 -9.584703445434570312e-01
4.546234893798828125e+01 -2.457920837402343750e+01
7.583207702636718750e+01 4.662500858306884766e+00
-4.036760330200195312e+01 -2.787423515319824219e+01
7.778405761718750000e+01 1.166146564483642578e+01
8.876182556152343750e+01 4.208211973309516907e-02
9.380754852294921875e+01 -1.859794044494628906e+01
1.701329946517944336e+00 8.709571075439453125e+01
6.586180877685546875e+01 -3.191523551940917969e+01
4.941969299316406250e+01 -2.626609611511230469e+01
-9.400165081024169922e-01 6.520523071289062500e+01
8.844983673095703125e+01 -2.508369922637939453e+00
9.121006774902343750e+01 -2.860238838195800781e+01
4.873629379272460938e+01 -1.298762226104736328e+01
1.149106311798095703e+01 2.947422599792480469e+01
7.751206207275390625e+01 -3.163385772705078125e+01
-7.665644073486328125e+01 1.562696576118469238e+00
1.099719238281250000e+02 -4.269333839416503906e+00
7.584813690185546875e+01 -4.897271156311035156e+00
8.585688591003417969e+00 2.459268379211425781e+01
6.589331054687500000e+01 -1.460980415344238281e+01
9.408637237548828125e+01 -4.152748489379882812e+01
1.040135765075683594e+01 8.447360992431640625e+01
9.430780029296875000e+01 -1.452109146118164062e+01
1.061686019897460938e+02 -1.772103691101074219e+01
5.653625106811523438e+01 1.665542411804199219e+01
5.853483676910400391e+00 8.538649749755859375e+01
8.208090209960937500e+01 -4.345809173583984375e+01
-1.185376739501953125e+01 7.385089874267578125e+01
-8.548600196838378906e+00 8.304898834228515625e+01
8.335834503173828125e+01 -6.919771194458007812e+00
2.162221717834472656e+01 7.475339508056640625e+01
7.939510345458984375e+01 -1.027286148071289062e+01
-4.201925277709960938e+01 1.831946372985839844e+01
9.056333160400390625e+01 -3.576346158981323242e+00
4.412070083618164062e+01 -3.414802074432373047e+00
7.044039916992187500e+01 -1.904350471496582031e+01
9.039952087402343750e+01 -3.627058029174804688e+00
2.581834793090820312e+01 7.412955474853515625e+01
4.261127090454101562e+01 -1.379317092895507812e+01
1.295563507080078125e+01 9.244147491455078125e+01
5.711196136474609375e+01 -1.518908500671386719e+01
9.223394775390625000e+01 -2.323528099060058594e+01
9.277171325683593750e+01 -8.207894325256347656e+00
2.073867416381835938e+01 7.617627716064453125e+01
9.505329132080078125e+01 -2.033144760131835938e+01
6.206171417236328125e+01 -2.855998229980468750e+01
6.915350341796875000e+01 1.203968429565429688e+01
9.771504974365234375e+01 -4.162540435791015625e+01
-5.240166091918945312e+01 1.413710975646972656e+01
5.351396179199218750e+01 -1.221477413177490234e+01
6.808962249755859375e+01 -3.096894454956054688e+01
9.934283447265625000e+01 -1.107702541351318359e+01
4.824539661407470703e+00 8.362071990966796875e+01
6.057082748413085938e+01 1.762281990051269531e+01
1.583502292633056641e+01 3.002903938293457031e+01
9.560894775390625000e+01 -1.534937572479248047e+01
8.411646270751953125e+01 -4.258749008178710938e+01
1.007673339843750000e+02 -1.830674743652343750e+01
7.853076171875000000e+01 -1.528783607482910156e+01
-4.330505371093750000e+01 8.072462081909179688e+00
-4.689263916015625000e+01 1.619086074829101562e+01
-7.208994293212890625e+01 -6.651189327239990234e+00
-3.064732360839843750e+01 2.512289237976074219e+01
-7.655040740966796875e+00 7.812828826904296875e+01
6.284724044799804688e+01 1.222306537628173828e+01
9.794697570800781250e+01 -2.986291885375976562e+01
-5.190140724182128906e+00 5.562783241271972656e+00
1.125021362304687500e+01 9.079692077636718750e+01
5.678429412841796875e+01 -1.069663906097412109e+01
1.006720962524414062e+02 -1.027043056488037109e+01
5.678551101684570312e+01 -2.968512153625488281e+01
-7.599800109863281250e+01 -1.571675419807434082e+00
1.041082916259765625e+02 5.811575412750244141e+00
1.032592468261718750e+02 -2.065032196044921875e+01
-5.578026962280273438e+01 2.343958473205566406e+01
5.059535217285156250e+01 -1.757687950134277344e+01
-7.537290096282958984e+00 7.582864761352539062e+00
5.538796997070312500e+01 -2.873576736450195312e+01
7.506291961669921875e+01 -1.236309432983398438e+01
7.146847534179687500e+01 -1.469611263275146484e+01
1.237892246246337891e+01 2.874041175842285156e+01
-6.535443115234375000e+01 -1.628199768066406250e+01
5.488945007324218750e+01 8.230422973632812500e+00
-7.145059967041015625e+01 2.255237579345703125e+01
7.255371093750000000e+01 -1.771031570434570312e+01
8.745829772949218750e+01 -4.616561889648437500e+00
1.490054512023925781e+01 3.306921386718750000e+01
1.012195053100585938e+02 -2.073320198059082031e+01
-5.124199295043945312e+01 -3.780529022216796875e+00
1.074471130371093750e+02 -8.389037132263183594e+00
5.213520812988281250e+01 -2.556155014038085938e+01
1.015072937011718750e+02 -1.930064916610717773e+00
-6.563328552246093750e+01 -3.345811462402343750e+01
4.969786453247070312e+01 7.309411048889160156e+00
-2.377849197387695312e+01 2.161009025573730469e+01
9.252568054199218750e+01 -1.879871559143066406e+01
1.308954834938049316e+00 9.097867584228515625e+01
5.204552459716796875e+01 -6.663551807403564453e+00
8.133516693115234375e+01 3.879415035247802734e+00
5.221665191650390625e+01 -1.472871971130371094e+01
1.054027328491210938e+02 -7.192768573760986328e+00
9.147136688232421875e+01 1.753457069396972656e+00
-9.201761245727539062e+00 6.858337879180908203e+00
8.370840454101562500e+01 -8.059937477111816406e+00
1.920773625373840332e+00 9.281455230712890625e+01
-7.319770812988281250e+01 1.444384574890136719e+01
9.726517486572265625e+01 -2.541707420349121094e+01
7.786721801757812500e+01 -5.521302223205566406e+00
-5.224960327148437500e+01 -4.783831787109375000e+01
4.124349594116210938e+00 8.540960693359375000e+01
7.493991851806640625e+01 -7.032675743103027344e+00
1.069277191162109375e+02 -2.632475280761718750e+01
2.452202796936035156e+01 7.045184326171875000e+01
6.293073272705078125e+01 -1.969548225402832031e+01
-3.934532165527343750e+01 -3.435403060913085938e+01
-3.426716613769531250e+01 -3.168475151062011719e+01
1.020085525512695312e+02 -3.085448265075683594e+01
9.269354248046875000e+01 3.877218961715698242e+00
-4.285082817077636719e+00 7.632228088378906250e+01
7.873829650878906250e+01 -5.679161548614501953e+00
9.492857360839843750e+01 -2.257586669921875000e+01
-1.380613231658935547e+01 -3.483798980712890625e+01
-6.740338134765625000e+01 1.793116950988769531e+01
7.414273738861083984e+00 3.021228599548339844e+01
5.259176635742187500e+01 -2.815378379821777344e+01
-2.068702220916748047e+00 2.333133697509765625e+01
5.799419784545898438e+01 8.010228157043457031e+00
-1.377064704895019531e+01 7.456312179565429688e+00
7.378925323486328125e+01 -7.158907890319824219e+00
1.098316955566406250e+02 -1.154091167449951172e+01
-1.025307178497314453e+00 8.672870635986328125e+01
-7.246174812316894531e-01 6.458850097656250000e+01
-5.829170227050781250e+01 2.384692573547363281e+01
9.611833572387695312e+00 2.882322883605957031e+01
5.404426574707031250e+01 -8.198931217193603516e-01
1.001965942382812500e+02 -6.082928180694580078e+00
5.852304077148437500e+01 -1.658356285095214844e+01
8.611286163330078125e+01 -1.210599303245544434e+00
-7.001227569580078125e+01 -3.870552825927734375e+01
1.020398101806640625e+02 -1.638920974731445312e+01
6.333844375610351562e+01 -1.175660133361816406e+01
4.958168029785156250e+01 -3.795621109008789062e+01
2.874907875061035156e+01 7.685050201416015625e+01
6.477015495300292969e+00 8.663574218750000000e+01
4.892625427246093750e+01 -2.197016525268554688e+01
6.367852687835693359e-01 6.474279022216796875e+01
-6.254485321044921875e+01 -2.480089569091796875e+01
9.681240844726562500e+01 -3.499957275390625000e+01
-6.463983917236328125e+01 1.901030158996582031e+01
8.930909156799316406e+00 8.576048278808593750e+01
8.310055541992187500e+01 1.471929740905761719e+01
1.278468608856201172e+01 8.847529602050781250e+01
9.165446281433105469e+00 9.665843963623046875e+01
7.742107391357421875e+01 -7.728142738342285156e+00
7.509014129638671875e+01 -9.590184211730957031e+00
1.077339019775390625e+02 -1.655089187622070312e+01
9.493523406982421875e+01 -1.655548477172851562e+01
1.003957061767578125e+02 -1.576645755767822266e+01
-3.845941925048828125e+01 2.403878402709960938e+01
9.964231109619140625e+01 -1.068137645721435547e+01
9.806795501708984375e+01 -1.824182891845703125e+01
1.013279342651367188e+02 -6.049316406250000000e+00
7.965826416015625000e+01 -7.737454771995544434e-02
8.125772094726562500e+01 -1.488582611083984375e+01
-1.209247684478759766e+01 -4.665553092956542969e+00
4.499585723876953125e+01 -1.312582111358642578e+01
2.461111068725585938e+01 7.396418762207031250e+01
5.209030914306640625e+01 -1.974183082580566406e+01
7.531460571289062500e+01 -1.523995590209960938e+01
9.898328399658203125e+01 -5.692552566528320312e+00
5.110421752929687500e+01 -1.650601387023925781e+01
3.439429092407226562e+01 3.851483583450317383e+00
8.464083099365234375e+01 -1.284377479553222656e+01
6.900047302246093750e+01 2.512462997436523438e+01
1.125910110473632812e+02 -1.268860054016113281e+01
9.253857421875000000e+01 3.078414201736450195e+00
5.303583526611328125e+01 1.207953169941902161e-01
-5.345680618286132812e+01 6.313058853149414062e+00
5.704265213012695312e+01 -2.185149192810058594e+01
6.125877380371093750e+01 7.163400948047637939e-02
1.145546340942382812e+02 -2.511227798461914062e+01
8.081903076171875000e+01 2.952288091182708740e-01
1.036633377075195312e+02 5.018210887908935547e+00
6.935401439666748047e+00 8.447909545898437500e+01
1.034010925292968750e+02 -7.788088321685791016e+00
9.426139831542968750e+01 -4.980067253112792969e+00
1.013647308349609375e+02 -2.022630882263183594e+01
-7.329426288604736328e+00 9.435506820678710938e+00
9.576319122314453125e+01 -3.746099853515625000e+01
5.309953689575195312e+01 1.189386558532714844e+01
1.113607864379882812e+02 -1.078084278106689453e+01
6.380498123168945312e+01 -1.815028190612792969e+01
7.556941223144531250e+01 -1.524344635009765625e+01
1.153711929321289062e+02 -2.400449562072753906e+01
5.080240249633789062e+01 -1.845558166503906250e+01
4.264263629913330078e+00 9.367838287353515625e+01
-3.948311233520507812e+01 1.956162071228027344e+01
9.936388969421386719e+00 8.843457794189453125e+01
1.013868637084960938e+02 -3.779275512695312500e+01
2.366897344589233398e+00 7.849494171142578125e+01
1.620965385437011719e+01 8.395966339111328125e+01
8.115447998046875000e+00 8.638302612304687500e+01
-6.109845733642578125e+01 -9.127346992492675781e+00
5.287240982055664062e+01 -9.749572753906250000e+00
9.144692993164062500e+01 -3.261091613769531250e+01
3.053641796112060547e+00 9.415233612060546875e+01
-4.264792251586914062e+01 -2.123435783386230469e+01
4.842610549926757812e+01 -2.409570455551147461e+00
5.645694732666015625e+00 8.716310882568359375e+01
8.096005249023437500e+01 -2.092714118957519531e+01
5.425907135009765625e+01 -2.754874420166015625e+01
5.616770935058593750e+01 -1.136236381530761719e+01
-3.220468521118164062e+00 7.419886016845703125e+01
3.268192291259765625e+01 3.047722816467285156e+00
2.103358078002929688e+01 7.544529724121093750e+01
1.992152786254882812e+01 8.001036834716796875e+01
-1.143372726440429688e+01 7.710482025146484375e+01
7.498107910156250000e+01 -1.159335422515869141e+01
2.136187934875488281e+01 7.629846191406250000e+01
1.382628059387207031e+01 8.344044494628906250e+01
-8.786309242248535156e+00 7.921769714355468750e+01
4.510252761840820312e+01 -1.404271984100341797e+01
2.376901245117187500e+01 7.848118591308593750e+01
-3.832699775695800781e+00 8.080363464355468750e+01
-1.589518547058105469e+00 9.157641601562500000e+01
5.215203762054443359e+00 9.122414398193359375e+01
-8.403614807128906250e+01 2.642064285278320312e+01
7.615461730957031250e+01 -5.920791625976562500e+00
-6.706432342529296875e+01 1.545854949951171875e+01
1.009067993164062500e+02 -3.023446083068847656e+01
1.053857650756835938e+02 -1.805505180358886719e+01
5.970731735229492188e+01 -2.004351425170898438e+01
1.818136978149414062e+01 7.425461578369140625e+01
2.522774887084960938e+01 7.373007965087890625e+01
-5.348307800292968750e+01 1.173606395721435547e+01
6.125963973999023438e+01 1.837733650207519531e+01
5.082135009765625000e+01 1.516266822814941406e+01
6.186665344238281250e+01 -2.760963058471679688e+01
-7.760853767395019531e+00 -1.990407752990722656e+01
7.486564636230468750e+01 -2.148688316345214844e+01
5.840278625488281250e+01 -2.006822395324707031e+01
-5.939599990844726562e+01 1.962723922729492188e+01
1.147970733642578125e+02 -1.610100555419921875e+01
5.745209503173828125e+01 -2.431235885620117188e+01
9.425579071044921875e+01 -3.591778182983398438e+01
-8.238358306884765625e+01 1.958237457275390625e+01
1.152374744415283203e+01 8.732118988037109375e+01
9.904152679443359375e+01 -2.778108978271484375e+01
-5.151711273193359375e+01 -3.133023071289062500e+01
4.237199020385742188e+01 -3.530167770385742188e+01
7.536414337158203125e+01 -4.350252151489257812e+00
-3.394232559204101562e+01 -3.594011688232421875e+01
8.526899337768554688e+00 2.273096275329589844e+01
9.415769958496093750e+01 -4.177142333984375000e+01
1.036049747467041016e+01 3.140654563903808594e+01
4.581933593750000000e+01 -8.636425018310546875e+00
-8.725747680664062500e+01 2.086535263061523438e+01
-7.063631057739257812e+00 7.955759429931640625e+01
-1.117288684844970703e+01 -9.147983551025390625e+00
1.050045776367187500e+02 -2.115145301818847656e+01
8.235730743408203125e+01 6.045366287231445312e+00
7.054104804992675781e+00 3.624997329711914062e+01
8.641918182373046875e+01 -1.630781555175781250e+01
2.772311401367187500e+01 7.465640258789062500e+01
4.485919952392578125e+00 8.182643890380859375e+01
-4.512703323364257812e+01 3.544136047363281250e+01
8.169345855712890625e+00 2.789207458496093750e+01
1.138610534667968750e+02 -1.231504154205322266e+01
3.913557767868041992e+00 6.058826065063476562e+01
5.573608016967773438e+01 -1.180446052551269531e+01
-5.504612350463867188e+01 -3.644165420532226562e+01
5.652819442749023438e+01 -1.291039466857910156e+01
5.940110397338867188e+01 -7.729129314422607422e+00
5.046694564819335938e+01 -1.299714660644531250e+01
7.889440155029296875e+01 -1.032233524322509766e+01
1.034035110473632812e+02 4.551015853881835938e+00
9.360197448730468750e+01 -4.224469757080078125e+01
1.003397846221923828e+01 8.577419281005859375e+01
-1.440840840339660645e+00 8.530303955078125000e+01
8.282072448730468750e+01 1.007822608947753906e+01
1.333657860755920410e+00 6.959145355224609375e+01
5.734963989257812500e+01 -1.055191040039062500e+01
5.727329254150390625e+01 -9.204624891281127930e-01
8.052572631835937500e+01 1.202485942840576172e+01
-4.043208312988281250e+01 7.552309513092041016e+00
2.117810440063476562e+01 7.154639434814453125e+01
5.549419021606445312e+01 1.517040133476257324e+00
4.914785766601562500e+01 1.111503314971923828e+01
7.143730926513671875e+01 -3.989478588104248047e+00
5.982551193237304688e+01 -2.544371843338012695e+00
8.149731445312500000e+01 1.056525039672851562e+01
8.391227722167968750e+01 -1.441768169403076172e+01
-1.794618129730224609e+00 7.431345367431640625e+01
5.527970504760742188e+01 -3.814216232299804688e+01
7.499640655517578125e+01 -9.530242919921875000e+00
-3.105835342407226562e+01 8.993644714355468750e+00
1.151818656921386719e+01 3.008610725402832031e+01
8.343720245361328125e+01 -5.013172626495361328e+00
4.920990371704101562e+01 9.688464164733886719e+00
-7.495007514953613281e+00 1.724330711364746094e+01
-3.020203411579132080e-01 8.819553375244140625e+01
5.187457275390625000e+01 -3.873404312133789062e+01
-4.919896316528320312e+01 -2.261617469787597656e+01
-2.282759904861450195e+00 7.110161590576171875e+01
-7.890637969970703125e+01 2.904815864562988281e+01
5.655988311767578125e+01 -3.310585403442382812e+01
7.986730194091796875e+01 -9.682939052581787109e-01
4.789887619018554688e+01 -2.436464500427246094e+01
5.463236618041992188e+01 6.456180572509765625e+00
6.395260620117187500e+01 -9.925342559814453125e+00
8.084635734558105469e+00 9.208436584472656250e+01
1.044509963989257812e+02 -1.862113380432128906e+01
7.625429534912109375e+01 1.660744094848632812e+01
5.979899597167968750e+01 -1.449853134155273438e+01
-1.935751914978027344e+01 -2.501817893981933594e+01
9.886463165283203125e+00 8.665000152587890625e+01
4.950191116333007812e+01 -1.339043140411376953e+01
8.629721641540527344e+00 7.800887298583984375e+01
9.776826477050781250e+01 -3.617403793334960938e+01
-7.927676677703857422e+00 7.473713684082031250e+01
5.862459659576416016e+00 8.255686950683593750e+01
-8.336859893798828125e+01 1.972225379943847656e+01
7.301842498779296875e+01 8.818327903747558594e+00
9.745136260986328125e+01 -2.984556198120117188e+01
-2.257094860076904297e+00 8.869393920898437500e+01
5.883961105346679688e+01 -2.446881866455078125e+01
5.312860870361328125e+01 6.489556789398193359e+00
-8.469260406494140625e+01 2.133684158325195312e+01
1.060859527587890625e+02 -1.618743705749511719e+01
8.497586059570312500e+01 2.171484708786010742e+00
1.845054626464843750e+01 7.687936401367187500e+01
8.457574462890625000e+01 9.255419731140136719e+00
-6.260298919677734375e+01 -2.321619606018066406e+01
6.074955368041992188e+01 2.097183799743652344e+01
-8.061901092529296875e+01 1.871094322204589844e+01
-7.319154357910156250e+01 -9.638196945190429688e+00
8.193617820739746094e+00 3.067986297607421875e+01
7.115450286865234375e+01 -1.112781524658203125e+01
9.901015281677246094e+00 2.588026809692382812e+01
-8.130677032470703125e+01 1.687640571594238281e+01
8.708934020996093750e+01 -6.058670043945312500e+00
-1.218050360679626465e+00 8.778441619873046875e+01
4.640762329101562500e+01 -3.220231246948242188e+01
5.800508117675781250e+01 3.673416614532470703e+00
4.877804565429687500e+01 -3.784219026565551758e+00
-2.233170127868652344e+01 -1.690544319152832031e+01
-4.146739482879638672e+00 9.066062164306640625e+01
-4.537150573730468750e+01 2.413574600219726562e+01
-8.100941467285156250e+01 2.944271469116210938e+01
1.169447784423828125e+02 -1.594944286346435547e+01
-4.351552486419677734e+00 8.587847137451171875e+01
9.714430236816406250e+01 -1.652843856811523438e+01
5.794570541381835938e+01 1.196930527687072754e+00
1.227368259429931641e+01 2.710388755798339844e+01
-1.806025123596191406e+01 -1.149661064147949219e+01
-7.838761329650878906e+00 6.018614196777343750e+01
8.331748962402343750e+01 5.659426212310791016e+00
6.650571441650390625e+01 -2.148904991149902344e+01
1.986935806274414062e+01 7.425794219970703125e+01
5.734101772308349609e+00 3.293913650512695312e+01
7.033805084228515625e+01 2.465629577636718750e+01
-9.098338127136230469e+00 1.209836959838867188e+00
1.319393157958984375e+01 8.788291168212890625e+01
-8.169416809082031250e+01 2.831407737731933594e+01
5.545417070388793945e-01 7.118482971191406250e+01
-1.098034095764160156e+01 7.378398132324218750e+01
1.244111061096191406e+00 8.806272125244140625e+01
5.359426879882812500e+01 -1.319847583770751953e+01
7.438658905029296875e+01 -2.145586967468261719e+01
3.493542861938476562e+01 3.836313486099243164e+00
-8.322532653808593750e+01 2.395605087280273438e+01
8.357344627380371094e+00 6.784546661376953125e+01
5.379154205322265625e+01 -8.259649872779846191e-01
5.780163574218750000e+01 -2.885478019714355469e+01
7.369849395751953125e+01 -9.354654312133789062e+00
1.063123397827148438e+02 -2.689184761047363281e+01
6.330895996093750000e+01 -1.743984985351562500e+01
9.413227081298828125e+01 -6.268610954284667969e+00
9.472772979736328125e+01 -3.846220397949218750e+01
-3.961792755126953125e+01 2.033531951904296875e+01
-6.269002532958984375e+01 -3.825039291381835938e+01
5.757041931152343750e+01 -2.717322540283203125e+01
-1.421753597259521484e+01 -7.108582019805908203e+00
6.201157760620117188e+01 -2.630824279785156250e+01
2.046183586120605469e+01 7.925701904296875000e+01
8.188461303710937500e+01 9.317248344421386719e+00
-7.973970031738281250e+01 2.728054046630859375e+01
5.063050460815429688e+01 8.485683441162109375e+00
-4.075517654418945312e+01 -1.716801643371582031e+01
-4.960078430175781250e+01 -1.448984336853027344e+01
-7.981301879882812500e+01 2.330722808837890625e+01
9.205371856689453125e+01 -5.648735523223876953e+00
9.745648384094238281e+00 9.314656066894531250e+01
1.000242538452148438e+02 -1.594079685211181641e+01
-6.647424316406250000e+01 1.281646442413330078e+01
6.034103775024414062e+01 -2.377365493774414062e+01
-3.547222518920898438e+01 -3.059952354431152344e+01
-1.896085739135742188e+01 -2.127743959426879883e+00
1.049750366210937500e+02 -2.390888977050781250e+01
9.242934417724609375e+01 4.376358032226562500e+00
4.769017696380615234e+00 8.565020751953125000e+01
-2.466941595077514648e+00 8.723602294921875000e+01
2.599690437316894531e+01 7.531630706787109375e+01
1.081613006591796875e+02 -1.593845272064208984e+01
1.234701824188232422e+01 8.612798309326171875e+01
-1.033895969390869141e+01 7.476715850830078125e+01
1.117019748687744141e+01 3.052558898925781250e+01
5.567693710327148438e+01 2.710564613342285156e+00
1.732840347290039062e+01 8.693662261962890625e+01
4.710838317871093750e+01 -3.176637458801269531e+01
3.957340478897094727e+00 7.313290405273437500e+01
5.452080535888671875e+01 6.293916225433349609e+00
-9.467329978942871094e+00 7.846989440917968750e+01
1.017051391601562500e+02 -1.308615589141845703e+01
5.169919204711914062e+01 -3.068853569030761719e+01
-6.236799240112304688e+01 2.908710479736328125e+01
8.360174560546875000e+01 9.789615631103515625e+00
1.145579681396484375e+02 -1.460354709625244141e+01
6.769758224487304688e+00 9.230772399902343750e+01
5.931757354736328125e+01 1.733393287658691406e+01
7.206156158447265625e+01 -3.086852264404296875e+01
4.267827224731445312e+01 -2.517385292053222656e+01
-5.203389644622802734e+00 8.006940460205078125e+01
7.819599151611328125e+01 -4.244946002960205078e+00
4.702165985107421875e+01 -2.316969680786132812e+01
-2.907908678054809570e+00 7.611318206787109375e+01
7.500231933593750000e+01 1.364914321899414062e+01
4.286157989501953125e+01 -1.486021518707275391e+01
-1.065874004364013672e+01 7.826118469238281250e+01
1.592551946640014648e+00 7.399814605712890625e+01
-1.482419133186340332e+00 7.344925689697265625e+01
-5.150878906250000000e+00 7.556940460205078125e+01
2.419686126708984375e+01 7.495388793945312500e+01
5.862359523773193359e+00 8.433229827880859375e+01
7.246069335937500000e+01 -8.741907119750976562e+00
-9.479436874389648438e+00 7.722154998779296875e+01
5.894888305664062500e+01 1.045284461975097656e+01
1.265980052947998047e+01 8.117227172851562500e+01
9.439343261718750000e+01 -2.104080772399902344e+01
7.065072631835937500e+01 -1.434437155723571777e+00
9.474755078554153442e-02 8.455871582031250000e+01
6.538015747070312500e+01 -1.235381984710693359e+01
1.010083618164062500e+02 -1.838797378540039062e+01
-8.476234436035156250e+01 2.942005538940429688e+01
1.054293365478515625e+02 -2.005435943603515625e+01
-7.016049194335937500e+01 2.935047149658203125e+00
1.329279613494873047e+01 3.227563858032226562e+01
1.085854339599609375e+02 -8.251899719238281250e+00
-5.393876552581787109e+00 8.363088226318359375e+01
6.876734733581542969e+00 8.833703613281250000e+01
-5.508619308471679688e+01 -1.632619476318359375e+01
8.173149108886718750e+01 -4.358767318725585938e+01
-8.545729827880859375e+01 3.026955604553222656e+01
-8.875352859497070312e+00 -1.738036155700683594e+01
-9.767213821411132812e+00 7.269256591796875000e+01
-4.766120529174804688e+01 1.762222671508789062e+01
-2.692396545410156250e+01 -1.367830085754394531e+01
-1.068756103515625000e+01 -1.630810737609863281e+01
7.600450038909912109e+00 7.993203735351562500e+01
7.182234954833984375e+01 6.647596836090087891e+00
5.478989791870117188e+01 -2.933144187927246094e+01
1.480291557312011719e+01 8.476171112060546875e+01
-3.473796081542968750e+01 -2.425443458557128906e+01
-7.503187656402587891e+00 1.695564079284667969e+01
-6.554382324218750000e+01 -4.700432300567626953e+00
-6.117852020263671875e+01 -1.053849029541015625e+01
9.690367889404296875e+01 -3.759208679199218750e+01
6.746205806732177734e+00 8.241458892822265625e+01
4.639828872680664062e+01 -2.450424957275390625e+01
1.047157516479492188e+02 -2.364056587219238281e+01
2.293378639221191406e+01 7.295531463623046875e+01
1.025900650024414062e+02 -2.342714500427246094e+01
5.640933990478515625e+01 -3.289638137817382812e+01
-4.073717594146728516e+00 9.047262573242187500e+01
1.917153549194335938e+01 7.424948120117187500e+01
1.579779911041259766e+01 8.720603942871093750e+01
-6.942943572998046875e+00 7.937245941162109375e+01
7.463549804687500000e+01 -3.642969846725463867e+00
5.503918075561523438e+01 9.676080703735351562e+00
-2.969588851928710938e+01 -7.869819641113281250e+00
2.289918136596679688e+01 7.011420440673828125e+01
1.003387756347656250e+02 -2.729675292968750000e+01
8.329502868652343750e+01 1.058085155487060547e+01
9.611605834960937500e+01 -1.364457893371582031e+01
1.194430084228515625e+02 -1.220770645141601562e+01
-6.007062911987304688e+01 -1.701854896545410156e+01
-1.414915466308593750e+01 7.033811569213867188e+00
-4.005856323242187500e+01 3.275218200683593750e+01
4.365346145629882812e+01 -2.493711662292480469e+01
9.190470123291015625e+01 -1.560804462432861328e+01
5.794886779785156250e+01 -2.693105125427246094e+01
5.356449508666992188e+01 -3.813704299926757812e+01
4.727084350585937500e+01 -1.362343025207519531e+01
7.580548095703125000e+01 1.596168994903564453e+01
-6.598468780517578125e+01 1.874367332458496094e+01
7.519001770019531250e+01 -7.576675415039062500e+00
6.347413635253906250e+01 -1.942312431335449219e+01
-8.101422882080078125e+01 2.895763587951660156e+01
7.192070770263671875e+01 6.019740700721740723e-01
-5.243552017211914062e+01 2.213242721557617188e+01
8.160367584228515625e+01 5.169934630393981934e-01
7.588951110839843750e+01 -2.026627540588378906e+01
-2.724760818481445312e+01 -1.125861072540283203e+01
8.590265655517578125e+01 -5.929372310638427734e+00
-6.249007034301757812e+01 -3.063291311264038086e+00
5.216397857666015625e+01 -1.443994808197021484e+01
-1.873160749673843384e-01 7.814531707763671875e+01
-1.403299808502197266e+01 -2.683083343505859375e+01
2.786785125732421875e+00 8.591502380371093750e+01
1.090353698730468750e+02 -2.233700180053710938e+01
2.030200719833374023e+00 6.300249099731445312e+01
1.173165588378906250e+02 -1.217779827117919922e+01
8.750539398193359375e+01 -1.616055488586425781e+01
5.948194122314453125e+01 1.794654655456542969e+01
3.251127481460571289e+00 7.125875854492187500e+01
1.167426528930664062e+02 -1.392921161651611328e+01
5.670413970947265625e+01 -3.425857162475585938e+01
-5.294889450073242188e+01 -2.007939147949218750e+01
8.611054992675781250e+01 -1.313230895996093750e+01
7.616629791259765625e+01 -1.060350036621093750e+01
1.521554183959960938e+01 3.045382499694824219e+01
7.160797119140625000e+01 6.802994728088378906e+00
-1.737743973731994629e+00 6.904560852050781250e+01
5.511803150177001953e+00 2.888095664978027344e+01
2.282485580444335938e+01 7.267993164062500000e+01
5.292914581298828125e+01 -1.998368620872497559e+00
5.322596740722656250e+01 -2.366432762145996094e+01
-5.294684600830078125e+01 2.004603195190429688e+01
-8.473010253906250000e+01 2.130723571777343750e+01
6.258982467651367188e+01 -4.013952732086181641e+00
-8.642669677734375000e+00 7.811309051513671875e+01
7.754355621337890625e+01 -9.333000183105468750e+00
4.685562133789062500e+00 8.680512237548828125e+01
-4.858718490600585938e+01 1.796413612365722656e+01
-4.388182449340820312e+01 2.755094337463378906e+01
9.796291351318359375e+01 -1.816289710998535156e+01
8.630202484130859375e+01 -1.362237930297851562e+00
-4.968074035644531250e+01 -1.955896186828613281e+01
9.690368652343750000e+00 8.772164916992187500e+01
1.226320743560791016e+01 3.089736747741699219e+01
8.389382171630859375e+01 -2.944429218769073486e-01
6.300839614868164062e+01 -1.103042793273925781e+01
-8.456697463989257812e+00 7.159185791015625000e+01
7.602649688720703125e+01 -6.095454216003417969e+00
-5.218648910522460938e+01 2.666027832031250000e+01
9.434474182128906250e+01 -1.446401691436767578e+01
-2.175365257263183594e+01 9.069375038146972656e+00
1.085162429809570312e+02 -2.222616004943847656e+01
6.428624725341796875e+01 6.173944950103759766e+00
-7.766174316406250000e+01 1.772697257995605469e+01
-1.215071773529052734e+01 5.684198856353759766e+00
9.428060913085937500e+01 -8.572405576705932617e-01
5.960210418701171875e+01 8.751185417175292969e+00
8.054104614257812500e+01 -2.299553680419921875e+01
2.017485237121582031e+01 7.303877258300781250e+01
9.335325622558593750e+01 -5.025309562683105469e+00
9.099065399169921875e+01 -7.915021419525146484e+00
9.336952972412109375e+01 -2.068418884277343750e+01
6.693726062774658203e+00 8.733480072021484375e+01
-7.282853698730468750e+01 -2.183929443359375000e+00
5.412657928466796875e+01 -2.647900962829589844e+01
1.354899311065673828e+01 2.754258537292480469e+01
-6.990063190460205078e+00 7.628102779388427734e+00
9.404656410217285156e+00 2.994375038146972656e+01
4.194687652587890625e+01 -1.492430686950683594e+01
1.050497360229492188e+02 -1.727374076843261719e+01
1.910049676895141602e+00 7.758483123779296875e+01
1.138519439697265625e+02 -1.623867797851562500e+01
8.160890960693359375e+01 1.130693531036376953e+01
5.333508300781250000e+01 -9.046664237976074219e+00
1.117617263793945312e+02 -8.429205894470214844e+00
2.212904548645019531e+01 7.880527496337890625e+01
1.196821060180664062e+02 -1.166051101684570312e+01
6.886534118652343750e+01 2.525596618652343750e+01
2.297371673583984375e+01 7.014378356933593750e+01
5.363080215454101562e+01 -3.816349411010742188e+01
5.205872726440429688e+01 -3.630185317993164062e+01
9.805239105224609375e+01 -3.272917175292968750e+01
-6.266870021820068359e+00 7.789754486083984375e+01
5.373119354248046875e+01 1.046463680267333984e+01
1.650907897949218750e+01 7.574958038330078125e+01
-4.527792358398437500e+01 2.355485725402832031e+01
1.168379592895507812e+01 2.962786102294921875e+01
9.402963256835937500e+01 -6.888071060180664062e+00
1.602194404602050781e+01 8.482212066650390625e+01
1.109061737060546875e+02 -1.064997768402099609e+01
-1.327031326293945312e+01 7.356499481201171875e+01
1.108881664276123047e+01 8.997444915771484375e+01
9.873698425292968750e+01 -3.786086273193359375e+01
6.365588378906250000e+01 8.663841247558593750e+00
4.860770797729492188e+01 -8.337559700012207031e+00
-1.231157970428466797e+01 7.242018890380859375e+01
-7.685021209716796875e+01 2.683356285095214844e+01
5.979999542236328125e+00 9.009982299804687500e+01
6.915452480316162109e-01 7.754095458984375000e+01
-7.657355499267578125e+01 -1.562458610534667969e+01
6.684084320068359375e+01 -1.179787921905517578e+01
1.958806800842285156e+01 6.874523925781250000e+01
-1.475409793853759766e+01 7.696404933929443359e+00
5.864632415771484375e+01 1.011093807220458984e+01
2.670853233337402344e+01 7.386687469482421875e+01
-1.466439437866210938e+01 -2.618486022949218750e+01
-6.107901000976562500e+01 1.150654411315917969e+01
7.972394466400146484e+00 2.881718254089355469e+01
-5.493790817260742188e+01 -4.290825653076171875e+01
-1.127051830291748047e+01 7.585455417633056641e+00
4.950326538085937500e+01 -3.795007324218750000e+01
3.889829874038696289e+00 8.661027526855468750e+01
8.023290252685546875e+01 -1.236782741546630859e+01
9.107885360717773438e+00 3.228269577026367188e+01
5.460390472412109375e+01 -1.692368125915527344e+01
1.311135387420654297e+01 3.388507080078125000e+01
1.177032318115234375e+02 -1.237185573577880859e+01
6.168056106567382812e+01 1.954075813293457031e+01
5.067327880859375000e+01 -1.868121147155761719e+01
-7.102937316894531250e+01 -1.050990581512451172e+00
5.103324413299560547e+00 8.302406311035156250e+01
7.308128356933593750e+01 -2.245736312866210938e+01
9.308293151855468750e+01 -2.057113456726074219e+01
2.520356178283691406e+00 7.934868621826171875e+01
2.136448860168457031e+01 7.922692871093750000e+01
7.269382476806640625e+01 2.651602983474731445e+00
7.611234283447265625e+01 -3.357530593872070312e+01
3.090687751770019531e+01 2.382306098937988281e+00
5.706456756591796875e+01 9.328370094299316406e+00
3.152018928527832031e+01 3.276148557662963867e+00
1.078068065643310547e+01 8.163204193115234375e+01
6.562330627441406250e+01 -7.884206771850585938e+00
8.259204864501953125e+01 -1.612247347831726074e+00
1.025852012634277344e+01 2.840528488159179688e+01
7.892055511474609375e+01 3.764769315719604492e+00
1.099477081298828125e+02 -1.073308658599853516e+01
9.498928070068359375e+01 -1.420175743103027344e+01
-1.116580772399902344e+01 7.418997955322265625e+01
-3.440243148803710938e+01 -2.607950210571289062e+01
8.385367584228515625e+01 -3.926935195922851562e+00
4.082602310180664062e+01 -6.484519481658935547e+00
5.750572204589843750e+00 8.021936798095703125e+01
6.312088966369628906e+00 7.288707733154296875e+01
-7.205648040771484375e+01 -3.298271942138671875e+01
2.233132362365722656e+01 7.681721496582031250e+01
-3.384345054626464844e+00 7.492545318603515625e+01
9.373267173767089844e+00 8.476007843017578125e+01
2.777085876464843750e+01 7.826168823242187500e+01
4.271979141235351562e+01 3.257615089416503906e+00
8.213628768920898438e+00 8.390120697021484375e+01
-4.782524490356445312e+01 -1.668983840942382812e+01
7.601396179199218750e+01 1.172361278533935547e+01
3.313134193420410156e+00 8.267570495605468750e+01
1.255044460296630859e+01 2.921860122680664062e+01
2.861614608764648438e+01 7.344585418701171875e+01
6.303498840332031250e+01 -1.191871929168701172e+01
1.551210594177246094e+01 8.225151824951171875e+01
9.469871520996093750e+01 -1.575549602508544922e+01
-7.622382354736328125e+01 1.562615871429443359e+01
4.489421081542968750e+01 -2.541140174865722656e+01
6.300408554077148438e+01 -2.455407333374023438e+01
5.645004272460937500e+00 6.917070007324218750e+01
-1.996628403663635254e+00 6.423172760009765625e+01
1.115667190551757812e+02 -8.472443580627441406e+00
5.933971881866455078e+00 3.670699691772460938e+01
6.151959991455078125e+01 -2.902377891540527344e+01
-7.870258688926696777e-01 7.766545867919921875e+01
1.070158123970031738e+00 6.258415222167968750e+01
-2.989474534988403320e-01 8.675011444091796875e+01
1.010267028808593750e+02 -3.762594985961914062e+01
6.837998962402343750e+01 9.683936119079589844e+00
-7.926679611206054688e+00 -1.784022903442382812e+01
7.728399276733398438e+00 7.665448760986328125e+01
6.707185745239257812e+00 8.514418029785156250e+01
9.423638153076171875e+01 -1.070784950256347656e+01
-1.213231921195983887e+00 9.364138031005859375e+01
5.948810100555419922e+00 7.355956268310546875e+01
-7.905892181396484375e+01 1.925922966003417969e+01
8.640103149414062500e+01 -7.745756626129150391e+00
-6.368561553955078125e+01 -4.845048904418945312e+00
-5.726765441894531250e+01 -1.452507209777832031e+01
1.709593772888183594e+01 8.496386718750000000e+01
-7.628331756591796875e+01 1.724210166931152344e+01
1.013374252319335938e+02 -3.071278953552246094e+01
6.207469940185546875e+01 9.245812416076660156e+00
8.243718719482421875e+01 -1.211990165710449219e+01
8.267269897460937500e+01 -8.449908256530761719e+00
-6.036533355712890625e+01 8.492441177368164062e+00
1.019212493896484375e+02 -1.687827301025390625e+01
6.992694091796875000e+01 2.357086181640625000e+01
3.956461906433105469e+00 7.824147796630859375e+01
2.195575523376464844e+01 7.301077270507812500e+01
5.441941452026367188e+01 1.132326030731201172e+01
9.530083465576171875e+01 -6.978338241577148438e+00
6.356083679199218750e+01 7.038957595825195312e+00
5.703739547729492188e+01 -2.268104171752929688e+01
9.046673178672790527e-01 7.652867889404296875e+01
6.561816406250000000e+01 -7.846397399902343750e+00
-1.101564541459083557e-01 6.910614776611328125e+01
-1.180787181854248047e+01 7.491675567626953125e+01
-1.226151466369628906e+01 7.658888244628906250e+01
-5.693854904174804688e+01 -2.632238006591796875e+01
9.335491943359375000e+01 -5.269498825073242188e+00
1.497178554534912109e+01 8.773338317871093750e+01
3.285485458374023438e+01 1.986835122108459473e+00
-7.272373199462890625e+01 -1.190690994262695312e+00
9.641189575195312500e+01 -1.507079792022705078e+01
8.702793884277343750e+01 -1.586122894287109375e+01
-7.685584425926208496e-01 7.711384582519531250e+01
-9.642249107360839844e+00 7.534759521484375000e+01
9.523244476318359375e+01 2.685172796249389648e+00
-1.119766044616699219e+01 9.330257415771484375e+00
-1.314647912979125977e+00 7.860545349121093750e+01
-4.757402420043945312e+01 -2.139253997802734375e+01
-3.636878585815429688e+01 3.614759445190429688e+00
6.330570220947265625e+00 2.545204925537109375e+01
-4.782464218139648438e+01 2.098473739624023438e+01
9.277073669433593750e+01 -1.025152778625488281e+01
2.569403457641601562e+01 7.712396240234375000e+01
8.052780914306640625e+01 -6.632002353668212891e+00
1.984829330444335938e+01 7.788733673095703125e+01
1.519012832641601562e+01 9.047413635253906250e+01
9.846652221679687500e+01 -3.822919845581054688e+01
7.474132537841796875e+01 2.817133367061614990e-01
6.320683002471923828e+00 8.560993194580078125e+01
6.212633609771728516e+00 3.120597457885742188e+01
7.613867950439453125e+01 -3.354938507080078125e+01
5.424164199829101562e+01 -2.096764183044433594e+01
6.266588592529296875e+01 -3.424206972122192383e+00
-3.227414608001708984e+00 6.928752899169921875e+01
-1.065673732757568359e+01 7.646504211425781250e+01
-4.375402450561523438e+01 -3.143997764587402344e+01
-5.540116786956787109e+00 8.765264892578125000e+01
6.944602966308593750e+01 6.986143589019775391e+00
6.326587677001953125e+01 7.269405841827392578e+00
6.182234191894531250e+01 1.785889625549316406e+01
8.236142730712890625e+01 -1.624366879463195801e+00
3.114681816101074219e+01 2.898630380630493164e+00
1.010255661010742188e+02 2.699546813964843750e-01
5.907931327819824219e+00 8.802008056640625000e+01
9.307061004638671875e+01 -3.673889541625976562e+01
4.611502075195312500e+01 -1.094068050384521484e+01
-6.039551258087158203e+00 7.804831695556640625e+01
1.184396057128906250e+02 -9.757399559020996094e+00
1.159175796508789062e+02 -1.516571521759033203e+01
-3.910823059082031250e+01 -2.773330116271972656e+01
-4.732878494262695312e+01 2.312325096130371094e+01
2.259834861755371094e+01 7.623162078857421875e+01
-8.562174224853515625e+01 2.775237846374511719e+01
7.847779846191406250e+01 1.782284140586853027e+00
2.210135650634765625e+01 7.811682891845703125e+01
-9.823851585388183594e+00 7.399009704589843750e+01
9.996441650390625000e+01 -2.284693717956542969e+01
5.283435821533203125e+01 -3.585768508911132812e+01
9.450536346435546875e+01 3.389003992080688477e+00
7.736672401428222656e+00 7.570974731445312500e+01
7.035894012451171875e+01 2.362738609313964844e+01
-5.734603881835937500e+01 -5.946884155273437500e+00
8.177742004394531250e+01 7.036134719848632812e+00
-6.978112697601318359e+00 -4.655140340328216553e-01
6.942791748046875000e+01 2.507360458374023438e+00
5.473773574829101562e+01 -1.368300914764404297e+00
7.769318103790283203e+00 9.004062652587890625e+01
8.294432830810546875e+01 -1.189108610153198242e+00
9.408088684082031250e+01 4.675806999206542969e+00
8.651448822021484375e+01 -1.013759899139404297e+01
8.596772766113281250e+01 -1.934878540039062500e+01
6.441376495361328125e+01 9.171272277832031250e+00
6.417659759521484375e+01 -1.165721321105957031e+01
-1.370741462707519531e+01 1.040656948089599609e+01
-5.634945678710937500e+01 2.904147529602050781e+01
-1.146309375762939453e+01 7.371996307373046875e+01
8.161572265625000000e+01 1.469667077064514160e+00
8.495077514648437500e+01 -4.280519104003906250e+01
2.634429740905761719e+01 7.654939270019531250e+01
-5.188425064086914062e+01 -2.224403190612792969e+01
5.325411224365234375e+01 -3.788845825195312500e+01
-6.002820587158203125e+01 -2.333535194396972656e+01
9.917942047119140625e+01 -3.087525939941406250e+01
7.245462799072265625e+01 3.498922109603881836e+00
1.018891429901123047e+01 2.993871879577636719e+01
9.478607177734375000e+00 8.410929870605468750e+01
2.034118843078613281e+01 7.504724121093750000e+01
1.100909328460693359e+01 2.705642890930175781e+01
-7.296685028076171875e+01 2.051482200622558594e+00
8.673297882080078125e+00 9.065554046630859375e+01
-2.677938938140869141e+00 8.132212829589843750e+01
2.193185806274414062e+01 7.270766448974609375e+01
3.949831008911132812e+00 9.385128784179687500e+01
7.680091094970703125e+01 -8.534770011901855469e+00
-1.658575534820556641e+00 6.924492645263671875e+01
8.279622650146484375e+01 -2.149187469482421875e+01
4.270558547973632812e+01 3.268250226974487305e+00
7.385474205017089844e+00 9.851778411865234375e+01
3.985223531723022461e+00 7.823641204833984375e+01
8.055015563964843750e+01 9.267186164855957031e+00
6.896099090576171875e+01 2.348826789855957031e+01
-8.678391265869140625e+01 2.580479240417480469e+01
6.855537414550781250e+01 1.102394866943359375e+01
-7.943331146240234375e+01 1.753551292419433594e+01
9.186661529541015625e+01 -2.275030326843261719e+01
3.221270370483398438e+01 3.642254114151000977e+00
1.017477512359619141e+01 3.257061767578125000e+01
1.212128925323486328e+01 8.327431488037109375e+01
2.546572113037109375e+01 7.258477020263671875e+01
5.330193328857421875e+01 1.082833385467529297e+01
5.479111862182617188e+01 1.330514717102050781e+01
-2.854347229003906250e+01 1.262660980224609375e+01
-2.339263725280761719e+01 -4.814935684204101562e+00
7.156282806396484375e+01 8.486567735671997070e-01
-6.059516525268554688e+01 -2.240808868408203125e+01
-2.975913524627685547e+00 8.934949040412902832e-01
-3.734603500366210938e+01 1.857136917114257812e+01
-8.617714691162109375e+01 2.037381172180175781e+01
2.368782424926757812e+01 7.583851623535156250e+01
-7.677004337310791016e+00 7.205047607421875000e+01
-1.413588809967041016e+01 5.502472877502441406e+00
-7.336017608642578125e+01 9.785868644714355469e+00
-3.689093399047851562e+01 -2.534519577026367188e+01
5.213153839111328125e+01 1.424143886566162109e+01
7.551792144775390625e+01 -4.807222366333007812e+00
-1.099863433837890625e+01 7.577394104003906250e+01
5.774412155151367188e+01 3.149793386459350586e+00
-1.981989502906799316e+00 8.067623901367187500e+01
5.176858305931091309e-01 8.432019042968750000e+01
-1.407512760162353516e+01 5.123754024505615234e+00
5.651984405517578125e+01 1.229209804534912109e+01
8.936409759521484375e+01 -1.844509315490722656e+01
8.293151092529296875e+01 -1.100027847290039062e+01
7.549160003662109375e+01 1.678694152832031250e+01
5.132936859130859375e+01 1.462431526184082031e+01
5.869711685180664062e+01 1.797761344909667969e+01
2.499032020568847656e+00 9.703038024902343750e+01
9.982218170166015625e+01 -2.292302131652832031e+01
4.500742340087890625e+01 -1.448744773864746094e+01
9.423076629638671875e+01 -1.170519351959228516e+00
5.043400192260742188e+01 7.305662155151367188e+00
-5.564419555664062500e+01 -2.470557594299316406e+01
5.902465343475341797e+00 2.498606681823730469e+01
5.891612243652343750e+01 4.165091514587402344e-01
1.206539821624755859e+01 3.306141281127929688e+01
2.331395149230957031e+01 7.384984588623046875e+01
-8.422257995605468750e+01 2.371887397766113281e+01
3.678194761276245117e+00 9.024440002441406250e+01
-3.566305541992187500e+01 2.546577072143554688e+01
-7.065814971923828125e+01 -4.829202175140380859e+00
4.554326248168945312e+01 -1.359573841094970703e+01
7.467803955078125000e+01 1.420875072479248047e+01
9.420719146728515625e+01 1.986168861389160156e+00
6.010647583007812500e+01 -2.569094276428222656e+01
-2.337180709838867188e+01 3.147075891494750977e+00
4.314025878906250000e+01 -1.361585807800292969e+01
-8.873132705688476562e+00 -1.664472007751464844e+01
-1.617076110839843750e+01 -8.859837651252746582e-01
-2.846501922607421875e+01 6.371593952178955078e+00
-8.174511718750000000e+01 3.113788032531738281e+01
6.141826629638671875e+00 3.471339416503906250e+01
4.849545288085937500e+01 -1.439195632934570312e+01
-3.651291275024414062e+01 -3.365747451782226562e+01
8.940183639526367188e+00 8.962239837646484375e+01
8.169433593750000000e+01 -6.601123809814453125e+00
2.526682853698730469e+01 7.466618347167968750e+01
1.014903411865234375e+02 -1.927203416824340820e+00
-5.989498138427734375e+01 6.211023807525634766e+00
-2.732748222351074219e+01 1.748089790344238281e+01
1.445387649536132812e+01 7.937542724609375000e+01
8.327030944824218750e+01 -2.352027893066406250e+01
7.350753307342529297e+00 3.269100189208984375e+01
5.069814205169677734e+00 6.086912918090820312e+01
8.560127258300781250e+01 -2.311002922058105469e+01
8.132028198242187500e+01 -2.537919425964355469e+01
1.119913768768310547e+01 3.332947921752929688e+01
5.958649444580078125e+01 -1.213282299041748047e+01
4.846807956695556641e+00 6.902593231201171875e+01
1.295188713073730469e+01 3.103654670715332031e+01
1.333891677856445312e+01 2.922552680969238281e+01
8.101509094238281250e+01 7.654379844665527344e+00
1.059606628417968750e+02 -8.488158226013183594e+00
-8.000952911376953125e+01 3.345222473144531250e+01
-1.265911293029785156e+01 2.095141172409057617e+00
-1.843535423278808594e+01 -2.959782600402832031e+01
8.049752044677734375e+01 -2.269083976745605469e+01
2.628697586059570312e+01 7.005240631103515625e+01
4.393444061279296875e+01 -2.418576812744140625e+01
8.099589538574218750e+01 1.302285194396972656e+01
6.407747650146484375e+01 -2.587436676025390625e+01
5.709416961669921875e+01 -3.321178853511810303e-01
8.567910766601562500e+01 -9.851646423339843750e+00
1.333106279373168945e+00 6.683013153076171875e+01
4.928907775878906250e+01 1.108662986755371094e+01
-1.207622170448303223e+00 6.705852508544921875e+01
3.464471817016601562e+01 3.861378669738769531e+00
7.648837280273437500e+01 1.480070114135742188e+01
7.365239715576171875e+01 1.683898353576660156e+01
-1.183200359344482422e+01 7.239064025878906250e+01
-1.240010166168212891e+01 5.795138835906982422e+00
6.150219345092773438e+01 1.988699913024902344e+01
7.924419403076171875e+00 8.630901336669921875e+01
-8.471990203857421875e+01 2.474733734130859375e+01
-1.516602611541748047e+01 6.031678199768066406e+00
7.608080291748046875e+01 1.831037759780883789e+00
2.039574146270751953e+00 6.486457061767578125e+01
7.882620334625244141e+00 8.529323577880859375e+01
2.084638023376464844e+01 6.955181884765625000e+01
4.275019454956054688e+01 -3.572351455688476562e+01
-1.307134151458740234e+00 8.223484802246093750e+01
-1.242802810668945312e+01 7.511983489990234375e+01
-3.789098739624023438e+00 7.552548217773437500e+01
-5.057725429534912109e+00 8.788867950439453125e+01
6.721832275390625000e+00 7.580664825439453125e+01
7.700777435302734375e+01 -6.108109474182128906e+00
5.860738754272460938e+01 8.709207534790039062e+00
-7.834133148193359375e+00 6.020627212524414062e+01
-3.269276809692382812e+01 2.244878578186035156e+01
1.234626388549804688e+01 8.520510101318359375e+01
4.389647293090820312e+01 -2.418479728698730469e+01
1.436024761199951172e+01 8.829926300048828125e+01
8.891667938232421875e+01 -1.007047367095947266e+01
-8.491490364074707031e+00 8.819975852966308594e+00
-1.051727771759033203e+01 -1.738018608093261719e+01
1.035324859619140625e+02 -1.701974105834960938e+01
4.838455200195312500e+01 6.773220062255859375e+00
-1.068884754180908203e+01 -7.523340702056884766e+00
5.520402431488037109e+00 7.529518890380859375e+01
9.460742187500000000e+01 4.079558551311492920e-01
1.110790061950683594e+01 7.874965667724609375e+01
1.181574916839599609e+01 3.122438049316406250e+01
1.180779800415039062e+02 -8.570481300354003906e+00
3.794676542282104492e+00 2.619841003417968750e+01
8.391150665283203125e+01 -1.351869869232177734e+01
9.050797462463378906e+00 2.997479248046875000e+01
5.866610527038574219e+00 8.974452972412109375e+01
-6.879312896728515625e+01 2.111571121215820312e+01
8.948882293701171875e+01 -1.929462623596191406e+01
8.370326757431030273e-01 8.573680877685546875e+01
-2.401045608520507812e+01 -1.829506683349609375e+01
5.287317657470703125e+01 -3.731538391113281250e+01
-1.080806827545166016e+01 -2.817446708679199219e+01
1.273561668395996094e+01 8.481700897216796875e+01
7.422638702392578125e+01 -4.434942245483398438e+00
2.346040344238281250e+01 8.119236755371093750e+01
-3.968204021453857422e+00 7.787989044189453125e+01
-3.950762557983398438e+01 1.677423286437988281e+01
9.556116104125976562e+00 3.105901145935058594e+01
1.543992996215820312e+01 8.679812622070312500e+01
7.746281433105468750e+01 1.148853206634521484e+01
5.347440338134765625e+01 1.551780128479003906e+01
5.494557571411132812e+01 -3.685416030883789062e+01
-4.798567199707031250e+01 1.370587348937988281e+01
-6.546897125244140625e+01 1.791609382629394531e+01
-5.886660766601562500e+01 2.337022590637207031e+01
1.012562713623046875e+02 -1.061052799224853516e+01
8.260201454162597656e+00 8.939687347412109375e+01
8.253253936767578125e+00 9.201252746582031250e+01
1.432490158081054688e+01 8.622760009765625000e+01
-6.150051116943359375e+01 -1.799699020385742188e+01
2.347670173645019531e+01 8.117118072509765625e+01
8.474941253662109375e+01 -2.217724227905273438e+01
2.517313194274902344e+01 7.588877868652343750e+01
-3.966099548339843750e+01 8.694388389587402344e+00
5.947060012817382812e+01 8.468650281429290771e-02
9.286427307128906250e+01 -8.483286857604980469e+00
6.435760498046875000e+01 1.546564388275146484e+01
-1.511618733406066895e+00 2.393343353271484375e+01
9.371270751953125000e+01 -3.679589843750000000e+01
1.032110309600830078e+01 8.293534088134765625e+01
-7.997142028808593750e+01 3.361101913452148438e+01
4.061002731323242188e+00 8.679093170166015625e+01
5.924364852905273438e+01 1.492889499664306641e+01
1.002066192626953125e+02 -3.699348449707031250e+01
8.931948089599609375e+01 -1.780340766906738281e+01
5.676779174804687500e+01 1.084502792358398438e+01
-8.521328735351562500e+01 7.614268302917480469e+00
2.048059225082397461e+00 7.667936706542968750e+01
8.468275451660156250e+01 -1.735013198852539062e+01
7.208512878417968750e+01 9.165707588195800781e+00
5.431057739257812500e+01 1.074490833282470703e+01
-2.562593460083007812e+01 -8.922578811645507812e+00
1.092365036010742188e+02 -2.233848571777343750e+01
6.731058502197265625e+01 7.656328201293945312e+00
-4.397421264648437500e+01 1.720012474060058594e+01
1.012441539764404297e+01 3.426197433471679688e+01
7.283692359924316406e+00 3.444675064086914062e+01
-9.944972991943359375e+00 7.680608367919921875e+01
-3.553650283813476562e+01 2.054890251159667969e+01
5.242310333251953125e+01 1.327778816223144531e+01
-5.084243774414062500e+01 2.936691284179687500e+01
-3.678979492187500000e+01 -2.118301200866699219e+01
6.792658233642578125e+01 4.413158893585205078e+00
3.569178819656372070e+00 3.060054779052734375e+01
4.784747695922851562e+01 -2.793800544738769531e+01
1.114984703063964844e+01 3.114302062988281250e+01
-8.715063476562500000e+01 -2.553726768493652344e+01
9.068269348144531250e+01 -8.494051933288574219e+00
-5.855539798736572266e+00 7.497661590576171875e+01
-6.703880310058593750e+01 -1.361734580993652344e+01
5.142282867431640625e+01 -1.232889652252197266e+01
8.944149780273437500e+01 -1.905197525024414062e+01
2.111244964599609375e+01 7.751926422119140625e+01
4.243444442749023438e+01 3.446471452713012695e+00
6.496612548828125000e+01 1.486683082580566406e+01
6.594143676757812500e+01 -1.971435070037841797e+00
-6.265199661254882812e+01 2.104271888732910156e+01
-2.778462886810302734e+00 8.324199676513671875e+01
1.176237678527832031e+01 3.202062225341796875e+01
-5.565309143066406250e+01 8.576836585998535156e+00
-6.147489547729492188e+01 -1.954707145690917969e+01
8.497328948974609375e+01 -3.482331037521362305e+00
-7.938871002197265625e+01 9.114793777465820312e+00
8.939926147460937500e+01 -8.397161483764648438e+00
7.399245452880859375e+01 -1.494600963592529297e+01
-3.111158180236816406e+01 -1.853353500366210938e+01
6.189457702636718750e+01 2.120316505432128906e+01
6.317216873168945312e+01 2.005958557128906250e+01
7.696460723876953125e+01 1.247041034698486328e+01
-4.506795501708984375e+01 1.155025577545166016e+01
7.185771942138671875e+00 9.294855499267578125e+01
7.020340442657470703e+00 2.919696235656738281e+01
-2.209708213806152344e+00 8.531517791748046875e+01
5.925121784210205078e+00 2.494032478332519531e+01
-5.452043151855468750e+01 -2.003123664855957031e+01
7.096395492553710938e+00 8.317503356933593750e+01
2.663518905639648438e+01 7.266188049316406250e+01
-3.288102388381958008e+00 7.736293029785156250e+01
8.781430053710937500e+01 -9.785881996154785156e+00
7.804763793945312500e+01 -7.118055820465087891e+00
-6.170876693725585938e+01 -1.620873832702636719e+01
1.175024032592773438e+02 -8.260655403137207031e+00
1.109613800048828125e+01 7.880954742431640625e+01
3.343729782104492188e+01 1.538341999053955078e+00
7.705930328369140625e+01 -1.415124225616455078e+01
-4.783831405639648438e+01 1.069771194458007812e+01
-2.435321998596191406e+01 -2.314578628540039062e+01
7.797166824340820312e+00 2.713270759582519531e+01
4.830317687988281250e+01 1.978068232536315918e+00
6.325628280639648438e+01 1.897777557373046875e+01
6.026570129394531250e+01 -2.571436500549316406e+01
8.215492248535156250e+01 1.892647266387939453e+00
-1.412467193603515625e+01 7.543489074707031250e+01
6.556678009033203125e+01 8.272124290466308594e+00
4.568372726440429688e+01 -1.911271667480468750e+01
4.352166748046875000e+01 -1.496236419677734375e+01
8.255960464477539062e+00 7.097927856445312500e+01
8.230545806884765625e+01 -1.053571510314941406e+01
6.431044006347656250e+01 1.716009974479675293e+00
9.856745147705078125e+01 -3.279879760742187500e+01
8.194237518310546875e+01 -2.778703498840332031e+01
-8.405290985107421875e+01 2.641020393371582031e+01
6.559336090087890625e+01 1.731167984008789062e+01
3.856617689132690430e+00 6.014472961425781250e+01
4.720251846313476562e+01 -1.390137958526611328e+01
8.354248809814453125e+01 -2.523074340820312500e+01
-1.301574897766113281e+01 -2.722226333618164062e+01
-9.414784431457519531e+00 -1.563902759552001953e+01
5.509606838226318359e+00 3.434929656982421875e+01
-8.334132385253906250e+01 1.527725219726562500e+01
-4.004680633544921875e+00 6.375518798828125000e+01
-4.730440902709960938e+01 2.717667388916015625e+01
1.082739925384521484e+01 3.332215118408203125e+01
8.205244445800781250e+01 6.121325492858886719e+00
7.850321769714355469e+00 3.193025970458984375e+01
5.797371673583984375e+01 5.788741588592529297e+00
8.257464599609375000e+01 -4.146854400634765625e+00
8.250721740722656250e+01 -5.542169094085693359e+00
9.314421081542968750e+01 -1.024797725677490234e+01
9.577072143554687500e+00 2.784506988525390625e+01
6.276836776733398438e+01 1.940254020690917969e+01
3.050333976745605469e+00 8.736187744140625000e+01
1.825802421569824219e+01 7.668540954589843750e+01
-1.423213601112365723e+00 7.330458068847656250e+01
-1.865013718605041504e+00 1.595396327972412109e+01
-5.043743896484375000e+01 -2.577847099304199219e+01
8.678543090820312500e+01 -1.965992164611816406e+01
8.898338317871093750e+00 8.839484405517578125e+01
-2.805087471008300781e+01 -1.650817108154296875e+01
8.100669097900390625e+01 -5.960808753967285156e+00
-4.197746658325195312e+01 7.438610076904296875e+00
8.994701385498046875e+01 -2.291239929199218750e+01
1.058992004394531250e+02 -1.055450153350830078e+01
-3.076705694198608398e+00 1.789777374267578125e+01
3.654151439666748047e+00 8.396093750000000000e+01
3.987131357192993164e+00 9.476807403564453125e+01
6.904767608642578125e+01 2.017189025878906250e+00
5.783034515380859375e+01 1.372237682342529297e+01
4.280295562744140625e+01 -2.432361412048339844e+01
1.914296722412109375e+01 7.041131591796875000e+01
7.361981964111328125e+01 -1.210284614562988281e+01
-6.069629192352294922e-01 6.543704986572265625e+01
4.591032791137695312e+01 -1.256372261047363281e+01
8.482553863525390625e+01 -1.024352359771728516e+01
2.102181911468505859e+00 7.009952545166015625e+01
-6.952047729492187500e+01 -1.117533445358276367e+00
2.870682239532470703e+00 9.353188323974609375e+01
-2.595937538146972656e+01 -5.158763885498046875e+00
-8.361057281494140625e+00 8.316633605957031250e+01
-3.514891433715820312e+01 -2.690923309326171875e+01
2.404961013793945312e+01 7.230545043945312500e+01
9.404612541198730469e+00 9.233813476562500000e+01
-3.635205841064453125e+01 2.634910964965820312e+01
-8.653860473632812500e+01 2.085155105590820312e+01
4.398701477050781250e+01 -1.509027004241943359e+01
-4.638261032104492188e+01 -2.783844709396362305e+00
7.681104183197021484e+00 7.599752807617187500e+01
3.564445734024047852e+00 6.729911041259765625e+01
6.202781677246093750e+01 2.196188735961914062e+01
-4.549643993377685547e-01 7.967925262451171875e+01
1.222383308410644531e+01 2.842169761657714844e+01
2.533028602600097656e+01 7.521783447265625000e+01
-4.435035324096679688e+01 -2.898068046569824219e+01
-3.594308853149414062e+00 7.776393890380859375e+01
6.676832580566406250e+01 4.157099246978759766e+00
8.549490356445312500e+01 -2.441145706176757812e+01
1.982523345947265625e+01 7.640695953369140625e+01
-6.224343109130859375e+01 -9.605048179626464844e+00
3.328925323486328125e+01 2.978249073028564453e+00
6.415031433105468750e+01 -1.907450675964355469e+01
7.984510803222656250e+01 1.004737472534179688e+01
9.366171264648437500e+01 2.353511571884155273e+00
4.718735122680664062e+01 -2.469826316833496094e+01
5.734705352783203125e+01 -2.327837562561035156e+01
-8.601476287841796875e+01 2.516977691650390625e+01
1.962508201599121094e+01 7.656636047363281250e+01
-4.807707309722900391e+00 7.451949310302734375e+01
8.682667016983032227e-01 7.825393676757812500e+01
5.956051254272460938e+01 1.529284954071044922e+01
-4.147897243499755859e+00 7.921931457519531250e+01
7.669415283203125000e+01 -1.467585563659667969e+01
8.693328094482421875e+01 -2.256547546386718750e+01
8.420136260986328125e+01 -2.636305427551269531e+01
9.818854522705078125e+01 -2.523165702819824219e+00
8.348630523681640625e+01 -1.072840118408203125e+01
2.892966747283935547e+00 7.435642242431640625e+01
-1.594927501678466797e+01 -2.360552215576171875e+01
1.695187759399414062e+01 8.735125732421875000e+01
-9.730951309204101562e+00 9.706452369689941406e+00
5.581394672393798828e+00 2.828481101989746094e+01
-4.924423980712890625e+01 2.021189117431640625e+01
-8.916998863220214844e+00 8.933155536651611328e-01
5.779580116271972656e+00 9.061557006835937500e+01
5.955546951293945312e+01 2.635355186462402344e+01
-7.286585998535156250e+01 1.708941841125488281e+01
-5.712018966674804688e+01 1.461287784576416016e+01
-6.956298828125000000e+01 1.222204208374023438e+01
3.432531738281250000e+01 3.125060558319091797e+00
-5.064562988281250000e+01 -1.675645828247070312e+01
-3.600981140136718750e+01 1.322810840606689453e+01
4.830632400512695312e+01 -1.175284481048583984e+01
5.250520324707031250e+01 -1.237405014038085938e+01
1.045409774780273438e+01 9.000957489013671875e+01
-1.629385185241699219e+01 -3.197222709655761719e+01
-8.411738586425781250e+01 3.056120681762695312e+01
6.199668121337890625e+01 1.177933597564697266e+01
3.337629556655883789e+00 3.073545646667480469e+01
8.522434997558593750e+01 -2.327932357788085938e+01
-6.727583312988281250e+01 -4.149010658264160156e+00
-3.580631637573242188e+01 1.863827323913574219e+01
8.244561767578125000e+01 -4.166448211669921875e+01
2.715728759765625000e+01 7.581588745117187500e+01
1.962675476074218750e+01 7.061367797851562500e+01
-2.079812622070312500e+01 -2.732066535949707031e+01
6.335787963867187500e+01 1.099414730072021484e+01
4.936813354492187500e+01 7.258124351501464844e+00
7.560809326171875000e+01 1.619393730163574219e+01
-6.937263965606689453e+00 8.252378845214843750e+01
-2.209233093261718750e+01 -3.928696823120117188e+01
4.448991012573242188e+01 -3.748968124389648438e+01
4.379317092895507812e+01 -1.239127922058105469e+01
6.052857208251953125e+01 6.191956043243408203e+00
6.986302947998046875e+01 2.377211570739746094e+01
5.483785247802734375e+01 -1.393149280548095703e+01
-6.424664306640625000e+01 -2.623430252075195312e+00
8.501290893554687500e+01 -1.984801101684570312e+01
4.572418594360351562e+01 -2.342829513549804688e+01
9.087183952331542969e+00 8.228920745849609375e+01
7.316408538818359375e+01 8.793122291564941406e+00
6.860442352294921875e+01 6.745726108551025391e+00
6.674388885498046875e+01 1.218652963638305664e+00
-7.144820690155029297e+00 -3.634888458251953125e+01
4.459884262084960938e+01 -2.338086509704589844e+01
8.676722717285156250e+01 -9.760036468505859375e+00
-3.791302871704101562e+01 1.483294296264648438e+01
5.653087234497070312e+01 1.246585750579833984e+01
5.950295257568359375e+01 -1.992464828491210938e+01
8.128989410400390625e+01 -5.097594738006591797e+00
6.634774780273437500e+01 1.165663623809814453e+01
4.420375061035156250e+01 -3.723881530761718750e+01
4.857041931152343750e+01 3.710705041885375977e+00
6.139492797851562500e+01 6.351695537567138672e+00
-7.365668296813964844e+00 -3.719701385498046875e+01
-3.543027114868164062e+01 2.501307868957519531e+01
8.475350189208984375e+01 -1.059773635864257812e+01
-1.852012443542480469e+01 -2.361491966247558594e+01
-5.552772998809814453e+00 8.888446044921875000e+01
-3.953065490722656250e+01 -2.596778678894042969e+01
6.273445510864257812e+01 1.877338600158691406e+01
1.076004219055175781e+01 3.125212478637695312e+01
2.637072753906250000e+01 7.593540191650390625e+01
7.968967437744140625e+01 1.010386943817138672e+01
5.599358367919921875e+01 1.360517978668212891e+01
8.290827178955078125e+01 -4.183352279663085938e+01
-3.884221267700195312e+01 1.735358047485351562e+01
3.205695724487304688e+01 2.595502853393554688e+00
8.321476745605468750e+01 -2.111714363098144531e+01
6.309032058715820312e+01 1.796984100341796875e+01
-5.655312061309814453e+00 8.762912750244140625e+01
6.250075149536132812e+01 4.793729782104492188e+00
8.399261474609375000e+01 -2.373161888122558594e+01
-1.187815964221954346e-01 8.026478576660156250e+01
-8.015069580078125000e+01 3.084918975830078125e+01
6.714205932617187500e+01 3.971659898757934570e+00
6.743733215332031250e+01 5.745974540710449219e+00
5.773339080810546875e+01 1.663500213623046875e+01
8.318260955810546875e+01 -4.038971710205078125e+01
1.002561759948730469e+01 3.105810737609863281e+01
-1.010109519958496094e+01 -1.868367767333984375e+01
-2.803411245346069336e+00 1.944031143188476562e+01
-5.924427509307861328e+00 7.803225708007812500e+01
-1.403559780120849609e+01 -2.496282100677490234e+00
8.298266601562500000e+01 -2.491783380508422852e+00
6.590561676025390625e+01 8.710509300231933594e+00
7.648554992675781250e+01 1.370877838134765625e+01
6.730374145507812500e+01 6.179037570953369141e+00
-4.542797851562500000e+01 1.847795867919921875e+01
1.074416656494140625e+02 -2.106049346923828125e+01
6.480125427246093750e+01 2.130405664443969727e+00
-5.930959701538085938e+01 1.115203952789306641e+01
-4.138626480102539062e+01 1.080370330810546875e+01
1.347292518615722656e+01 9.307124328613281250e+01
6.339390563964843750e+01 3.684531211853027344e+00
-1.361000061035156250e+01 4.175350189208984375e+00
5.096212005615234375e+01 7.710202693939208984e+00
2.121354866027832031e+01 6.975440216064453125e+01
-4.071835327148437500e+01 2.757168769836425781e+01
-2.436724853515625000e+01 1.171719837188720703e+01
6.862992858886718750e+01 8.749650001525878906e+00
6.170447158813476562e+01 1.389435887336730957e+00
4.325059127807617188e+01 -2.201118469238281250e+01
7.122425079345703125e+01 4.396251678466796875e+00
2.765591859817504883e+00 6.777101898193359375e+01
-7.306593322753906250e+01 -2.223186111450195312e+01
-8.140147399902343750e+01 1.165596389770507812e+01
6.427713775634765625e+01 8.305200934410095215e-01
6.720267486572265625e+01 5.168272495269775391e+00
-8.078293800354003906e+00 4.879891872406005859e+00
6.089092254638671875e+01 7.015505790710449219e+00
1.016853237152099609e+01 3.338063049316406250e+01
9.504861831665039062e+00 3.593278121948242188e+01
-6.935725688934326172e+00 7.313845825195312500e+01
2.374617767333984375e+01 7.120425415039062500e+01
9.238703918457031250e+01 -3.222398376464843750e+01
-1.241446495056152344e+01 7.879094696044921875e+01
6.060933685302734375e+01 5.419538021087646484e+00
-1.944805526733398438e+01 -8.556161820888519287e-02
6.687506866455078125e+01 1.082219123840332031e+00
8.608827972412109375e+01 -2.304226493835449219e+01
-4.429626846313476562e+01 2.537679100036621094e+01
8.716740417480468750e+01 -1.114575862884521484e+01
2.578386306762695312e+01 7.268116760253906250e+01
-8.128060340881347656e+00 7.582900238037109375e+01
5.955717849731445312e+01 2.634653091430664062e+01
7.328244781494140625e+01 1.442371845245361328e+01
2.230725288391113281e+01 7.474139404296875000e+01
4.533951187133789062e+01 -1.801009750366210938e+01
-4.291130065917968750e+01 2.965759277343750000e+01
9.939248085021972656e+00 3.469236755371093750e+01
6.573329925537109375e+01 4.600830078125000000e+00
8.332738494873046875e+01 -1.839280700683593750e+01
8.196028137207031250e+01 -2.787810325622558594e+01
-2.384195327758789062e+01 -8.656945228576660156e+00
-4.973643875122070312e+01 2.959838867187500000e+01
2.937025308609008789e+00 3.073783874511718750e+01
7.650993347167968750e+01 1.404715251922607422e+01
-3.883715820312500000e+01 1.425064277648925781e+01
4.532128524780273438e+01 -1.674249649047851562e+01
-3.755349349975585938e+01 7.949941158294677734e+00
3.347712326049804688e+01 2.990685462951660156e+00
5.511695861816406250e+01 -1.286685943603515625e+01
8.887449645996093750e+01 -8.871595382690429688e+00
1.203400373458862305e+00 7.487824249267578125e+01
7.886914062500000000e+01 4.245468616485595703e+00
3.661287784576416016e+00 8.835732269287109375e+01
7.966731548309326172e+00 7.218762969970703125e+01
-7.699356842041015625e+01 2.115042114257812500e+01
6.583291625976562500e+01 1.325980186462402344e+01
6.250051498413085938e+01 1.679852867126464844e+01
8.028910064697265625e+01 -2.554549217224121094e+01
8.106742095947265625e+01 -2.203489112854003906e+01
6.913430786132812500e+01 5.073666095733642578e+00
-5.925428771972656250e+01 -2.100106811523437500e+01
-6.002585887908935547e+00 8.871080017089843750e+01
-5.310899734497070312e+01 1.711223030090332031e+01
6.390856170654296875e+01 3.707403421401977539e+00
