-3.404951477050781250e+01 2.847126245498657227e+00
-8.108106994628906250e+01 1.496979331970214844e+01
-5.925472640991210938e+01 1.971493339538574219e+01
3.248442459106445312e+01 -7.139498233795166016e+00
4.531069564819335938e+01 -7.871428966522216797e+00
4.376291275024414062e+01 -5.905368804931640625e+00
-5.808095932006835938e+01 1.330914592742919922e+01
-8.319664001464843750e+01 1.629870605468750000e+01
-5.952728652954101562e+01 2.108513450622558594e+01
6.164553833007812500e+01 2.120242500305175781e+01
-8.209598541259765625e+01 1.478987503051757812e+01
6.746176147460937500e+01 -2.776776885986328125e+01
-6.326768112182617188e+01 -9.803456306457519531e+00
-3.008228111267089844e+01 3.685250520706176758e+00
-8.281961059570312500e+01 3.091100044548511505e-02
5.220319747924804688e+01 -6.374680042266845703e+00
-6.984639739990234375e+01 2.113942337036132812e+01
4.636396408081054688e+01 7.263405799865722656e+00
-4.319896316528320312e+01 -2.934040451049804688e+01
-1.093485069274902344e+01 -4.713417434692382812e+01
5.680770492553710938e+01 2.125222015380859375e+01
-5.857534790039062500e+01 -1.522487545013427734e+01
-6.678565979003906250e+01 -3.105852127075195312e+01
-4.732798385620117188e+01 -3.325325012207031250e+01
-5.941178131103515625e+01 -2.024094581604003906e+01
-6.090346527099609375e+01 7.726085662841796875e+00
-7.814777374267578125e+01 -1.075767803192138672e+01
-8.546559143066406250e+01 2.046317100524902344e+01
-7.862599182128906250e+01 1.528521537780761719e+01
-4.079886245727539062e+01 -1.327170372009277344e+01
-1.610412788391113281e+01 2.291405677795410156e+01
-8.283951568603515625e+01 2.282649803161621094e+01
-6.270550251007080078e+00 -3.927686309814453125e+01
-3.902028656005859375e+01 -8.288920402526855469e+00
-7.282102203369140625e+01 2.449833106994628906e+01
-3.974663543701171875e+01 -5.269506454467773438e+01
-4.351824188232421875e+01 -4.023286056518554688e+01
-6.653018188476562500e+01 1.016491317749023438e+01
-5.491304016113281250e+01 -8.145071029663085938e+00
-5.899980545043945312e+01 -2.934117507934570312e+01
-6.890522003173828125e+01 -3.487654113769531250e+01
-7.420671844482421875e+01 -1.953745079040527344e+01
-7.638053894042968750e+01 9.665378570556640625e+00
-2.065024185180664062e+01 -4.349825668334960938e+01
-6.928968811035156250e+01 -3.569935226440429688e+01
-2.037264060974121094e+01 -3.694559478759765625e+01
-5.827156448364257812e+01 1.204355621337890625e+01
-8.402357482910156250e+01 1.474687385559082031e+01
7.355640411376953125e+01 -1.439307332038879395e+00
-6.194075012207031250e+01 -3.516872406005859375e+01
-2.152411270141601562e+01 2.015247154235839844e+01
-7.553264617919921875e+01 -2.590971946716308594e+01
-7.773858642578125000e+01 -3.058336448669433594e+01
-6.526906585693359375e+01 2.632783699035644531e+01
-1.918575477600097656e+01 -4.258910751342773438e+01
-7.126332855224609375e+01 -8.288458824157714844e+00
-7.556766510009765625e+01 -2.174677085876464844e+01
-8.124749755859375000e+01 1.022266864776611328e+01
-5.763211822509765625e+01 -1.562635898590087891e+00
-2.131239891052246094e+01 -3.259658813476562500e+01
-4.400743103027343750e+01 -3.533753204345703125e+01
-7.922164916992187500e+01 2.127312469482421875e+01
-8.658374023437500000e+01 1.687487983703613281e+01
-8.436104583740234375e+01 -2.130613899230957031e+01
4.880131149291992188e+01 -3.550106048583984375e+01
-6.368538284301757812e+01 -9.478598237037658691e-01
-3.268954086303710938e+01 2.729679107666015625e+01
-6.949098205566406250e+01 -1.942123413085937500e+01
-3.352183532714843750e+01 5.825254917144775391e+00
-2.785558319091796875e+01 2.760032081604003906e+01
-4.352367401123046875e+01 -1.093652439117431641e+01
-3.127088737487792969e+01 5.047630310058593750e+00
-6.140732955932617188e+01 1.098739814758300781e+01
-4.961696243286132812e+01 -2.700491666793823242e+00
-7.315016174316406250e+01 -1.266333961486816406e+01
-2.270684051513671875e+01 -4.161138534545898438e+01
-8.358558654785156250e+01 5.382980346679687500e+00
-5.959386444091796875e+01 -3.894002151489257812e+01
-5.776667022705078125e+01 1.532903766632080078e+01
-7.600257873535156250e+01 -2.048830223083496094e+01
-7.453780364990234375e+01 1.547985744476318359e+01
-6.936094665527343750e+01 1.016769409179687500e+01
-5.503492355346679688e+01 -4.590232849121093750e+01
-4.109243774414062500e+01 -2.110007524490356445e+00
4.710983276367187500e+01 -2.773531198501586914e+00
-7.804512786865234375e+01 2.426209831237792969e+01
-5.551316833496093750e+01 -5.227161407470703125e+01
-4.521484375000000000e+01 5.391745090484619141e+00
-8.125585174560546875e+01 6.884897232055664062e+00
-5.972077941894531250e+01 -5.735935211181640625e+01
-4.324475479125976562e+01 3.295789718627929688e+00
-5.286199951171875000e+01 -2.329529380798339844e+01
1.037827606201171875e+02 -1.327255249023437500e+01
-5.923315048217773438e+01 2.717128562927246094e+01
-1.479067707061767578e+01 2.608977699279785156e+01
-6.681050872802734375e+01 -4.882595062255859375e+01
8.073535919189453125e+01 1.131502532958984375e+01
-7.101881408691406250e+01 2.481992691755294800e-01
-7.016616058349609375e+01 -3.120204544067382812e+01
-3.938602066040039062e+01 -3.070343971252441406e+01
7.737538909912109375e+01 1.403213691711425781e+01
-5.889363479614257812e+01 -1.509499359130859375e+01
-5.218115997314453125e+01 -4.735226821899414062e+01
-3.630786895751953125e+01 6.041166305541992188e+00
-1.165642166137695312e+01 -4.553631210327148438e+01
-2.198493003845214844e+01 -4.299892807006835938e+01
-1.913739204406738281e+01 1.976477432250976562e+01
-7.400724029541015625e+01 -2.822655296325683594e+01
-6.160503387451171875e+01 -2.684000015258789062e+01
5.744854354858398438e+01 -2.095102882385253906e+01
-2.009856986999511719e+01 -4.250622940063476562e+01
-5.792974472045898438e+01 1.745650291442871094e+01
5.542387771606445312e+01 1.322175407409667969e+01
-8.617929077148437500e+01 -1.524377536773681641e+01
4.133521652221679688e+01 -6.085002899169921875e+00
-5.032670593261718750e+01 -5.315369796752929688e+01
-7.556894683837890625e+01 1.539569759368896484e+01
-3.414410018920898438e+01 2.940051269531250000e+01
-4.593492126464843750e+01 -4.687184524536132812e+01
-6.667201232910156250e+01 -5.348051834106445312e+01
-5.021297836303710938e+01 9.606913328170776367e-01
-8.403125762939453125e+01 -2.450587844848632812e+01
-8.160032653808593750e+01 -2.371477508544921875e+01
-5.942407608032226562e+01 2.322893524169921875e+01
2.832982063293457031e+01 -4.196849822998046875e+00
-8.228387451171875000e+01 2.267017745971679688e+01
-3.374078750610351562e+01 -3.743011093139648438e+01
7.671225738525390625e+01 3.337931394577026367e+00
-7.903820800781250000e+01 5.054885864257812500e+00
-7.113453674316406250e+01 8.855527877807617188e+00
-6.177937316894531250e+01 -2.548038864135742188e+01
-6.121972274780273438e+01 -4.364368057250976562e+01
-8.551882934570312500e+01 -1.284842109680175781e+01
-7.133361816406250000e+01 2.518242263793945312e+01
-5.053003692626953125e+01 -5.467721176147460938e+01
-4.151248168945312500e+01 -4.507898712158203125e+01
-6.363397598266601562e+01 -5.067628479003906250e+01
-8.053716659545898438e+00 -4.370150756835937500e+01
-6.442044830322265625e+01 -4.640108489990234375e+01
-6.590665435791015625e+01 -3.935268402099609375e+01
-7.459542846679687500e+01 8.759291768074035645e-01
-7.768970489501953125e+01 -1.350076866149902344e+01
-5.396529388427734375e+01 -4.518561553955078125e+01
-6.176483917236328125e+01 5.744893848896026611e-02
-5.871258544921875000e+01 -2.530918121337890625e+01
-6.690289306640625000e+01 7.334562778472900391e+00
-4.582731628417968750e+01 -3.086100769042968750e+01
-6.810408020019531250e+01 -5.159635543823242188e+01
-6.984770965576171875e+01 1.643708229064941406e+01
-5.600537872314453125e+01 -5.110573577880859375e+01
-6.449340820312500000e+01 -4.856406021118164062e+01
-5.839613723754882812e+01 -2.995823669433593750e+01
-6.509388732910156250e+01 -4.980198287963867188e+01
-7.569167327880859375e+01 -2.559298324584960938e+01
-5.962901687622070312e+01 -2.694516372680664062e+01
-6.201876068115234375e+01 -3.770730590820312500e+01
-6.200068283081054688e+01 -2.359865570068359375e+01
-3.425759124755859375e+01 3.534109115600585938e+01
9.578667449951171875e+01 -3.087700653076171875e+01
-6.056486129760742188e+01 1.068274116516113281e+01
-4.282034683227539062e+01 -5.124061203002929688e+01
-6.139340209960937500e+01 1.340870285034179688e+01
-8.299464225769042969e+00 8.168998718261718750e+01
-4.569718170166015625e+01 -3.109061813354492188e+01
-2.913705444335937500e+01 -3.779419326782226562e+01
-6.235923385620117188e+01 -4.966297531127929688e+01
7.561578369140625000e+01 -3.021522521972656250e+01
-1.133536052703857422e+01 -4.243672943115234375e+01
-4.035461044311523438e+01 -2.055177116394042969e+01
-7.401447296142578125e+01 1.380134582519531250e+01
-1.326911544799804688e+01 -4.765273284912109375e+01
-9.425868034362792969e+00 -4.523771286010742188e+01
-7.301381683349609375e+01 1.662726783752441406e+01
-3.882397079467773438e+01 1.439355468750000000e+01
-8.261617279052734375e+01 5.698704719543457031e+00
-4.447513961791992188e+01 -4.532478332519531250e+01
-4.845154571533203125e+01 -4.619562149047851562e+01
-6.827859401702880859e+00 -4.427182388305664062e+01
-6.341888809204101562e+01 -4.953428268432617188e+01
-5.426381683349609375e+01 1.993157768249511719e+01
-7.281705474853515625e+01 -3.048414802551269531e+01
-6.343681335449218750e+01 -2.487160110473632812e+01
-3.550949859619140625e+01 -5.655240535736083984e+00
-3.979172897338867188e+01 -4.485354614257812500e+01
-3.711843872070312500e+01 8.732484817504882812e+00
7.841420745849609375e+01 -3.072755813598632812e+01
-8.141980743408203125e+01 1.673355102539062500e+01
-6.525264739990234375e+01 -2.489582061767578125e+01
-3.702147293090820312e+01 -4.699871063232421875e+01
-1.394910526275634766e+01 -4.102393341064453125e+01
-8.301113128662109375e+01 9.154090881347656250e+00
-1.733903312683105469e+01 -3.770962524414062500e+01
6.149138259887695312e+01 -3.620318603515625000e+01
-5.807395553588867188e+01 -3.845821380615234375e+01
-6.372427749633789062e+01 2.272174835205078125e+01
-8.027724456787109375e+01 -2.580681037902832031e+01
-4.974616241455078125e+01 -4.774514007568359375e+01
-7.801010131835937500e+01 -2.420161437988281250e+01
-7.998139953613281250e+01 2.565103721618652344e+01
-2.517688941955566406e+01 3.252066612243652344e+00
-6.692047119140625000e+01 -2.567132759094238281e+01
-6.567745971679687500e+01 -2.752614593505859375e+01
-6.996159362792968750e+01 -1.687521100044250488e+00
-7.211892700195312500e+01 -1.220017194747924805e+00
-5.874376678466796875e+01 3.742430686950683594e+00
-5.418203735351562500e+01 -3.946884155273437500e+01
4.846628570556640625e+01 3.569103479385375977e+00
-7.418094635009765625e+01 -3.936816787719726562e+01
-8.005606079101562500e+01 -2.417921829223632812e+01
-6.287458419799804688e+01 1.891082382202148438e+01
-6.108345794677734375e+01 2.140509033203125000e+01
-7.976435089111328125e+01 2.103109931945800781e+01
-6.204763412475585938e+01 1.487930679321289062e+01
-5.610095214843750000e+01 -2.405868530273437500e+01
-2.450381660461425781e+01 -3.719404220581054688e+01
-7.943919372558593750e+01 7.449527263641357422e+00
7.862557983398437500e+01 -7.717453002929687500e+00
-7.095248413085937500e+01 8.512640953063964844e+00
-2.658660888671875000e+01 -3.201122283935546875e+01
-7.634810638427734375e+01 2.858044815063476562e+01
-5.659487533569335938e+01 2.034302520751953125e+01
-4.260395050048828125e+01 -5.514618682861328125e+01
-5.624124526977539062e+01 -3.627020645141601562e+01
-6.101173019409179688e+01 -4.200054931640625000e+01
-6.151122283935546875e+01 -1.581207370758056641e+01
-3.350205612182617188e+01 -3.589487075805664062e+01
-7.840985870361328125e+01 1.270663833618164062e+01
-5.767797851562500000e+01 -3.807329177856445312e+01
-3.629608154296875000e+01 -5.194853973388671875e+01
-5.688367462158203125e+01 -5.410821914672851562e+01
-5.285169982910156250e+01 -5.370333862304687500e+01
-4.373266601562500000e+01 2.477804183959960938e+01
-7.757032012939453125e+01 -2.940205383300781250e+01
-7.008897399902343750e+01 2.322647094726562500e+01
1.038131256103515625e+02 -1.317176914215087891e+01
8.604068756103515625e+01 -3.557760620117187500e+01
-7.093534851074218750e+01 1.912723731994628906e+01
-8.112976074218750000e+01 -4.602249622344970703e+00
-3.497613525390625000e+01 2.339167976379394531e+01
-4.719860839843750000e+01 -5.293458557128906250e+01
-6.591798400878906250e+01 2.891440773010253906e+01
8.020304107666015625e+01 1.199692821502685547e+01
-8.250981903076171875e+01 1.017413997650146484e+01
-4.635162734985351562e+01 2.420407676696777344e+01
-2.395793724060058594e+01 -2.339558601379394531e+01
-5.191656112670898438e+01 1.016638851165771484e+01
-4.915023422241210938e+01 2.054859924316406250e+01
-5.651994705200195312e+01 -3.865244293212890625e+01
-7.910784149169921875e+01 -2.896180915832519531e+01
-7.937080383300781250e+01 1.764569091796875000e+01
-6.236050796508789062e+01 8.111809730529785156e+00
-8.119584655761718750e+01 1.660479545593261719e+01
-6.414534759521484375e+01 9.699582099914550781e+00
-5.678582382202148438e+01 1.436450099945068359e+01
4.120787811279296875e+01 -1.550656414031982422e+01
-8.156832122802734375e+01 -2.238119125366210938e+01
-6.299264526367187500e+01 6.052929401397705078e+00
-4.057088851928710938e+01 -5.415279388427734375e+01
-5.826783752441406250e+01 -5.742327499389648438e+01
-1.325889205932617188e+01 -4.754234313964843750e+01
-7.599688720703125000e+01 -4.081175994873046875e+01
-4.191905212402343750e+01 -5.293367385864257812e+01
-6.665246582031250000e+01 2.334229469299316406e+01
-7.396575927734375000e+01 8.222114562988281250e+00
-6.336197280883789062e+01 -4.870226669311523438e+01
-2.625427246093750000e+01 3.321159362792968750e+01
-4.253821182250976562e+01 4.429557323455810547e+00
-3.845572280883789062e+01 -1.473308658599853516e+01
-6.641984558105468750e+01 -4.654542922973632812e+01
-9.031633758544921875e+01 1.102367877960205078e+01
-6.799272155761718750e+01 8.431783676147460938e+00
-4.216305923461914062e+01 -4.960779571533203125e+01
-3.994034576416015625e+01 2.507281112670898438e+01
-4.599940490722656250e+01 -3.001727104187011719e+01
8.517607879638671875e+01 -1.171749877929687500e+01
-4.027406311035156250e+01 -4.673702621459960938e+01
-2.854911231994628906e+01 6.561658382415771484e+00
-6.457839202880859375e+01 1.337736225128173828e+01
7.113323974609375000e+01 1.532365798950195312e+01
-2.454760551452636719e+01 -8.182568550109863281e+00
-3.796683883666992188e+01 -4.685823440551757812e+01
-5.996804809570312500e+01 1.313898468017578125e+01
-8.297032165527343750e+01 1.734172058105468750e+01
-2.514694976806640625e+01 -4.030179214477539062e+01
-5.594195556640625000e+01 -1.910836219787597656e+01
-7.791800689697265625e+01 7.033010959625244141e+00
-5.392417907714843750e+01 -3.164289474487304688e+01
-4.390543746948242188e+01 4.053341388702392578e+00
-6.706971740722656250e+01 -1.397562503814697266e+01
-5.731672668457031250e+01 -4.158818817138671875e+01
-8.127413940429687500e+01 -2.624806785583496094e+01
-9.113954162597656250e+01 4.587313652038574219e+00
4.185620880126953125e+01 5.563954162597656250e+01
-4.531870269775390625e+01 2.024090576171875000e+01
-6.310108947753906250e+01 -4.320460128784179688e+01
5.156330871582031250e+01 -2.967488288879394531e+01
-7.573316955566406250e+01 -2.040766906738281250e+01
-4.139704132080078125e+01 -5.234058380126953125e+01
-4.881253814697265625e+01 9.187656402587890625e+00
-7.013526153564453125e+01 -9.218006730079650879e-01
-5.149510192871093750e+01 -5.383069038391113281e+00
-6.749114227294921875e+01 1.194211196899414062e+01
-5.372635650634765625e+01 -3.252439117431640625e+01
-4.376025390625000000e+01 -2.497655868530273438e+01
-7.582328796386718750e+01 1.859012222290039062e+01
-7.737516784667968750e+01 9.797148406505584717e-02
-1.552795886993408203e+01 -4.558379745483398438e+01
-7.809581756591796875e+01 2.182839775085449219e+01
-4.070368194580078125e+01 -2.977311325073242188e+01
-8.440546417236328125e+01 -9.006370544433593750e+00
-6.551708221435546875e+01 1.600398635864257812e+01
-4.517809295654296875e+01 2.526529884338378906e+01
-8.174576610326766968e-02 6.484370422363281250e+01
-6.034552001953125000e+01 -1.031866312026977539e+00
-9.114167022705078125e+01 4.583591461181640625e+00
-5.194122314453125000e+01 -4.239530944824218750e+01
-7.199854278564453125e+01 -4.370892715454101562e+01
-3.997104644775390625e+01 -1.101683044433593750e+01
-5.095416259765625000e+01 -5.301786804199218750e+01
6.929734802246093750e+01 -3.193448829650878906e+01
-2.491418075561523438e+01 -4.373501205444335938e+01
-7.810311889648437500e+01 1.516697168350219727e+00
-4.375843811035156250e+01 -2.416543388366699219e+01
-2.965554428100585938e+01 3.128211593627929688e+01
-2.401702117919921875e+01 -3.631928634643554688e+01
-1.526322937011718750e+01 9.430579376220703125e+01
-7.340872955322265625e+01 7.784574031829833984e+00
-7.437953948974609375e+01 -3.159524154663085938e+01
-3.139059829711914062e+01 -6.352049350738525391e+00
-6.007225418090820312e+01 -3.410774993896484375e+01
-5.613269042968750000e+01 -4.749652862548828125e+01
-9.746465682983398438e+00 -4.424524688720703125e+01
-4.488393020629882812e+01 -8.477020263671875000e+00
-4.850822067260742188e+01 8.950977325439453125e+00
-2.936002159118652344e+01 -2.245930290222167969e+01
-4.257233428955078125e+01 -4.456543731689453125e+01
-8.259956359863281250e+01 1.464303684234619141e+01
-2.646727561950683594e+01 2.399589729309082031e+01
-4.083140945434570312e+01 -5.030210876464843750e+01
-1.208352851867675781e+01 -4.412223815917968750e+01
-7.289510345458984375e+01 1.264350414276123047e+01
-4.444300460815429688e+01 -3.064409255981445312e+01
-4.174169540405273438e+01 -5.389893341064453125e+01
-1.984122657775878906e+01 -3.940814590454101562e+01
-7.887838745117187500e+01 2.018179130554199219e+01
-8.151000213623046875e+01 -8.535508155822753906e+00
-7.611253356933593750e+01 -4.093850326538085938e+01
-3.127638435363769531e+01 -1.135878920555114746e+00
-5.144665908813476562e+01 -4.087939071655273438e+01
-6.031716918945312500e+01 -4.611413574218750000e+01
-7.549080657958984375e+01 -1.550569915771484375e+01
-6.014487457275390625e+01 3.454570531845092773e+00
-5.678404617309570312e+01 1.632537078857421875e+01
-7.017007446289062500e+01 1.176150798797607422e+01
-1.082305240631103516e+01 -4.295788192749023438e+01
-3.548289108276367188e+01 3.218387222290039062e+01
-2.519163322448730469e+01 -4.451966857910156250e+01
-7.509191131591796875e+01 -3.271412658691406250e+01
-7.844879913330078125e+01 -1.266417145729064941e+00
-6.910922241210937500e+01 -8.582117080688476562e+00
-3.589692306518554688e+01 -1.870859146118164062e+00
-1.275253868103027344e+01 -4.628327178955078125e+01
-3.975294113159179688e+01 -5.113245773315429688e+01
-4.065672683715820312e+01 -4.500760269165039062e+01
-5.623956680297851562e+01 -4.524447631835937500e+01
-7.802269744873046875e+01 6.916219234466552734e+00
-2.046492004394531250e+01 7.595138072967529297e+00
9.879871368408203125e+01 -8.304081916809082031e+00
-5.414016342163085938e+01 -4.272985076904296875e+01
-6.801187896728515625e+01 1.316914677619934082e+00
-5.199178695678710938e+01 6.953222274780273438e+00
-5.343626022338867188e+01 -5.196637725830078125e+01
-5.874302291870117188e+01 -5.778813552856445312e+01
-5.983611679077148438e+01 5.404055118560791016e+00
-7.693129730224609375e+01 -2.074280738830566406e+01
-7.894458770751953125e+01 2.257112312316894531e+01
-8.158282470703125000e+01 -2.988025188446044922e+00
-5.458784866333007812e+01 -4.935275268554687500e+01
-5.969645690917968750e+01 -4.666534423828125000e+01
-5.833841705322265625e+01 -3.995435333251953125e+01
-6.860358428955078125e+01 -2.908106994628906250e+01
-3.480277633666992188e+01 2.617933654785156250e+01
-4.080280303955078125e+01 -8.708843231201171875e+00
-4.358182525634765625e+01 -4.235879516601562500e+01
-5.519496536254882812e+01 1.714769554138183594e+01
-8.220784759521484375e+01 9.476784706115722656e+00
-4.518944168090820312e+01 -4.904260635375976562e+01
-5.971446609497070312e+01 1.676007270812988281e+01
-8.132091522216796875e+01 -1.733515977859497070e+00
-6.340194702148437500e+01 -2.172002792358398438e+01
-7.463483428955078125e+01 -9.917584419250488281e+00
-1.525474548339843750e+01 -6.770717620849609375e+00
-7.777263641357421875e+01 -2.488980293273925781e+01
-5.290119552612304688e+01 -5.149724578857421875e+01
-5.873377990722656250e+01 3.573359680175781250e+01
-4.865294265747070312e+01 -5.287739944458007812e+01
-6.458338165283203125e+01 -2.274186134338378906e+01
-8.197511291503906250e+01 -2.050530815124511719e+01
-8.195841979980468750e+01 1.888442802429199219e+01
-6.549323272705078125e+01 4.757597446441650391e+00
-4.324721527099609375e+01 -5.169178390502929688e+01
-4.559187316894531250e+01 -8.597229957580566406e+00
-6.780413818359375000e+01 4.769525527954101562e+00
-5.766800689697265625e+01 -3.250318908691406250e+01
-7.335358428955078125e+01 -3.971716308593750000e+01
-8.858125686645507812e+00 8.778598785400390625e+01
-1.117960548400878906e+01 8.072717285156250000e+01
-4.339149856567382812e+01 -5.279731750488281250e+01
-4.985270690917968750e+01 -3.915033340454101562e+01
-1.711756896972656250e+01 -4.084523773193359375e+01
-1.082086563110351562e+01 -4.437494659423828125e+01
-6.143262481689453125e+01 -5.181512832641601562e+00
-6.342543792724609375e+01 2.757319641113281250e+01
-5.325521850585937500e+01 -4.619661712646484375e+01
-5.999095916748046875e+01 -5.588375091552734375e+01
-6.744102478027343750e+01 2.032571983337402344e+01
-7.306585693359375000e+01 1.505851173400878906e+01
-1.560965919494628906e+01 -2.991189002990722656e+01
-3.143260002136230469e+01 -4.562532806396484375e+01
-8.386107444763183594e+00 -4.372999191284179688e+01
-4.222621917724609375e+01 -2.369409179687500000e+01
-8.751014709472656250e+01 1.583475470542907715e+00
-2.011466026306152344e+01 1.309970664978027344e+01
3.105398368835449219e+01 -4.481556892395019531e+00
-5.467783355712890625e+01 -5.520865249633789062e+01
-4.384015274047851562e+01 -2.694920921325683594e+01
-3.572879791259765625e+01 -3.069012451171875000e+01
-6.653051757812500000e+01 1.664045333862304688e+01
-6.580374908447265625e+01 1.486893939971923828e+01
-4.765591812133789062e+01 1.516324234008789062e+01
-6.325447845458984375e+01 -1.177614402770996094e+01
-5.040626907348632812e+01 -5.244380187988281250e+01
-2.851233863830566406e+01 -4.315187454223632812e+01
-8.093891143798828125e+01 -6.134252548217773438e+00
-4.589183807373046875e+01 -5.283583450317382812e+01
-1.517249584197998047e+01 -1.001031112670898438e+01
6.528025817871093750e+01 -3.103623580932617188e+01
-4.611146163940429688e+01 -3.470924377441406250e+01
-5.542434310913085938e+01 -1.570768833160400391e+01
-8.393955230712890625e+01 -2.426998329162597656e+01
-2.853828430175781250e+01 -2.073964118957519531e+01
-5.179142379760742188e+01 -4.669625854492187500e+01
-1.195798301696777344e+01 -3.822600173950195312e+01
-5.104543304443359375e+01 -2.142695236206054688e+01
5.083601760864257812e+01 2.925109863281250000e+01
-7.019155883789062500e+01 -1.027769184112548828e+01
-1.895239257812500000e+01 -4.353384780883789062e+01
-6.407083892822265625e+01 -4.580239105224609375e+01
-4.357798767089843750e+01 -4.998483276367187500e+01
-2.772739028930664062e+01 -1.944771957397460938e+01
-7.892061614990234375e+01 1.222163200378417969e+01
-8.206031036376953125e+01 -1.627639579772949219e+01
8.645490264892578125e+01 -1.873641967773437500e+01
-3.064262008666992188e+01 -3.320394897460937500e+01
-4.713515472412109375e+01 -5.078786087036132812e+01
-2.348181533813476562e+01 -4.007096099853515625e+01
-6.856700897216796875e+01 2.735663414001464844e+01
-8.245953369140625000e+01 -1.195065116882324219e+01
-5.286233901977539062e+01 -1.820876240730285645e+00
-6.621873474121093750e+01 -2.030169677734375000e+01
-8.401401519775390625e+01 -2.407515525817871094e+01
-3.456135559082031250e+01 -3.180231475830078125e+01
-2.943922424316406250e+01 2.575746726989746094e+01
-7.293394470214843750e+01 -2.706298065185546875e+01
-8.280413055419921875e+01 -6.016156673431396484e+00
-7.309693908691406250e+01 2.353934669494628906e+01
-4.874018096923828125e+01 -5.005694580078125000e+01
-6.378520584106445312e+01 2.107159423828125000e+01
-5.190983963012695312e+01 -3.562574768066406250e+01
-4.031006240844726562e+01 -4.174377441406250000e+01
-5.404417419433593750e+01 -3.903248596191406250e+01
-2.002121925354003906e+01 -4.563685226440429688e+01
-7.598916625976562500e+01 -3.805110168457031250e+01
-5.426137542724609375e+01 -4.234700393676757812e+01
-6.839832305908203125e+01 2.228219985961914062e+01
-3.257388687133789062e+01 -3.219249725341796875e+01
-5.396340179443359375e+01 9.695061296224594116e-02
-8.020528411865234375e+01 -2.229486465454101562e+01
-5.188434600830078125e+01 -4.397272109985351562e+01
-5.865993881225585938e+01 -2.328733444213867188e+00
-7.863587188720703125e+01 1.538202476501464844e+01
-6.172540283203125000e+01 -2.927404975891113281e+01
-1.763876724243164062e+01 -4.216981506347656250e+01
-4.100733184814453125e+01 -4.138610076904296875e+01
-6.477925109863281250e+01 -2.535431087017059326e-01
-4.162785720825195312e+01 -5.101248168945312500e+01
-5.271037292480468750e+01 -4.087553024291992188e+01
8.751737976074218750e+01 -4.069633483886718750e+01
-7.147291564941406250e+01 4.862825572490692139e-01
-6.784255981445312500e+01 -5.076814270019531250e+01
-5.428671264648437500e+01 -5.180259704589843750e+01
-4.621658706665039062e+01 -4.034455871582031250e+01
-1.148086261749267578e+01 -4.496583175659179688e+01
-3.603873443603515625e+01 2.884747695922851562e+01
-1.923247718811035156e+01 -3.787950897216796875e+01
-5.130681228637695312e+01 -3.844713211059570312e+01
-7.438764953613281250e+01 -4.357838630676269531e+00
-5.271802139282226562e+01 3.460066020488739014e-01
-2.446862792968750000e+01 -4.395294952392578125e+01
-7.306161499023437500e+01 1.899899864196777344e+01
-5.363606643676757812e+01 4.394702911376953125e+00
-1.495123291015625000e+01 -4.303245925903320312e+01
-7.320774841308593750e+01 -6.684957027435302734e+00
-1.553855895996093750e+01 -4.456318664550781250e+01
-3.320046615600585938e+01 -2.758189773559570312e+01
4.884188842773437500e+01 -2.832172775268554688e+01
-4.990566253662109375e+01 -2.342849731445312500e+01
-3.182471847534179688e+01 3.079925346374511719e+01
-1.409570312500000000e+01 -3.415718078613281250e+01
-5.259276962280273438e+01 -5.198218154907226562e+01
-7.052524566650390625e+01 -2.369571304321289062e+01
-4.586224746704101562e+01 -4.645127487182617188e+01
-5.220488357543945312e+01 -4.883206176757812500e+01
-7.620752716064453125e+01 2.840855979919433594e+01
-8.453183746337890625e+01 1.282055473327636719e+01
-3.654924392700195312e+01 -3.649824142456054688e+01
-4.670454406738281250e+01 3.314653015136718750e+01
-1.281868743896484375e+01 -3.335742568969726562e+01
-4.266081619262695312e+01 -5.503285980224609375e+01
-6.584214019775390625e+01 -3.033037948608398438e+01
-7.602805328369140625e+01 -1.982464027404785156e+01
-7.656233978271484375e+01 9.673281669616699219e+00
-3.512954711914062500e+01 -1.994577217102050781e+01
-5.235478210449218750e+01 -2.471513748168945312e+01
-4.236182785034179688e+01 1.104109287261962891e+01
-4.024182891845703125e+01 1.402108573913574219e+01
-7.532124328613281250e+01 -8.306584358215332031e-01
4.299823760986328125e+01 -5.498322963714599609e+00
-3.097158241271972656e+01 2.763370132446289062e+01
-4.553624725341796875e+01 -5.072753524780273438e+01
-5.167808532714843750e+01 3.175027847290039062e+00
-5.394117355346679688e+01 -2.059944915771484375e+01
-5.856304168701171875e+01 -5.238257980346679688e+01
-6.602912902832031250e+01 1.989993476867675781e+01
-5.786415100097656250e+01 2.178781318664550781e+01
-4.020067214965820312e+01 -5.036660766601562500e+01
-6.754611206054687500e+01 2.495831108093261719e+01
-1.710648536682128906e+01 -3.943423461914062500e+01
-8.391380310058593750e+01 1.140653133392333984e+01
-6.420758819580078125e+01 1.130802273750305176e+00
-5.187516021728515625e+01 -4.577861785888671875e+01
-2.851011466979980469e+01 -1.584200739860534668e+00
-6.348193359375000000e+01 3.153952980041503906e+01
-8.012299346923828125e+01 -2.753681564331054688e+01
-3.927005767822265625e+01 -2.597411155700683594e+01
-4.812546539306640625e+01 -4.838101959228515625e+01
-7.458861541748046875e+01 -2.729609680175781250e+01
-1.787208366394042969e+01 -3.936808395385742188e+01
-7.542792510986328125e+01 2.341402816772460938e+01
-6.864774322509765625e+01 -3.466206741333007812e+01
-6.080266189575195312e+01 -4.365685653686523438e+01
-6.287286376953125000e+01 2.073925590515136719e+01
-5.388294982910156250e+01 -1.167804622650146484e+01
-4.207971191406250000e+01 -4.636970138549804688e+01
5.282157897949218750e+01 -2.604723739624023438e+01
-2.354996109008789062e+01 -3.736205673217773438e+01
-7.485525512695312500e+01 -2.277433776855468750e+01
-6.547251129150390625e+01 -5.103885650634765625e+01
3.613173675537109375e+01 -3.077512931823730469e+01
-5.037881088256835938e+01 -4.745660781860351562e+01
-4.840901565551757812e+01 -3.664879989624023438e+01
-7.274439239501953125e+01 -1.840033721923828125e+01
-7.504076385498046875e+01 2.714101028442382812e+01
-5.952789306640625000e+01 -4.394785308837890625e+01
-5.841218566894531250e+01 3.507869338989257812e+01
-6.948915863037109375e+01 -1.943096923828125000e+01
-2.092137718200683594e+01 -4.193936538696289062e+01
-3.262495040893554688e+01 -2.911193466186523438e+01
-4.438122940063476562e+01 8.872555732727050781e+00
-5.588959121704101562e+01 -2.444708061218261719e+01
-7.147622680664062500e+01 5.464690208435058594e+00
-7.388330459594726562e+00 -4.194268417358398438e+01
-6.286344146728515625e+01 -5.159561157226562500e+01
-5.590331649780273438e+01 2.591868591308593750e+01
-3.147236442565917969e+01 2.845822334289550781e+01
-2.252619361877441406e+01 -1.665938186645507812e+01
-5.431467056274414062e+01 -5.310338211059570312e+01
-7.517759704589843750e+01 -2.785466194152832031e+01
-5.814350891113281250e+01 -3.520687103271484375e+01
4.811330032348632812e+01 -1.857956695556640625e+01
-3.508480072021484375e+01 -2.011192131042480469e+01
-6.755702209472656250e+01 1.001691913604736328e+01
-4.838542938232421875e+01 -4.021179199218750000e+01
-7.868518066406250000e+01 -4.838345050811767578e+00
-7.173803710937500000e+01 2.204298782348632812e+01
-5.269443511962890625e+01 -4.076850128173828125e+01
-3.871886825561523438e+01 -4.347868728637695312e+01
-1.007946586608886719e+01 -4.662413024902343750e+01
-6.651850891113281250e+01 -5.250941848754882812e+01
-3.189896583557128906e+01 3.557289886474609375e+01
-6.739604949951171875e+01 -3.396007537841796875e+01
-5.266193008422851562e+01 -5.570491409301757812e+01
-7.214383697509765625e+01 -3.863816833496093750e+01
-4.023667907714843750e+01 -4.844941711425781250e+01
-5.327758026123046875e+01 -1.183130741119384766e+01
-4.786578369140625000e+01 -2.344929313659667969e+01
4.942634582519531250e+01 3.135789680480957031e+01
-3.871302032470703125e+01 -2.676030349731445312e+01
-3.526124572753906250e+01 2.291474342346191406e+01
-6.795388031005859375e+01 -4.355889129638671875e+01
-8.185680389404296875e+01 -1.639076423645019531e+01
-6.667507934570312500e+01 1.398276710510253906e+01
-6.661009216308593750e+01 -2.261859737336635590e-02
-4.109851455688476562e+01 -4.320261764526367188e+01
-1.631748771667480469e+01 -3.987397003173828125e+01
-8.115595245361328125e+01 -9.474323987960815430e-01
-7.110026550292968750e+01 -3.524583816528320312e+01
-6.038806152343750000e+01 -2.363043212890625000e+01
-3.057816123962402344e+01 2.907046318054199219e+01
-4.975847625732421875e+01 -1.061320495605468750e+01
-4.306046295166015625e+01 2.078811836242675781e+01
-2.725784111022949219e+01 -1.076213240623474121e+00
6.791865539550781250e+01 5.816712856292724609e+00
-6.469429016113281250e+01 -3.323059082031250000e+01
-4.731713867187500000e+01 -4.436509323120117188e+01
-6.685028076171875000e+01 -3.833091735839843750e+00
-6.849581909179687500e+01 -1.026268959045410156e+01
-1.003127098083496094e+01 -3.267455673217773438e+01
-5.647134017944335938e+01 -4.101090621948242188e+01
-5.265045928955078125e+01 -5.305657958984375000e+01
-2.852206230163574219e+01 1.176328754425048828e+01
-3.378504180908203125e+01 -2.544511795043945312e+01
-5.375150680541992188e+01 -4.370171737670898438e+01
-5.390627670288085938e+01 -3.748347473144531250e+01
-5.634988784790039062e+01 -1.302035999298095703e+01
-4.589786148071289062e+01 -4.196995925903320312e+01
-5.203782653808593750e+01 -5.257384872436523438e+01
-6.188335037231445312e+01 -4.386434173583984375e+01
-3.719252014160156250e+01 -3.312588882446289062e+01
-3.822989273071289062e+01 -3.777275466918945312e+01
-4.562077331542968750e+01 -4.086323547363281250e+01
-1.060541057586669922e+01 -4.749090957641601562e+01
-6.567991638183593750e+01 1.148219680786132812e+01
-7.339614105224609375e+01 -3.875329589843750000e+01
-5.558618927001953125e+01 1.453408241271972656e+01
-6.653048706054687500e+01 -2.442497253417968750e+01
-7.796743774414062500e+01 -2.876143646240234375e+01
-4.516223526000976562e+01 -2.820493888854980469e+01
-4.427779388427734375e+01 -2.242516517639160156e+01
-4.576034927368164062e+01 2.189618492126464844e+01
-6.974443817138671875e+01 -4.447100448608398438e+01
-6.825605010986328125e+01 -7.289588928222656250e+00
4.917024612426757812e+01 -2.951638603210449219e+01
-5.487737274169921875e+01 -3.500818252563476562e+01
-7.263398742675781250e+01 -4.515656948089599609e+00
-7.629625701904296875e+01 1.273880958557128906e+01
-5.346925735473632812e+01 -4.957221984863281250e+01
-4.176708984375000000e+01 2.674596405029296875e+01
-6.036291122436523438e+01 2.253830718994140625e+01
-7.899063873291015625e+01 4.344594478607177734e-01
-6.777349853515625000e+01 -5.158983230590820312e+01
-4.222771453857421875e+01 -5.058497238159179688e+01
-1.771121978759765625e+01 -1.761568260192871094e+01
-1.590546035766601562e+01 7.608361816406250000e+01
-4.204122924804687500e+01 -3.732452392578125000e+01
-4.112916183471679688e+01 -4.253712844848632812e+01
-7.861359405517578125e+01 -2.561106491088867188e+01
-5.897918319702148438e+01 2.839601707458496094e+01
-7.222704315185546875e+01 1.479201030731201172e+01
-4.377499771118164062e+01 -4.058290100097656250e+01
-7.514208221435546875e+01 2.002766799926757812e+01
-4.972025680541992188e+01 -3.155041313171386719e+01
-5.002677536010742188e+01 -4.087306594848632812e+01
-7.787586212158203125e+01 -8.670561790466308594e+00
-1.677753639221191406e+01 -4.215493392944335938e+01
-7.473892974853515625e+01 -1.220747661590576172e+01
-4.807541275024414062e+01 -4.347725296020507812e+01
-6.988117980957031250e+01 2.345266342163085938e+01
-6.081357574462890625e+01 1.594078731536865234e+01
-1.369375896453857422e+01 9.342784118652343750e+01
-6.930142211914062500e+01 -4.453887176513671875e+01
-6.382951736450195312e+01 -6.991353988647460938e+00
-5.219368743896484375e+01 -3.206460952758789062e+01
-7.819878387451171875e+01 -2.661507225036621094e+01
-4.278628921508789062e+01 -4.910605621337890625e+01
-7.857201385498046875e+01 -2.072290802001953125e+01
-5.097688674926757812e+01 -3.440613555908203125e+01
-4.359915542602539062e+01 -1.905223464965820312e+01
-2.469572448730468750e+01 -1.328812003135681152e+00
-8.212148284912109375e+01 -2.314959335327148438e+01
-4.502924728393554688e+01 -1.635642433166503906e+01
-6.846413421630859375e+01 2.902822494506835938e-01
-4.864749908447265625e+01 -4.180211257934570312e+01
-3.951378250122070312e+01 6.118536949157714844e+00
-4.498053741455078125e+01 -4.648896408081054688e+01
-3.399364089965820312e+01 -4.097564697265625000e+01
-7.288321685791015625e+01 -4.024313354492187500e+01
-1.916679573059082031e+01 -4.129051589965820312e+01
-5.485448455810546875e+01 1.638190078735351562e+01
-1.655702209472656250e+01 2.768614959716796875e+01
-2.786716651916503906e+01 2.818623542785644531e+01
-2.447758674621582031e+01 -3.813895797729492188e+01
-5.565988159179687500e+01 9.680609703063964844e+00
-3.265145874023437500e+01 -3.092032623291015625e+01
5.166324996948242188e+01 -7.774661540985107422e+00
-7.858009338378906250e+01 -2.261367034912109375e+01
-3.305338668823242188e+01 -1.634520339965820312e+01
-4.677824401855468750e+01 -4.635748291015625000e+01
7.585819244384765625e+01 -6.903226375579833984e+00
-7.129262542724609375e+01 1.131109428405761719e+01
-4.421657562255859375e+01 5.748682975769042969e+00
-3.107992935180664062e+01 3.210377502441406250e+01
-6.464691925048828125e+01 -3.143244981765747070e+00
-5.467929458618164062e+01 -2.556688117980957031e+01
-7.654724121093750000e+01 -1.053328704833984375e+01
-4.752891921997070312e+01 1.569249248504638672e+01
-7.309060668945312500e+01 1.155266761779785156e+01
-5.689953994750976562e+01 -3.372174072265625000e+01
-1.272193050384521484e+01 8.003280639648437500e+01
-1.461032295227050781e+01 9.570690155029296875e+01
-2.524747276306152344e+01 -3.264362335205078125e+01
-5.404481124877929688e+01 3.103176307678222656e+01
4.848265457153320312e+01 -1.011175918579101562e+01
-2.650750732421875000e+01 -1.571776962280273438e+01
-7.257261657714843750e+01 -2.143549919128417969e+01
-8.097908782958984375e+01 -5.892068386077880859e+00
-3.855133819580078125e+01 3.277200317382812500e+01
-2.725830650329589844e+01 1.980608749389648438e+01
-2.239497947692871094e+01 -3.186097621917724609e+00
-2.579174423217773438e+01 -4.069448852539062500e+01
-2.405633163452148438e+01 -4.176190948486328125e+01
-7.810449218750000000e+01 -2.600706863403320312e+01
-6.642031097412109375e+01 -4.749032592773437500e+01
-8.336786651611328125e+01 1.112606239318847656e+01
-6.229155731201171875e+01 2.539501380920410156e+01
-2.686276245117187500e+01 -2.709367370605468750e+01
-6.091743087768554688e+01 -3.279317855834960938e+01
-7.976150512695312500e+01 -2.108938407897949219e+01
-5.918429565429687500e+01 1.431098365783691406e+01
-5.742252349853515625e+01 -4.434508514404296875e+01
-6.183423995971679688e+01 1.046616935729980469e+01
-2.797127342224121094e+01 -4.418076038360595703e+00
-3.170107650756835938e+01 -4.566489791870117188e+01
-5.800744628906250000e+01 3.402796936035156250e+01
-4.260977554321289062e+01 7.023764610290527344e+00
-4.747524261474609375e+01 4.188331663608551025e-01
-6.940225982666015625e+01 -4.829583358764648438e+01
-7.117249298095703125e+01 -3.854341506958007812e+01
-5.770573425292968750e+01 -5.708632659912109375e+01
-2.643313407897949219e+01 3.075399017333984375e+01
-4.321442413330078125e+01 7.656503200531005859e+00
4.811607742309570312e+01 -1.987314414978027344e+01
-4.208602905273437500e+01 -2.373371696472167969e+01
-7.160344696044921875e+01 -1.356426239013671875e+01
-2.917222023010253906e+01 -3.206497955322265625e+01
-7.383438110351562500e+01 -1.352694129943847656e+01
-3.544060134887695312e+01 -3.998749160766601562e+01
-7.655116271972656250e+01 1.731914710998535156e+01
-7.226782989501953125e+01 -1.402061557769775391e+01
-7.367308044433593750e+01 -1.864001464843750000e+01
-4.543880081176757812e+01 -4.521834182739257812e+01
-3.338542175292968750e+01 1.436054039001464844e+01
-3.309440231323242188e+01 -1.629953002929687500e+01
-5.013432693481445312e+01 -3.289264678955078125e+01
-6.687662506103515625e+01 -2.153041839599609375e+01
-6.842105865478515625e+01 -4.590798568725585938e+01
-4.869457244873046875e+01 -4.139175796508789062e+01
-5.083459472656250000e+01 -2.807640838623046875e+01
-8.727012634277343750e+01 1.241380572319030762e+00
-7.502240753173828125e+01 3.914505958557128906e+00
-7.737982940673828125e+01 -2.697869491577148438e+01
-3.256154632568359375e+01 2.952508735656738281e+01
-2.746533584594726562e+01 7.394627094268798828e+00
-7.938789367675781250e+01 1.434407424926757812e+01
-6.717218780517578125e+01 -1.852765464782714844e+01
-1.716554832458496094e+01 -4.435368347167968750e+01
-5.534832763671875000e+01 7.283455848693847656e+00
-6.740576171875000000e+01 -5.996826171875000000e+00
-7.992905426025390625e+01 -2.166991996765136719e+01
-7.659246826171875000e+01 -9.520800590515136719e+00
-4.219559478759765625e+01 4.410341262817382812e+00
-3.232901763916015625e+01 -9.960186958312988281e+00
-1.826252174377441406e+01 -7.748349189758300781e+00
-5.104187011718750000e+01 -3.349776077270507812e+01
-2.150266647338867188e+01 1.081016921997070312e+01
-5.350067138671875000e+01 -4.727505111694335938e+01
-8.051055145263671875e+01 -2.808662605285644531e+01
-5.554608917236328125e+01 -5.446524047851562500e+01
-4.585163116455078125e+01 6.319877624511718750e+00
-3.579008483886718750e+01 -5.027367401123046875e+01
-7.607466125488281250e+01 -1.811352539062500000e+01
-8.207187652587890625e+00 -4.298960876464843750e+01
-5.304539871215820312e+01 -5.653942489624023438e+01
-4.130216217041015625e+01 -5.315310287475585938e+01
-6.728361511230468750e+01 -2.856997299194335938e+01
-5.344355010986328125e+01 1.218024444580078125e+01
-6.475994873046875000e+01 -3.259816646575927734e+00
-5.755138397216796875e+01 -2.410890769958496094e+01
-6.677670288085937500e+01 -1.998072433471679688e+01
-8.839882659912109375e+01 -3.127306222915649414e+00
-4.971484375000000000e+01 -4.474781799316406250e+01
4.139645004272460938e+01 5.346055603027343750e+01
-7.435602569580078125e+01 -2.484986686706542969e+01
-7.055516052246093750e+01 1.576286029815673828e+01
-1.640014457702636719e+01 -1.709614181518554688e+01
-7.455132293701171875e+01 -2.135670661926269531e+01
-1.985090446472167969e+01 -4.496342086791992188e+01
2.336650371551513672e+00 8.246202850341796875e+01
-6.170848464965820312e+01 -4.688493251800537109e+00
-1.626395797729492188e+01 -4.300584793090820312e+01
-2.418806266784667969e+01 -1.499116039276123047e+01
-6.926883697509765625e+01 -5.161904907226562500e+01
-5.547615432739257812e+01 -2.330962944030761719e+01
-6.526573944091796875e+01 -3.298220825195312500e+01
-4.569629287719726562e+01 1.289969825744628906e+01
-7.555259704589843750e+01 -1.091741919517517090e+00
-3.306529235839843750e+01 -4.151895523071289062e+01
-7.273054504394531250e+01 2.118043518066406250e+01
-4.451976394653320312e+01 -4.230791091918945312e+01
-8.123957824707031250e+01 -1.996531486511230469e+01
-5.178988265991210938e+01 -2.953891754150390625e+01
-8.469791412353515625e+01 6.095460891723632812e+00
-3.546242904663085938e+01 1.704125785827636719e+01
-2.952931785583496094e+01 2.790257644653320312e+01
-4.642473220825195312e+01 1.885576820373535156e+01
-8.031420898437500000e+01 -1.847652053833007812e+01
-6.650615692138671875e+01 6.774689197540283203e+00
-2.780189132690429688e+01 -8.356531143188476562e+00
-3.180883789062500000e+01 -3.366169738769531250e+01
-6.264381790161132812e+01 1.248095798492431641e+01
-5.292623901367187500e+01 -1.646882534027099609e+00
-5.486099624633789062e+01 -4.351469421386718750e+01
3.740625762939453125e+01 -5.905571937561035156e+00
-7.723937225341796875e+01 -2.338693237304687500e+01
-7.099121093750000000e+01 -1.603857231140136719e+01
-4.803195953369140625e+01 -2.433203697204589844e+01
-4.276667785644531250e+01 -2.659713363647460938e+01
-7.207912445068359375e+01 -1.537429046630859375e+01
-7.711883544921875000e+01 -5.760658740997314453e+00
-5.410462188720703125e+01 -1.909182548522949219e+01
-3.589992904663085938e+01 2.817922115325927734e+00
-3.942766571044921875e+01 -3.406241989135742188e+01
-4.116955184936523438e+01 -2.806244659423828125e+01
-3.420152664184570312e+01 -3.437136840820312500e+01
-6.952291107177734375e+01 -1.191314411163330078e+01
-3.489620208740234375e+01 -1.493582153320312500e+01
-6.341786193847656250e+01 3.153712272644042969e+01
-4.127790451049804688e+01 1.558566188812255859e+01
-6.804801940917968750e+01 2.818818092346191406e+01
-7.426586151123046875e+01 2.820429801940917969e+00
-5.087548446655273438e+01 -3.759001922607421875e+01
-4.603025054931640625e+01 -4.300688743591308594e+00
-5.163476943969726562e+01 -4.925320053100585938e+01
-4.253700256347656250e+01 -8.323984146118164062e+00
-4.322032165527343750e+01 -1.672936439514160156e+01
-4.673223495483398438e+01 -4.793577194213867188e+01
-6.887560272216796875e+01 -3.452790975570678711e+00
-6.231531524658203125e+01 1.621746444702148438e+01
-7.313054656982421875e+01 9.107682704925537109e-01
-4.414693832397460938e+01 1.913883209228515625e+01
-1.572011375427246094e+01 -1.672113418579101562e+01
-6.901821899414062500e+01 -2.612268829345703125e+01
-6.679852294921875000e+01 2.154278373718261719e+01
-6.993434906005859375e+01 2.729746055603027344e+01
-3.121782875061035156e+01 -3.637007141113281250e+01
-8.661267280578613281e+00 -4.027711105346679688e+01
-7.442535400390625000e+01 3.205491065979003906e+00
-4.363299942016601562e+01 -4.415752410888671875e+01
-7.058248901367187500e+01 1.517312884330749512e+00
-6.009932327270507812e+01 -2.199273872375488281e+01
-7.702273559570312500e+01 -2.164407491683959961e+00
-2.454466629028320312e+01 -3.478930282592773438e+01
-3.830605697631835938e+01 -2.484407615661621094e+01
-3.282967376708984375e+01 1.014253616333007812e+01
-4.867029571533203125e+01 -2.970191955566406250e+01
-3.587963104248046875e+01 -1.771304512023925781e+01
-2.955845832824707031e+01 -4.043652343750000000e+01
-6.476677703857421875e+01 -1.791930007934570312e+01
-3.567621231079101562e+01 -5.049310302734375000e+01
-3.277405929565429688e+01 -1.833760070800781250e+01
-3.319981002807617188e+01 2.824041366577148438e+01
-6.811801147460937500e+01 -4.962422370910644531e+00
3.852966690063476562e+01 -1.077704906463623047e+01
-7.202504730224609375e+01 -1.933335876464843750e+01
-7.457646942138671875e+01 -7.779860973358154297e+00
-5.765648269653320312e+01 -2.594431686401367188e+01
-6.896269989013671875e+01 -4.627523803710937500e+01
-3.269214630126953125e+01 5.335251688957214355e-01
-6.211226654052734375e+01 4.022146224975585938e+00
-3.269366836547851562e+01 -3.722690582275390625e+01
-3.491764831542968750e+01 2.813933563232421875e+01
-7.383234405517578125e+01 -2.148549079895019531e+01
-4.423587417602539062e+01 -4.748985671997070312e+01
-4.838479614257812500e+01 -1.147911262512207031e+01
-7.616215515136718750e+01 2.315404510498046875e+01
-4.970749282836914062e+01 -4.972863769531250000e+01
-8.371433258056640625e+01 -2.931666374206542969e+01
-8.198777008056640625e+01 1.703005218505859375e+01
-9.769407272338867188e+00 -3.637069320678710938e+01
-2.053761672973632812e+01 -1.946597695350646973e+00
-7.440389251708984375e+01 -7.583906054496765137e-01
-7.789179229736328125e+01 3.876340091228485107e-01
-1.585077857971191406e+01 -2.996695899963378906e+01
-6.576678466796875000e+01 1.185801601409912109e+01
-6.230644607543945312e+01 8.114588856697082520e-01
-4.893264389038085938e+01 -2.839991760253906250e+01
-4.986142349243164062e+01 -5.116805648803710938e+01
-1.691478157043457031e+01 -3.880260848999023438e+01
-4.344236373901367188e+01 -1.729625320434570312e+01
-4.609944534301757812e+01 -1.827383613586425781e+01
-5.529868316650390625e+01 4.658640861511230469e+00
-3.468265533447265625e+01 -2.574718856811523438e+01
-6.817693328857421875e+01 -1.400495052337646484e+01
-2.908683013916015625e+01 1.948571014404296875e+01
-1.227986526489257812e+01 6.932788085937500000e+01
-4.560120773315429688e+01 -3.559128284454345703e+00
-5.110170364379882812e+01 -1.978072166442871094e+01
-2.440651130676269531e+01 3.124018859863281250e+01
-4.406783676147460938e+01 -2.654106903076171875e+01
-4.338413238525390625e+01 -4.531722259521484375e+01
-7.457720947265625000e+01 2.456058883666992188e+01
-7.518819427490234375e+01 -7.839971542358398438e+00
-2.823905754089355469e+01 9.712469100952148438e+00
-7.843768310546875000e+01 2.555288696289062500e+01
-5.763924407958984375e+01 6.743124485015869141e+00
-6.328165817260742188e+01 -1.986997413635253906e+01
-2.790728378295898438e+01 3.026394844055175781e+01
-6.896946716308593750e+01 2.704092407226562500e+01
-6.958886718750000000e+01 -4.425533294677734375e+00
-6.218175888061523438e+01 -1.255136775970458984e+01
-3.504753875732421875e+01 -2.090897750854492188e+01
5.476926422119140625e+01 -1.550975799560546875e+01
3.435061264038085938e+01 -4.724098682403564453e+00
-3.964433670043945312e+01 -2.481736183166503906e+01
-5.357558059692382812e+01 -5.109474945068359375e+01
-1.867306518554687500e+01 -3.305477905273437500e+01
-8.368173980712890625e+01 5.204729557037353516e+00
-2.068320274353027344e+01 -3.653565883636474609e+00
-5.863208389282226562e+01 -2.057673835754394531e+01
-4.273873519897460938e+01 -4.468490600585937500e+01
-7.926317596435546875e+01 9.179681777954101562e+00
-4.365584564208984375e+01 5.524196624755859375e+00
-8.833950042724609375e+01 -4.579088211059570312e+00
-4.692040634155273438e+01 -2.820182609558105469e+01
-6.785167694091796875e+01 -1.719301104545593262e+00
-4.604664993286132812e+01 -1.969540023803710938e+01
-6.437350463867187500e+01 1.760249328613281250e+01
-3.238859176635742188e+01 -1.389966011047363281e+01
-7.849189758300781250e+01 -1.859259986877441406e+01
-8.183651733398437500e+01 1.765287971496582031e+01
6.544164276123046875e+01 9.927111625671386719e+00
-2.614479064941406250e+01 -2.870875930786132812e+01
4.329983901977539062e+01 4.970463180541992188e+01
-5.986350631713867188e+01 -2.504183006286621094e+01
-7.478688812255859375e+01 -1.179401874542236328e+01
8.056400299072265625e+00 7.327211761474609375e+01
-7.427177429199218750e+01 -3.111861038208007812e+01
-4.013461303710937500e+01 -1.781380081176757812e+01
-1.661941909790039062e+01 -1.671979331970214844e+01
-6.882260894775390625e+01 1.501845264434814453e+01
-2.240651702880859375e+01 -6.545227169990539551e-01
-3.065733337402343750e+01 3.021924972534179688e+01
-2.721423530578613281e+01 -4.166432952880859375e+01
-4.490759658813476562e+01 7.328884124755859375e+00
-7.443463134765625000e+01 -3.161607503890991211e+00
-5.917330169677734375e+01 -1.826177787780761719e+01
-3.087509918212890625e+01 1.464712619781494141e+01
-5.416753005981445312e+01 -1.735688591003417969e+01
-3.547589874267578125e+01 -8.412459373474121094e+00
-1.795175170898437500e+01 -4.351920700073242188e+01
-3.829624176025390625e+01 -2.408992576599121094e+01
-5.419526672363281250e+01 9.832135200500488281e+00
-3.399976348876953125e+01 -4.433204650878906250e+01
-4.586253356933593750e+01 -4.005624389648437500e+01
-5.361707687377929688e+01 -2.782189750671386719e+01
-6.207986831665039062e+01 -1.809844017028808594e+01
-2.043702888488769531e+01 -4.088544845581054688e+01
-4.934511947631835938e+01 -2.813952636718750000e+01
-5.092069625854492188e+01 1.451970863342285156e+01
-6.272761154174804688e+01 1.329986667633056641e+01
-3.961130523681640625e+01 -2.951952743530273438e+01
-6.573062133789062500e+01 1.324694252014160156e+01
-9.841744422912597656e+00 -3.756638336181640625e+01
-8.083597564697265625e+01 -9.080559730529785156e+00
-4.393572998046875000e+01 -4.110332131385803223e-01
-7.629621124267578125e+01 1.752925300598144531e+01
-3.526360702514648438e+01 -7.827790260314941406e+00
-3.235184097290039062e+01 2.769421637058258057e-01
-3.719000244140625000e+01 -1.986629128456115723e+00
-3.706157684326171875e+01 -4.340342044830322266e+00
-4.777832412719726562e+01 -2.780059814453125000e+01
-4.773845291137695312e+01 -2.090722274780273438e+01
-3.142991256713867188e+01 -2.866213226318359375e+01
-8.193532562255859375e+01 2.258707618713378906e+01
-2.398351860046386719e+01 2.357915163040161133e+00
-4.253706741333007812e+01 4.350033402442932129e-01
-2.004597091674804688e+01 2.249880409240722656e+01
-2.227187919616699219e+01 -3.798244094848632812e+01
-2.203438568115234375e+01 -3.886468505859375000e+01
7.076870727539062500e+01 -3.849178695678710938e+01
-2.093211746215820312e+01 -4.161666870117187500e+01
-5.415610504150390625e+01 -2.790354537963867188e+01
-6.918772888183593750e+01 2.281594276428222656e+00
-6.959174346923828125e+01 1.239334774017333984e+01
-1.569145202636718750e+01 -9.660493850708007812e+00
-7.289870452880859375e+01 1.890175247192382812e+01
-5.031145858764648438e+01 -2.602247810363769531e+01
-4.945941543579101562e+01 -1.322626209259033203e+01
-1.206734275817871094e+01 -4.306493377685546875e+01
-1.786140441894531250e+01 -3.964507293701171875e+01
-5.100205993652343750e+01 -2.428835487365722656e+01
-6.573573303222656250e+01 2.277908897399902344e+01
-5.997900390625000000e+01 1.839043998718261719e+01
-5.480542373657226562e+01 -1.489753723144531250e+01
-7.169190979003906250e+01 -2.291371154785156250e+01
-3.915957260131835938e+01 -1.761864471435546875e+01
-4.849850082397460938e+01 -2.921945571899414062e+01
-7.141842651367187500e+01 1.492240619659423828e+01
-7.112258148193359375e+01 1.385621643066406250e+01
-5.077695083618164062e+01 -1.563386440277099609e+01
-7.993433380126953125e+01 -2.030754661560058594e+01
-7.237944030761718750e+01 -2.441633415222167969e+01
-2.261749649047851562e+01 -3.570075607299804688e+01
-4.169196319580078125e+01 2.040788078308105469e+01
-4.989216995239257812e+01 -2.523280906677246094e+01
-2.477309417724609375e+01 -4.151916885375976562e+01
-6.646389770507812500e+01 1.433746910095214844e+01
-6.126958847045898438e+01 -2.177755737304687500e+01
-2.965076637268066406e+01 1.796418547630310059e+00
-5.998918914794921875e+01 -7.829733371734619141e+00
-3.451709747314453125e+01 9.707018852233886719e+00
-3.174271202087402344e+01 3.105738878250122070e+00
-4.558739089965820312e+01 -2.679971313476562500e+01
-5.113714981079101562e+01 -1.848540496826171875e+01
-4.159278488159179688e+01 7.011450290679931641e+00
-6.509067535400390625e+01 -3.478797912597656250e+01
-4.712454223632812500e+01 -3.841659545898437500e+00
-1.063833141326904297e+01 -3.581829833984375000e+01
-3.122424507141113281e+01 -2.668502616882324219e+01
-3.338400268554687500e+01 -3.471065521240234375e+01
-4.208055877685546875e+01 8.325511932373046875e+00
-5.536056137084960938e+01 -3.340978622436523438e+01
-5.902352905273437500e+01 7.139032363891601562e+00
-7.192421722412109375e+01 -1.000851821899414062e+01
-6.692041778564453125e+01 -1.253030586242675781e+01
-6.160076522827148438e+01 -2.098834037780761719e+01
-5.296500015258789062e+01 -1.934598541259765625e+01
-7.377071380615234375e+01 -3.741905593872070312e+01
-7.711843872070312500e+01 -1.784845161437988281e+01
-4.841666030883789062e+01 -3.039863395690917969e+01
-7.102857208251953125e+01 -8.849262237548828125e+00
-6.618207550048828125e+01 -1.463965511322021484e+01
-3.553239440917968750e+01 -2.895107650756835938e+01
-6.948645782470703125e+01 -3.013737201690673828e+00
-3.552980804443359375e+01 -4.229624938964843750e+01
-7.379283142089843750e+01 2.261907196044921875e+01
-7.360048675537109375e+01 -2.267698478698730469e+01
-5.709760665893554688e+01 1.014873886108398438e+01
-7.312610626220703125e+01 -1.673959541320800781e+01
-2.263552284240722656e+01 -3.962033843994140625e+01
-1.598021125793457031e+01 -2.986561775207519531e+01
-8.216775512695312500e+01 -1.621727198362350464e-01
-6.818187713623046875e+01 -5.450045108795166016e+00
-4.963097000122070312e+01 -1.909578800201416016e+00
-6.676610565185546875e+01 -3.276840591430664062e+01
4.518394088745117188e+01 2.584525680541992188e+01
-3.261778259277343750e+01 -3.538328552246093750e+01
-2.297437095642089844e+01 -5.829453945159912109e+00
-2.265279769897460938e+01 -3.515904998779296875e+01
-3.186797618865966797e+00 6.640321350097656250e+01
-3.327462005615234375e+01 -3.548496484756469727e+00
-6.796527099609375000e+01 2.837309074401855469e+01
-2.724888610839843750e+01 -3.361473846435546875e+01
-7.126446533203125000e+01 -7.285102844238281250e+00
-7.063243103027343750e+01 1.817705917358398438e+01
-4.506840133666992188e+01 -3.149609804153442383e+00
-7.144506835937500000e+01 -2.991495895385742188e+01
-4.977257537841796875e+01 -3.414067077636718750e+01
-7.985898590087890625e+01 7.160811901092529297e+00
-5.229196166992187500e+01 -1.960606384277343750e+01
-4.466323852539062500e+01 -4.427766418457031250e+01
-5.088385391235351562e+01 -4.221001434326171875e+01
-7.062331390380859375e+01 -2.128423309326171875e+01
-3.577523803710937500e+01 2.477696418762207031e+00
-4.734015274047851562e+01 -1.672374725341796875e+01
-4.545442962646484375e+01 -2.611507797241210938e+01
-7.212488555908203125e+01 2.687480688095092773e+00
-2.059549522399902344e+01 -3.543983459472656250e+01
-4.019586181640625000e+01 9.246210098266601562e+00
-4.832647323608398438e+01 5.266526222229003906e+00
-4.112458038330078125e+01 -1.386478042602539062e+01
-3.099699974060058594e+01 -5.001543998718261719e+00
-6.613866424560546875e+01 -2.250484275817871094e+01
-4.848596191406250000e+01 5.213114261627197266e+00
-2.239373779296875000e+01 2.493187713623046875e+01
4.821137619018554688e+01 -4.346774101257324219e+00
-6.038732147216796875e+01 -4.635007476806640625e+01
-7.510285949707031250e+01 -1.304068470001220703e+01
-8.834539031982421875e+01 -4.292565345764160156e+00
-6.685300445556640625e+01 2.114214658737182617e+00
-3.346162033081054688e+01 2.229606819152832031e+01
-6.226826095581054688e+01 1.718811416625976562e+01
-2.110677337646484375e+01 -2.919940948486328125e+01
-6.848252105712890625e+01 1.805458831787109375e+01
-2.504010772705078125e+01 2.684958457946777344e+01
-9.625369071960449219e+00 -3.277256393432617188e+01
-6.710651397705078125e+01 2.433344870805740356e-01
-6.649404907226562500e+01 1.868237686157226562e+01
-4.358246231079101562e+01 -4.563017654418945312e+01
-4.214667510986328125e+01 -1.864853858947753906e+01
-4.733257293701171875e+01 -1.614702224731445312e+01
-6.795829010009765625e+01 1.619815826416015625e+01
-3.317431259155273438e+01 3.014507484436035156e+01
-5.369891357421875000e+01 1.307347774505615234e+01
-6.515515136718750000e+01 -6.660886287689208984e+00
-2.558730506896972656e+01 2.859745025634765625e+01
-1.923367500305175781e+01 -1.143489074707031250e+01
-3.698788070678710938e+01 1.741438293457031250e+01
-4.923253631591796875e+01 -8.618909716606140137e-01
-3.017067909240722656e+01 -2.802651977539062500e+01
-5.017403793334960938e+01 -3.717925643920898438e+01
-3.191852951049804688e+01 -1.103339385986328125e+01
-5.081694412231445312e+01 2.654108810424804688e+01
-3.111010742187500000e+01 -2.439627838134765625e+01
-4.670813369750976562e+01 3.316185760498046875e+01
-3.506942749023437500e+01 -1.691838264465332031e+01
-6.947988128662109375e+01 -3.118325805664062500e+01
5.156052780151367188e+01 -1.917695617675781250e+01
-7.389931488037109375e+01 -1.244003486633300781e+01
-5.802341842651367188e+01 1.823624420166015625e+01
-7.236035919189453125e+01 -2.294973373413085938e+01
-5.376236343383789062e+01 -3.797364425659179688e+01
-6.908681488037109375e+01 -2.131394958496093750e+01
-4.081653594970703125e+01 -2.846091079711914062e+01
-3.750953674316406250e+01 -3.704162216186523438e+01
-1.851617050170898438e+01 2.235071372985839844e+01
-1.844585037231445312e+01 -3.862025070190429688e+01
-4.030245590209960938e+01 2.698423194885253906e+01
-4.498870468139648438e+01 1.817012786865234375e+01
-5.093904113769531250e+01 1.696804809570312500e+01
-4.244535064697265625e+01 -3.117051315307617188e+01
-5.049724578857421875e+01 -1.249301815032958984e+01
-3.972133255004882812e+01 1.777569198608398438e+01
-1.515438556671142578e+01 -3.873968505859375000e+01
3.235247421264648438e+01 -1.358473396301269531e+01
-7.436792755126953125e+01 2.443202209472656250e+01
-7.462161254882812500e+01 -2.072429656982421875e+01
-7.142972564697265625e+01 -1.753730964660644531e+01
-7.000608825683593750e+01 -3.465916872024536133e+00
-1.675844955444335938e+01 -3.082146453857421875e+01
-5.516822433471679688e+01 8.955030441284179688e+00
4.001612091064453125e+01 -3.056066513061523438e+01
-6.983651733398437500e+01 -1.569190788269042969e+01
-7.480982780456542969e+00 7.725427246093750000e+01
-2.966345024108886719e+01 -2.994044303894042969e+01
9.021287536621093750e+01 -4.210978507995605469e+00
-3.539463806152343750e+01 -6.902170181274414062e+00
-5.118859863281250000e+01 -2.342048072814941406e+01
-6.460568237304687500e+01 -5.630404472351074219e+00
-5.145430374145507812e+01 8.715083122253417969e+00
-5.410742950439453125e+01 8.735581398010253906e+00
-6.925400543212890625e+01 3.820239067077636719e+00
-1.715473556518554688e+01 -3.469869232177734375e+01
-5.520216369628906250e+01 -2.079844284057617188e+01
-3.438322067260742188e+01 -7.488344669342041016e+00
-2.429870223999023438e+01 -2.982345771789550781e+01
-1.455768203735351562e+01 -1.810776519775390625e+01
6.625827789306640625e+01 -1.987598800659179688e+01
-2.619845962524414062e+01 -3.804939651489257812e+01
-4.134942245483398438e+01 -2.759206581115722656e+01
-5.547653961181640625e+01 -5.404091644287109375e+01
-3.308061218261718750e+01 -1.653019332885742188e+01
-5.697732925415039062e+01 -2.744866561889648438e+01
-5.466997909545898438e+01 -2.149843215942382812e+01
-3.322681808471679688e+01 -5.134038448333740234e+00
-7.593128967285156250e+01 -1.653929901123046875e+01
-5.976802444458007812e+01 1.653890252113342285e+00
-7.148643493652343750e+01 5.513986110687255859e+00
-6.678268432617187500e+01 -2.267364120483398438e+01
-3.238018035888671875e+01 2.855593204498291016e+00
-2.339545059204101562e+01 -1.487739849090576172e+01
-6.734242248535156250e+01 -1.665002441406250000e+01
-4.147049713134765625e+01 -2.147054433822631836e+00
-4.027710723876953125e+01 5.206853866577148438e+00
-4.005937957763671875e+01 2.269005584716796875e+01
-1.365318202972412109e+01 -4.372079467773437500e+01
-4.060515594482421875e+01 -6.548288345336914062e+00
-6.499906158447265625e+01 2.184203529357910156e+01
-1.438207530975341797e+01 -4.264611053466796875e+01
-4.577988433837890625e+01 5.893731117248535156e+00
-2.831335449218750000e+01 7.824332714080810547e+00
-5.801718139648437500e+01 3.404880142211914062e+01
-4.315400314331054688e+01 -4.714199066162109375e+01
4.416743850708007812e+01 1.931129264831542969e+01
-5.789897537231445312e+01 -4.365397262573242188e+01
-7.055579376220703125e+01 2.156009864807128906e+01
-5.499443054199218750e+01 -1.618327331542968750e+01
-6.847711944580078125e+01 4.416610240936279297e+00
-8.950760841369628906e+00 -4.389541625976562500e+01
-2.779595184326171875e+01 2.058073425292968750e+01
-8.080656433105468750e+01 8.419566154479980469e+00
-1.960416030883789062e+01 -1.695390510559082031e+01
-4.740868377685546875e+01 -1.516500949859619141e+01
-6.290764999389648438e+01 1.171969795227050781e+01
-3.197580146789550781e+01 -2.089489173889160156e+01
-7.662906646728515625e+01 -4.350001811981201172e+00
-1.086191082000732422e+01 -4.300014495849609375e+01
-7.110630798339843750e+01 -4.832561016082763672e+00
-5.261929702758789062e+01 -1.616628646850585938e+01
-8.688972473144531250e+00 -4.571647644042968750e+01
-4.276087951660156250e+01 -2.023313522338867188e+01
-4.899707412719726562e+01 -4.844844818115234375e+00
-4.091324996948242188e+01 2.725866127014160156e+01
-7.482515716552734375e+01 -1.122111129760742188e+01
-2.898538589477539062e+01 1.134202861785888672e+01
-6.684789276123046875e+01 -1.203862571716308594e+01
-4.932085418701171875e+01 1.902264976501464844e+01
-3.787277603149414062e+01 -1.692951583862304688e+01
-5.757156372070312500e+01 3.127989768981933594e+00
-6.751595306396484375e+01 1.472677707672119141e+01
-6.161357879638671875e+01 -2.709415912628173828e+00
-2.235477447509765625e+01 -3.631010818481445312e+01
-7.739241027832031250e+01 -1.566451644897460938e+01
-6.383563518524169922e+00 8.300247192382812500e+01
-2.332101821899414062e+01 -3.799432373046875000e+01
-7.560958862304687500e+01 -1.524208307266235352e+00
-2.640079879760742188e+01 -2.383373451232910156e+01
-4.772981643676757812e+01 -2.994489479064941406e+01
-5.685888290405273438e+01 2.643858194351196289e+00
6.410278320312500000e+01 -8.731204986572265625e+00
-4.111815261840820312e+01 -2.074431610107421875e+01
-3.744146728515625000e+01 2.654350662231445312e+01
-5.394473648071289062e+01 1.467843437194824219e+01
-4.554062652587890625e+01 -2.362231254577636719e+01
-6.572970581054687500e+01 -6.124864101409912109e+00
-4.244221115112304688e+01 1.461004161834716797e+01
-6.573590850830078125e+01 -2.054334831237792969e+01
-1.830671501159667969e+01 -3.530361557006835938e+01
-8.009661865234375000e+01 -1.311864662170410156e+01
5.747592926025390625e+01 -2.002031898498535156e+01
-7.395088958740234375e+01 2.409585380554199219e+01
-1.934004211425781250e+01 -3.531610107421875000e+01
-8.089823913574218750e+01 4.958456039428710938e+00
-3.251200103759765625e+01 -2.528217315673828125e+01
5.686396408081054688e+01 -1.440856647491455078e+01
5.503083801269531250e+01 5.612141609191894531e+00
-7.689708709716796875e+01 2.018142509460449219e+01
-4.401795959472656250e+01 -1.473634243011474609e+01
-6.145107650756835938e+01 -5.303759002685546875e+01
-4.598097610473632812e+01 2.428798866271972656e+01
-6.466373443603515625e+01 2.428698348999023438e+01
-6.171171188354492188e+01 2.610730552673339844e+01
-7.413182067871093750e+01 -2.392719650268554688e+01
-2.997090721130371094e+01 -2.837318801879882812e+01
-7.306476593017578125e+01 -2.027324676513671875e+01
4.917727947235107422e+00 7.174351501464843750e+01
3.185801315307617188e+01 -1.329474067687988281e+01
-4.789550781250000000e+01 -2.635400199890136719e+01
-3.000034523010253906e+01 -5.209137916564941406e+00
4.722872543334960938e+01 3.301704025268554688e+01
-4.022624206542968750e+01 5.384779453277587891e+00
-8.393981170654296875e+01 -9.104739189147949219e+00
-3.246207046508789062e+01 1.202964591979980469e+01
-3.152679443359375000e+01 -1.255031871795654297e+01
-2.646193885803222656e+01 1.011391067504882812e+01
-5.345788574218750000e+01 1.738445663452148438e+01
-2.720234489440917969e+01 -1.773222923278808594e+01
-2.828628540039062500e+01 -2.506805801391601562e+01
-5.030418014526367188e+01 -2.073609161376953125e+01
-3.569329071044921875e+01 -4.478484392166137695e-01
-5.006646728515625000e+01 -1.728697776794433594e+01
-4.258516311645507812e+01 -3.044565773010253906e+01
-6.960236358642578125e+01 1.421725845336914062e+01
-3.746684265136718750e+01 2.651375198364257812e+01
-7.835240173339843750e+01 -6.654993057250976562e+00
-4.309840774536132812e+01 1.266831874847412109e+01
-3.793730926513671875e+01 2.352488327026367188e+01
-2.684155273437500000e+01 -3.509308576583862305e+00
-5.229616928100585938e+01 -2.102124404907226562e+01
-1.718326187133789062e+01 -3.461379623413085938e+01
-7.083879089355468750e+01 -1.563479328155517578e+01
-9.370362281799316406e+00 7.301878356933593750e+01
-2.189307975769042969e+01 -4.012218856811523438e+01
-3.453814315795898438e+01 2.881160163879394531e+01
-2.427189064025878906e+01 -3.095391035079956055e+00
-5.134103393554687500e+01 1.953821754455566406e+01
-5.776454162597656250e+01 -2.272812080383300781e+01
-8.306200027465820312e+00 -4.093574142456054688e+01
-6.614678955078125000e+01 -2.580521774291992188e+01
-3.386221313476562500e+01 3.828884887695312500e+01
-2.743077278137207031e+01 -3.558079147338867188e+01
-6.914173126220703125e+01 -4.763100814819335938e+01
-3.760187911987304688e+01 -3.539549112319946289e+00
-3.978227615356445312e+01 -3.933970642089843750e+01
-4.401569366455078125e+01 -3.533740234375000000e+01
-2.961006927490234375e+01 -2.452474021911621094e+01
-1.883403015136718750e+01 5.661086440086364746e-01
-3.198622703552246094e+01 -1.875990676879882812e+01
-7.641287994384765625e+01 -1.263058853149414062e+01
-4.672418212890625000e+01 -4.462774658203125000e+01
7.166088104248046875e+01 9.737590789794921875e+00
-6.573124694824218750e+01 8.473043441772460938e+00
-3.906705093383789062e+01 -1.761540412902832031e+01
-6.370575714111328125e+01 3.472854852676391602e+00
-2.778984451293945312e+01 1.506366920471191406e+01
-1.745712471008300781e+01 -1.531917667388916016e+01
-2.718561172485351562e+01 -2.240375328063964844e+01
-2.453890228271484375e+01 -3.022839307785034180e+00
-2.820071411132812500e+01 -2.556876564025878906e+01
-5.723423767089843750e+01 -2.197064208984375000e+01
3.330877685546875000e+01 -4.741701126098632812e+00
-2.158866691589355469e+01 -1.660874366760253906e+01
-7.982524871826171875e+01 6.031660079956054688e+00
-7.383971405029296875e+01 -8.006221771240234375e+00
-2.322850418090820312e+01 -1.252191162109375000e+01
-7.656439971923828125e+01 4.755831658840179443e-01
-8.160330772399902344e+00 -3.849736785888671875e+01
-4.012990951538085938e+01 -4.002748870849609375e+01
-1.834454154968261719e+01 2.439723014831542969e+01
-2.915687179565429688e+01 -2.936970901489257812e+01
-1.907973480224609375e+01 3.317909240722656250e+00
-9.979585647583007812e+00 -4.042401504516601562e+01
-3.196692085266113281e+01 -2.961626243591308594e+01
-3.324220657348632812e+01 1.278760719299316406e+01
-3.829869461059570312e+01 2.858022308349609375e+01
-6.015878677368164062e+01 -2.189974212646484375e+01
-2.801034355163574219e+01 -2.879336738586425781e+01
-2.888312339782714844e+01 -2.662081718444824219e+01
-5.944355392456054688e+01 1.574056625366210938e+01
-3.738835906982421875e+01 -1.185214233398437500e+01
-5.791456985473632812e+01 7.258429050445556641e+00
-5.550368881225585938e+01 2.958963584899902344e+01
9.961064904928207397e-02 6.486383056640625000e+01
-5.760633087158203125e+01 -5.071439266204833984e+00
-5.387298583984375000e+01 1.575585269927978516e+01
4.801782989501953125e+01 -2.123834991455078125e+01
-4.105744934082031250e+01 9.243959426879882812e+00
-1.846762657165527344e+01 -1.120952701568603516e+01
-3.059999084472656250e+01 -2.609950447082519531e+01
-7.392477416992187500e+01 -5.044615864753723145e-01
-2.533963203430175781e+00 9.505521392822265625e+01
-2.302202415466308594e+01 -5.844686508178710938e+00
-6.551996612548828125e+01 -8.320605278015136719e+00
-2.008257293701171875e+01 1.287810420989990234e+01
-4.374869155883789062e+01 -4.632781219482421875e+01
-3.419971847534179688e+01 1.244661712646484375e+01
2.951996326446533203e+00 7.115402984619140625e+01
-3.120811080932617188e+01 2.968974113464355469e+01
-7.130020904541015625e+01 -5.957571864128112793e-01
-1.156347274780273438e+01 -4.118831253051757812e+01
-5.156787109375000000e+01 7.427664279937744141e+00
-8.189723968505859375e+01 1.344062137603759766e+01
-2.891655921936035156e+01 2.192614746093750000e+01
-2.297215461730957031e+01 -3.450445175170898438e+01
-5.858300399780273438e+01 2.339204597473144531e+01
-7.142981719970703125e+01 -4.221710586547851562e+01
-9.735578536987304688e+00 -4.172994613647460938e+01
-5.167115020751953125e+01 -1.781304359436035156e+01
-5.568819427490234375e+01 2.589851570129394531e+01
-5.531498718261718750e+01 1.024730205535888672e+00
-6.138528823852539062e+01 -2.040367698669433594e+01
-5.527564620971679688e+01 1.621601676940917969e+01
-4.286640930175781250e+01 1.451202583312988281e+01
-6.919577026367187500e+01 1.324209499359130859e+01
-4.325286865234375000e+01 7.188374042510986328e+00
-6.938999176025390625e+01 1.037195205688476562e+01
-4.461724090576171875e+01 -2.047606849670410156e+01
-2.342863464355468750e+01 -4.600625228881835938e+01
-7.241263580322265625e+01 -2.555917978286743164e+00
-5.593652343750000000e+01 2.320041847229003906e+01
-4.578090286254882812e+01 -2.315509986877441406e+01
-3.467979431152343750e+01 -1.450108051300048828e+01
-3.804024505615234375e+01 -6.582410812377929688e+00
5.603454589843750000e+01 -3.980724334716796875e+00
-6.476537322998046875e+01 1.449174594879150391e+01
-3.201269149780273438e+01 3.505234146118164062e+01
-8.400978088378906250e+00 -3.904288101196289062e+01
-1.239403438568115234e+01 -3.724565124511718750e+01
-1.086748504638671875e+01 -3.208033752441406250e+01
-5.526893615722656250e+01 -3.058535194396972656e+01
-5.654303741455078125e+01 1.204397487640380859e+01
-4.113541412353515625e+01 -4.951346588134765625e+01
-5.674167251586914062e+01 1.231819438934326172e+01
-2.416887474060058594e+01 -1.210825634002685547e+01
-2.918864059448242188e+01 9.570537209510803223e-01
-2.040822410583496094e+01 1.415824294090270996e+00
-4.553773880004882812e+01 2.425440216064453125e+01
-4.772764587402343750e+01 -2.087117958068847656e+01
-1.812927436828613281e+01 -1.320257091522216797e+01
-3.052662277221679688e+01 -3.578776168823242188e+01
-7.411167907714843750e+01 -1.699377059936523438e+01
-7.616216278076171875e+01 -1.749455642700195312e+01
-5.065056991577148438e+01 1.180192852020263672e+01
-2.154367446899414062e+01 2.603263473510742188e+01
-5.641495704650878906e+00 -3.686541748046875000e+01
-4.446815490722656250e+01 6.502378940582275391e+00
-6.120348739624023438e+01 2.010052299499511719e+01
-2.133227729797363281e+01 -3.691445541381835938e+01
-3.172684669494628906e+01 -2.121895217895507812e+01
-5.919124984741210938e+01 -8.277064323425292969e+00
-4.573179244995117188e+01 2.575930023193359375e+01
-6.843788146972656250e+01 -2.762110710144042969e+01
-2.370265769958496094e+01 -3.012180709838867188e+01
-2.873848915100097656e+01 2.605921363830566406e+01
-3.775823593139648438e+01 2.559245872497558594e+01
-4.932990264892578125e+01 -2.738958549499511719e+01
-4.495973205566406250e+01 1.791941452026367188e+01
-7.237453460693359375e+01 2.686145591735839844e+01
-4.550366210937500000e+01 -2.271581459045410156e+01
-7.981459808349609375e+01 2.672840118408203125e+01
-5.983604049682617188e+01 -1.232857799530029297e+01
-3.381856918334960938e+01 3.861310577392578125e+01
-6.524369049072265625e+01 7.055799484252929688e+00
-3.737752532958984375e+01 -1.178041934967041016e+00
-5.900689315795898438e+01 2.476749038696289062e+01
-5.832587432861328125e+01 -8.641093254089355469e+00
-3.201590347290039062e+01 2.820850372314453125e+00
-7.174582672119140625e+01 -2.714355659484863281e+01
-8.641981506347656250e+01 1.630742454528808594e+01
-2.284520530700683594e+01 -1.620699310302734375e+01
-8.148177337646484375e+01 -1.220821857452392578e+01
-1.066378307342529297e+01 -3.489038848876953125e+01
-6.710134124755859375e+01 1.323624515533447266e+01
-6.044320297241210938e+01 2.956664085388183594e+00
-2.242792510986328125e+01 -4.077083206176757812e+01
-3.220777893066406250e+01 -1.553227043151855469e+01
-2.985513114929199219e+01 1.110427188873291016e+01
-6.751461029052734375e+01 -9.356311798095703125e+00
-1.478002166748046875e+01 -3.634161758422851562e+01
-2.112198257446289062e+01 1.250585079193115234e+01
-2.455226135253906250e+01 -3.881582260131835938e+01
-2.122957611083984375e+01 -3.892163467407226562e+01
-5.810944747924804688e+01 -1.241351890563964844e+01
-3.489247512817382812e+01 -2.977824401855468750e+01
-1.785375785827636719e+01 2.180119895935058594e+01
-6.047185897827148438e+01 1.619679069519042969e+01
-3.111827468872070312e+01 3.146393013000488281e+01
-1.695153617858886719e+01 -1.295922374725341797e+01
6.686333465576171875e+01 3.664168596267700195e+00
5.499956130981445312e+01 6.671968936920166016e+00
-5.272212219238281250e+01 2.250186920166015625e+01
-3.374402618408203125e+01 3.101532173156738281e+01
-3.559022140502929688e+01 1.505134296417236328e+01
-7.379039001464843750e+01 -2.534792327880859375e+01
-7.728964996337890625e+01 2.660651969909667969e+01
-6.751029968261718750e+01 -9.337438583374023438e+00
-6.426339721679687500e+01 1.162344360351562500e+01
-2.696998405456542969e+01 -3.209177017211914062e+01
-5.226646041870117188e+01 -2.247605895996093750e+01
-7.079664611816406250e+01 -1.335233116149902344e+01
-1.063937473297119141e+01 -4.127379989624023438e+01
