-3.306458282470703125e+01 1.834907722473144531e+01
-5.573947906494140625e+01 7.107198715209960938e+00
-3.894641876220703125e+01 1.913545608520507812e+01
4.220843505859375000e+01 -1.288278293609619141e+01
5.557989883422851562e+01 -1.813925552368164062e+01
5.273266220092773438e+01 -1.770724296569824219e+01
-3.536223220825195312e+01 -4.813257694244384766e+00
-3.978660964965820312e+01 1.273155498504638672e+01
-5.710701751708984375e+01 8.024687767028808594e+00
7.934943389892578125e+01 -9.113024711608886719e+00
-6.045742416381835938e+01 2.771481704711914062e+01
6.816050720214843750e+01 -2.329523468017578125e+01
-8.424552154541015625e+01 8.535523414611816406e+00
-2.216001701354980469e+01 -2.257806539535522461e+00
-8.400059509277343750e+01 -5.537643909454345703e+00
7.891181945800781250e+01 -1.503195858001708984e+01
-5.514781951904296875e+01 1.477130126953125000e+01
5.392631912231445312e+01 5.009291648864746094e+00
-1.880943870544433594e+01 -3.476997375488281250e+01
-9.561267852783203125e+00 -3.945901489257812500e+01
6.429696655273437500e+01 1.216040706634521484e+01
-7.348793029785156250e+01 -9.550045013427734375e+00
-8.293343353271484375e+01 -2.311514282226562500e+01
-2.972743034362792969e+01 -1.633192253112792969e+01
-5.152931213378906250e+01 -1.203266906738281250e+01
-3.535202789306640625e+01 -1.516813850402832031e+01
-5.751476287841796875e+01 1.968580961227416992e+00
-3.710342788696289062e+01 -8.356893539428710938e+00
-5.597985076904296875e+01 5.454149723052978516e+00
-5.981638336181640625e+01 -2.746874618530273438e+01
-8.371903991699218750e+01 2.209356689453125000e+01
-4.724424362182617188e+01 4.545471668243408203e+00
-8.610871315002441406e+00 -3.578730773925781250e+01
-7.657669830322265625e+01 -1.053114700317382812e+01
-5.361866378784179688e+01 1.577096557617187500e+01
-5.086207962036132812e+01 -5.185620880126953125e+01
-8.463248443603515625e+01 -1.607404708862304688e+01
-4.868181991577148438e+01 9.640845298767089844e+00
-8.043466186523437500e+01 8.281077384948730469e+00
-4.207893371582031250e+01 -8.390147209167480469e+00
-8.106781005859375000e+01 -3.251406097412109375e+01
-6.953484344482421875e+01 -3.793526649475097656e+00
-4.986987304687500000e+01 8.612242341041564941e-01
-3.456239461898803711e+00 -3.626692581176757812e+01
-8.013513946533203125e+01 -3.237983322143554688e+01
-1.805319786071777344e+01 -3.512564468383789062e+01
-3.815346908569335938e+01 3.707638025283813477e+00
-3.157897758483886719e+01 -2.438226890563964844e+01
1.147486038208007812e+02 -6.579045772552490234e+00
-2.158189964294433594e+01 -8.258450508117675781e+00
-6.896357727050781250e+01 2.157867813110351562e+01
-7.819793701171875000e+01 -2.046173286437988281e+01
-6.013891220092773438e+01 -2.718316459655761719e+01
-4.805448913574218750e+01 1.960312843322753906e+01
-9.996749877929687500e+00 -2.523318481445312500e+01
-7.209918212890625000e+01 3.972304761409759521e-01
-7.247886657714843750e+01 -1.426706027984619141e+01
-4.180594253540039062e+01 -2.673389196395874023e+00
-7.555067443847656250e+01 1.771368026733398438e+01
-8.187458038330078125e+01 1.357442092895507812e+01
-1.297008609771728516e+01 -1.604301452636718750e+01
-5.043027877807617188e+01 9.793811798095703125e+00
-4.692458343505859375e+01 4.025246143341064453e+00
-7.418396759033203125e+01 -2.710935783386230469e+01
6.673612976074218750e+01 -3.292994689941406250e+01
-7.686380767822265625e+01 -1.244033813476562500e+01
-7.644638061523437500e+01 1.212674236297607422e+01
-5.566362380981445312e+01 -1.954233741760253906e+01
-2.436217308044433594e+01 4.650326251983642578e+00
-8.712881469726562500e+01 1.815530776977539062e+01
-3.186716461181640625e+01 -1.003955268859863281e+01
-3.705051183700561523e+00 1.383456134796142578e+01
-3.069415092468261719e+01 1.696863746643066406e+01
-4.170005035400390625e+01 2.057338714599609375e+01
-6.629318237304687500e+01 -2.154744911193847656e+01
-2.429117202758789062e+01 -3.518702316284179688e+01
-4.922610473632812500e+01 -1.280171298980712891e+01
-4.979669189453125000e+01 -4.261952972412109375e+01
-4.142354583740234375e+01 1.637687683105468750e+01
-6.860627746582031250e+01 -2.249075126647949219e+01
-5.385278320312500000e+01 5.433995246887207031e+00
-4.019135284423828125e+01 2.982882022857666016e+00
-5.235820388793945312e+01 -4.260910034179687500e+01
-2.579903030395507812e+01 4.623057842254638672e+00
6.770187377929687500e+01 -1.317156887054443359e+01
-5.782434463500976562e+01 1.208280181884765625e+01
-4.990277481079101562e+01 -4.192745590209960938e+01
-9.345496177673339844e+00 -1.410971927642822266e+01
-4.892102432250976562e+01 -1.729765087366104126e-01
-3.173190498352050781e+01 -2.809059715270996094e+01
-6.536932373046875000e+01 -2.619105339050292969e+01
-8.106381225585937500e+01 -6.230380058288574219e+00
1.207796173095703125e+02 -1.539824962615966797e+01
-3.838196563720703125e+01 1.061726951599121094e+01
-8.418565368652343750e+01 2.787569999694824219e+01
-7.971049499511718750e+01 -2.711651802062988281e+01
5.900537109375000000e+01 -2.365197753906250000e+01
-5.669152069091796875e+01 2.491644859313964844e+00
-6.236945724487304688e+01 7.023655414581298828e+00
-4.707252502441406250e+01 1.831808567047119141e+00
8.138744354248046875e+01 -8.722309112548828125e+00
-7.421166992187500000e+01 -9.375884056091308594e+00
-4.777338790893554688e+01 -3.905826950073242188e+01
-2.069073200225830078e+00 6.187405776977539062e+01
-7.159681797027587891e+00 -3.912032699584960938e+01
-1.652506637573242188e+01 -3.037748336791992188e+01
-7.852163696289062500e+01 2.650004196166992188e+01
-6.416139984130859375e+01 -2.820160102844238281e+01
-7.693946838378906250e+01 -3.355936813354492188e+01
7.643970489501953125e+01 -2.312081336975097656e+01
-1.329534339904785156e+01 -3.437675857543945312e+01
-3.543598937988281250e+01 6.725884437561035156e+00
5.249060058593750000e+01 1.606012725830078125e+01
-7.441858673095703125e+01 -1.459256267547607422e+01
5.322156524658203125e+01 -1.435390853881835938e+01
-5.244496917724609375e+01 -5.138395309448242188e+01
-5.677890014648437500e+01 1.930987930297851562e+01
-7.999443817138671875e+01 -4.712686538696289062e+00
-5.918402862548828125e+01 -4.649347686767578125e+01
-5.709353256225585938e+01 -3.035281372070312500e+01
-4.155258941650390625e+01 6.104126453399658203e+00
-7.481350708007812500e+01 -2.280084800720214844e+01
-7.058502197265625000e+01 -3.048257446289062500e+01
-3.745058822631835938e+01 1.507343864440917969e+01
-1.138500976562500000e+01 -2.495093822479248047e+00
-4.729283905029296875e+01 4.642534732818603516e+00
-5.141030120849609375e+01 9.350407600402832031e+00
7.686398315429687500e+01 -3.730939626693725586e-01
-4.066082000732421875e+01 8.915593028068542480e-01
-6.218152618408203125e+01 7.047646045684814453e+00
-4.308819961547851562e+01 -5.213442611694335938e+01
-6.103214263916015625e+01 -4.279867172241210938e+01
-5.432374191284179688e+01 -8.907391548156738281e+00
-5.554862213134765625e+01 1.622101211547851562e+01
-5.266246795654296875e+01 -5.103931427001953125e+01
-4.603678512573242188e+01 -4.428870773315429688e+01
-5.893751525878906250e+01 -5.054796600341796875e+01
-6.477117061614990234e+00 -3.681966781616210938e+01
-6.109248733520507812e+01 -4.996554183959960938e+01
-7.924543762207031250e+01 -2.630054855346679688e+01
-6.769270324707031250e+01 1.661727714538574219e+01
-6.303445434570312500e+01 -2.194105720520019531e+01
-4.928093719482421875e+01 -5.169943237304687500e+01
-7.718701171875000000e+01 -3.468149423599243164e+00
-3.999890899658203125e+01 -3.682943344116210938e+01
-5.065135955810546875e+01 -2.020233869552612305e+00
-7.823699188232421875e+01 -5.785666465759277344e+00
-6.766119384765625000e+01 -3.705587005615234375e+01
-5.534289169311523438e+01 1.055626964569091797e+01
-4.988658142089843750e+01 -5.237842178344726562e+01
-6.262337493896484375e+01 -4.820071029663085938e+01
-3.233198165893554688e+01 -3.551976394653320312e+01
-5.816946411132812500e+01 -5.178594589233398438e+01
-7.873508453369140625e+01 -1.575096321105957031e+01
-4.609450531005859375e+01 -2.443944358825683594e+01
-5.730221939086914062e+01 -3.016750335693359375e+01
-5.689159774780273438e+01 4.530690610408782959e-01
-7.776068878173828125e+01 1.567951297760009766e+01
1.081252975463867188e+02 -2.005385589599609375e+01
-3.784119033813476562e+01 5.480206489562988281e+00
-5.443066406250000000e+01 -4.474694824218750000e+01
-5.829190063476562500e+01 9.144078254699707031e+00
-4.075605773925781250e+01 1.582204818725585938e+00
-4.687060546875000000e+01 -2.306395339965820312e+01
-5.767474651336669922e+00 -3.663463211059570312e+01
-6.186970520019531250e+01 -5.200899505615234375e+01
1.009744873046875000e+02 -2.433222007751464844e+01
-1.707530784606933594e+01 -2.983578681945800781e+01
-5.421938323974609375e+01 -3.999048995971679688e+01
-5.417947387695312500e+01 1.688323402404785156e+01
-4.281483650207519531e+00 -3.793709182739257812e+01
-6.179905891418457031e+00 -3.746976852416992188e+01
-5.033729553222656250e+01 1.141863155364990234e+01
-3.465140914916992188e+01 1.038817310333251953e+01
-5.975401306152343750e+01 1.430126476287841797e+01
-4.799932479858398438e+01 -4.225894165039062500e+01
-5.502866744995117188e+01 -3.687252426147460938e+01
-1.111359119415283203e+01 -3.550960922241210938e+01
-6.742092895507812500e+01 -4.203558731079101562e+01
-6.184193420410156250e+01 1.689594078063964844e+01
-3.460496139526367188e+01 -2.051985931396484375e+01
-7.989440917968750000e+01 -1.815758514404296875e+01
-2.158654022216796875e+01 -2.463761806488037109e+00
-3.772420501708984375e+01 -2.823662757873535156e+01
-1.200169944763183594e+01 1.390988254547119141e+01
4.381578063964843750e+01 -2.531564331054687500e+01
-4.555515670776367188e+01 5.886369705200195312e+00
-7.726009368896484375e+01 2.947386026382446289e+00
-4.463596343994140625e+01 -4.058791351318359375e+01
-1.805212402343750000e+01 -4.113882064819335938e+01
-4.339521026611328125e+01 1.875737786293029785e+00
-2.207216835021972656e+01 -3.352950668334960938e+01
1.159484329223632812e+02 -1.679424667358398438e+01
-4.459426116943359375e+01 -4.245165252685546875e+01
-5.333187103271484375e+01 1.030329322814941406e+01
-7.006458282470703125e+01 -2.298327636718750000e+01
-5.122336196899414062e+01 -5.204011917114257812e+01
-7.920067596435546875e+01 -1.266363430023193359e+01
-4.144239044189453125e+01 1.307246494293212891e+01
-3.132425785064697266e+00 6.610914611816406250e+01
-7.008707427978515625e+01 -9.100700378417968750e+00
-7.959236907958984375e+01 -2.028981208801269531e+01
-5.347757339477539062e+01 -2.870127916336059570e+00
-5.695323944091796875e+01 4.145438194274902344e+00
-4.101282119750976562e+01 -7.328345298767089844e+00
-4.495828628540039062e+01 -3.755991363525390625e+01
4.837664413452148438e+01 -2.332216024398803711e+00
-7.869967651367187500e+01 -2.389616012573242188e+01
-7.121490478515625000e+01 -2.651247215270996094e+01
-3.759069824218750000e+01 1.643470573425292969e+01
-3.890274810791015625e+01 -7.077140331268310547e+00
-5.129817962646484375e+01 1.012635612487792969e+01
-4.257541275024414062e+01 1.460569286346435547e+01
-5.695006561279296875e+01 -8.276001811027526855e-01
-2.270808792114257812e+01 -3.160290718078613281e+01
-4.004658126831054688e+01 4.956748008728027344e+00
6.719728088378906250e+01 -1.508711242675781250e+01
-6.196363830566406250e+01 7.886181354522705078e+00
-2.468677520751953125e+01 -2.665864181518554688e+01
-5.971920013427734375e+01 1.502463436126708984e+01
-2.394211769104003906e+01 5.785581588745117188e+00
-4.540407562255859375e+01 -4.877560424804687500e+01
-4.502985382080078125e+01 -3.926789474487304688e+01
-6.112326431274414062e+01 -3.089365196228027344e+01
-7.561252593994140625e+01 -7.102057933807373047e+00
-2.514661216735839844e+01 -3.166932106018066406e+01
-4.267367553710937500e+01 -2.949170494079589844e+01
-5.005907821655273438e+01 -3.992673110961914062e+01
-5.599517059326171875e+01 -4.873208236694335938e+01
-5.291015625000000000e+01 -2.641603279113769531e+01
-4.936526489257812500e+01 -4.103599166870117188e+01
-4.349829101562500000e+01 3.521574401855468750e+01
-6.525340270996093750e+01 -3.260049057006835938e+01
-5.620046234130859375e+01 1.683574295043945312e+01
1.206411361694335938e+02 -1.434317588806152344e+01
9.685794830322265625e+01 -3.244885253906250000e+01
-5.364096832275390625e+01 1.722760915756225586e+00
-6.128799438476562500e+01 2.334736108779907227e+00
-6.571501922607421875e+01 2.427525711059570312e+01
-5.817424392700195312e+01 -4.984556198120117188e+01
-3.672737121582031250e+01 1.023805141448974609e+01
5.305147171020507812e+01 3.002360343933105469e+00
-3.873380279541015625e+01 -9.352917224168777466e-02
-4.166131591796875000e+01 3.147890663146972656e+01
-2.951997184753417969e+01 -3.713579559326171875e+01
-4.930561447143554688e+01 1.190932941436767578e+01
-4.947119522094726562e+01 2.381754493713378906e+01
-6.383559036254882812e+01 -2.764274024963378906e+01
-6.879588317871093750e+01 -2.395923042297363281e+01
-4.762092590332031250e+01 6.951824188232421875e+00
-4.419727325439453125e+01 -1.239512562751770020e+00
-4.555085754394531250e+01 5.876569271087646484e+00
-4.907949829101562500e+01 2.309907436370849609e+00
-6.062044906616210938e+01 1.399534893035888672e+01
4.231266784667968750e+01 -2.597689247131347656e+01
-7.572349548339843750e+01 -2.760322952270507812e+01
-4.594141769409179688e+01 -2.542722129821777344e+01
-4.187153244018554688e+01 -3.604542160034179688e+01
-4.539624786376953125e+01 -8.662009239196777344e+00
-5.095128059387207031e+00 -3.940959548950195312e+01
-7.863834381103515625e+01 -5.688914775848388672e+00
-4.838626480102539062e+01 -4.720519638061523438e+01
-5.296532821655273438e+01 1.558186054229736328e+01
-5.223862075805664062e+01 2.585521697998046875e+00
-6.275322723388671875e+01 -5.077125930786132812e+01
-8.746218109130859375e+01 2.051189994812011719e+01
-3.224283981323242188e+01 3.577537059783935547e+00
-2.453654289245605469e+01 -7.555901527404785156e+00
-6.106457138061523438e+01 -4.286587524414062500e+01
-3.953164672851562500e+01 -2.791924238204956055e+00
-4.755424880981445312e+01 -1.615696787834167480e+00
-4.310859680175781250e+01 -4.497586441040039062e+01
-7.086261749267578125e+01 2.165530776977539062e+01
-4.791022491455078125e+01 -2.365859603881835938e+01
1.017320175170898438e+02 -1.757796669006347656e+01
-4.469096374511718750e+01 -3.797026062011718750e+01
-6.229074096679687500e+01 1.906597328186035156e+01
-3.990416336059570312e+01 2.472876167297363281e+01
6.608073425292968750e+01 -3.921133518218994141e+00
-2.262055015563964844e+01 -1.482118320465087891e+01
-7.600717926025390625e+01 -1.943151283264160156e+01
-6.218370437622070312e+01 2.153866767883300781e+01
-4.997222900390625000e+01 7.732338428497314453e+00
-2.265090942382812500e+01 -3.542601013183593750e+01
-7.403726959228515625e+01 -2.665453720092773438e+01
-4.096447372436523438e+01 5.284243106842041016e+00
-4.829715347290039062e+01 -2.806138038635253906e+01
-1.391490459442138672e+01 -1.560681056976318359e+01
-5.421282577514648438e+01 -1.829598999023437500e+01
-5.647679519653320312e+01 -3.687564468383789062e+01
-8.083706665039062500e+01 -2.424704742431640625e+01
-3.931599807739257812e+01 -4.458886146545410156e+00
1.396087169647216797e+01 2.555038261413574219e+01
-4.141484069824218750e+01 2.784937667846679688e+01
-6.002100753784179688e+01 -3.939344787597656250e+01
5.510086441040039062e+01 -2.366050148010253906e+01
-6.862204742431640625e+01 -2.110792350769042969e+01
-4.922198104858398438e+01 -4.908833694458007812e+01
-3.611472320556640625e+01 7.460683345794677734e+00
-6.075767517089843750e+01 -1.359138584136962891e+01
-4.909956359863281250e+01 1.032538032531738281e+01
-4.290900421142578125e+01 1.678828430175781250e+01
-4.865602493286132812e+01 -2.917383003234863281e+01
-4.459340667724609375e+01 -1.099905586242675781e+01
-6.115956115722656250e+01 1.149501514434814453e+01
-6.612184143066406250e+01 -2.033522605895996094e+00
-1.140795135498046875e+01 -3.841971206665039062e+01
-5.543056869506835938e+01 -5.848719596862792969e+00
-4.127132034301757812e+01 -2.539728164672851562e+01
-6.685365295410156250e+01 -3.099532699584960938e+01
-4.064607238769531250e+01 2.747458648681640625e+01
-4.096235656738281250e+01 3.171887397766113281e+01
-7.471296787261962891e+00 7.789065361022949219e+00
-7.134698486328125000e+01 1.432915401458740234e+01
-5.703340148925781250e+01 -2.667238473892211914e+00
-4.313373184204101562e+01 -4.086087799072265625e+01
-6.155327224731445312e+01 -3.037538528442382812e+01
-3.148453903198242188e+01 -1.356784725189208984e+01
-5.625281143188476562e+01 -5.038889694213867188e+01
8.569320678710937500e+01 -3.066344261169433594e+01
-1.697618293762207031e+01 -3.265444564819335938e+01
-6.317440795898437500e+01 4.384276390075683594e+00
-2.739290237426757812e+01 -2.854091835021972656e+01
-8.264014434814453125e+01 2.026060676574707031e+01
-2.424945068359375000e+01 -3.383680725097656250e+01
-7.263647913932800293e-01 8.986525726318359375e+01
-5.141317367553710938e+01 1.253684139251708984e+01
-7.182360076904296875e+01 -2.733014869689941406e+01
-2.992910194396972656e+01 -7.914859294891357422e+00
-5.368884277343750000e+01 -2.553005027770996094e+01
-4.725184631347656250e+01 -5.022472763061523438e+01
-8.212974548339843750e+00 -3.721051788330078125e+01
-6.589083099365234375e+01 -8.173322677612304688e+00
-3.310668182373046875e+01 2.083797454833984375e+01
-3.807243728637695312e+01 -2.928858757019042969e+01
-4.618437957763671875e+01 -3.453140640258789062e+01
-4.140387725830078125e+01 2.832993268966674805e+00
-8.282778930664062500e+01 3.199401664733886719e+01
-4.220376968383789062e+01 -3.826844024658203125e+01
-1.238016605377197266e+01 -3.533019256591796875e+01
-5.745586013793945312e+01 6.668501853942871094e+00
-4.474421691894531250e+01 -2.298072433471679688e+01
-5.845881652832031250e+01 -4.207891082763671875e+01
-2.455554199218750000e+01 -2.959737396240234375e+01
-5.640296554565429688e+01 1.320653152465820312e+01
-7.690422821044921875e+01 -2.771446609497070312e+01
-5.885176849365234375e+01 -4.271622848510742188e+01
-2.283187294006347656e+01 -7.708489894866943359e+00
-4.951741409301757812e+01 -3.496220397949218750e+01
-6.375995254516601562e+01 -4.236571502685546875e+01
-7.975138854980468750e+01 -2.956492042541503906e+01
-3.635506439208984375e+01 -1.956631088256835938e+01
-3.764394760131835938e+01 2.031546401977539062e+01
-4.751634216308593750e+01 1.226351833343505859e+01
-9.350199699401855469e+00 -3.391796112060546875e+01
-7.567066192626953125e+01 6.340157508850097656e+00
-1.456100559234619141e+01 -3.310187149047851562e+01
-3.242716979980468750e+01 -4.559907150268554688e+01
-6.741593170166015625e+01 6.097344875335693359e+00
-8.150671386718750000e+01 3.667980432510375977e+00
-2.611057662963867188e+01 -1.972572565078735352e+00
-6.888400554656982422e+00 -3.793074035644531250e+01
-4.266807174682617188e+01 -3.840581512451171875e+01
-4.374733734130859375e+01 -3.442039489746093750e+01
-5.161174774169921875e+01 -4.105743408203125000e+01
-4.590317535400390625e+01 -2.303724288940429688e+00
-1.319166946411132812e+01 4.000219345092773438e+00
1.141225280761718750e+02 -1.043807601928710938e+01
-5.680881881713867188e+01 -4.114864730834960938e+01
-5.571884536743164062e+01 1.089850521087646484e+01
-5.471581268310546875e+01 1.887058830261230469e+01
-4.941392517089843750e+01 -4.376274490356445312e+01
-2.657580375671386719e+01 -2.592025756835937500e+01
-2.286361122131347656e+01 2.142284631729125977e+00
-7.209415435791015625e+01 -2.368770408630371094e+01
-5.116310119628906250e+01 1.718372535705566406e+01
-8.385010528564453125e+01 -7.814743995666503906e+00
-5.210893249511718750e+01 -4.600090408325195312e+01
-6.336232757568359375e+01 -4.768051910400390625e+01
-5.178662490844726562e+01 -3.983175277709960938e+01
-6.293352127075195312e+01 -2.552476882934570312e+01
-7.276190185546875000e+01 8.763041496276855469e+00
-6.115465927124023438e+01 -2.407786178588867188e+01
-4.610007858276367188e+01 -3.641219711303710938e+01
-4.340846252441406250e+01 2.056330108642578125e+01
-4.252085113525390625e+01 4.680834293365478516e+00
-5.437036895751953125e+01 -5.015323257446289062e+01
-5.068556976318359375e+01 1.323050975799560547e+01
-7.790433502197265625e+01 -3.691996335983276367e+00
-6.183751296997070312e+01 -1.741411209106445312e+01
-6.601892852783203125e+01 -1.446614456176757812e+01
-3.238641738891601562e+01 9.235203862190246582e-01
-7.299976348876953125e+01 -2.418041419982910156e+01
-5.054870223999023438e+01 -4.518291854858398438e+01
-5.298181533813476562e+01 -4.847436428070068359e+00
-5.839086532592773438e+01 -4.745225524902343750e+01
-5.876847839355468750e+01 -1.362577056884765625e+01
-6.874378204345703125e+01 -2.704117202758789062e+01
-4.956913375854492188e+01 7.461355686187744141e+00
-4.844395446777343750e+01 -2.607711076736450195e+00
-5.511936569213867188e+01 -5.143669891357421875e+01
-6.519694519042968750e+01 -8.065692901611328125e+00
-7.865123748779296875e+01 1.415597629547119141e+01
-7.083428192138671875e+01 -3.344422149658203125e+01
-7.954625701904296875e+01 -2.270832443237304688e+01
8.235859870910644531e+00 8.096891021728515625e+01
-2.473496645689010620e-01 8.853137207031250000e+01
-5.428323745727539062e+01 -5.211553573608398438e+01
-3.758831787109375000e+01 -4.437032318115234375e+01
-1.212882041931152344e+01 -3.593855667114257812e+01
-3.317646980285644531e+00 -3.406627273559570312e+01
-7.301441955566406250e+01 -5.085731029510498047e+00
-3.472397613525390625e+01 5.859213352203369141e+00
-5.783648681640625000e+01 -4.671942901611328125e+01
-8.008700561523437500e+01 -2.038230323791503906e+01
-5.812344741821289062e+01 1.670730590820312500e+01
-5.419957351684570312e+01 6.096783161163330078e+00
-8.092535972595214844e+00 -2.122233390808105469e+01
-3.560477828979492188e+01 -3.356570053100585938e+01
-6.158117771148681641e+00 -3.461652755737304688e+01
-4.052770614624023438e+01 -2.216441154479980469e+01
-5.238987350463867188e+01 3.116415262222290039e+00
-9.735864639282226562e+00 6.131237983703613281e+00
4.502017211914062500e+01 -1.478282833099365234e+01
-3.905553817749023438e+01 -4.423487854003906250e+01
-4.565535736083984375e+01 -1.197370052337646484e+01
-3.358901977539062500e+01 -2.798580932617187500e+01
-4.273352050781250000e+01 2.984942626953125000e+01
-9.763947486877441406e+00 3.584855079650878906e+00
-5.714586257934570312e+01 1.517366695404052734e+01
-7.360575866699218750e+01 2.400685697793960571e-01
-5.639356231689453125e+01 -4.732178115844726562e+01
-4.530104064941406250e+01 -4.503589248657226562e+01
-8.423974609375000000e+01 -1.494091129302978516e+01
-5.384987258911132812e+01 -5.191147994995117188e+01
-9.688734054565429688e+00 -2.448159599304199219e+01
9.254371643066406250e+01 -3.227782058715820312e+01
-2.500878334045410156e+01 -1.061747169494628906e+01
-7.777361297607421875e+01 5.226067543029785156e+00
-7.461049652099609375e+01 -3.787366867065429688e+01
-5.839575958251953125e+01 -3.466356277465820312e+01
-5.221082305908203125e+01 -4.446696472167968750e+01
-9.589944839477539062e+00 -2.796696853637695312e+01
-4.809614181518554688e+01 -1.626706886291503906e+01
5.918629837036132812e+01 2.024806213378906250e+01
-6.855936431884765625e+01 4.761515617370605469e+00
-1.880112838745117188e+01 -4.088882064819335938e+01
-6.194525146484375000e+01 -4.926252365112304688e+01
-4.745389938354492188e+01 -4.670160293579101562e+01
-6.121574020385742188e+01 -3.424609756469726562e+01
-4.917950057983398438e+01 5.237767219543457031e+00
-7.435504150390625000e+01 -2.481056404113769531e+01
1.024929580688476562e+02 -1.308668804168701172e+01
-1.019106769561767578e+01 -2.619400405883789062e+01
-4.284988403320312500e+01 -4.238713455200195312e+01
-2.611561012268066406e+01 -3.020039749145507812e+01
-3.031645011901855469e+01 6.765919208526611328e+00
-6.837174987792968750e+01 -3.082985496520996094e+01
-3.525623321533203125e+01 -1.141242313385009766e+01
-6.294054412841796875e+01 -1.773527717590332031e+01
-6.289961242675781250e+01 -1.167272472381591797e+01
-3.456641387939453125e+01 -2.446599006652832031e+01
-7.725949859619140625e+01 1.387631797790527344e+01
-6.678659057617187500e+01 -3.114639663696289062e+01
-5.647853851318359375e+01 -5.789215564727783203e+00
-5.461024856567382812e+01 6.729544639587402344e+00
-5.092090225219726562e+01 -3.919227981567382812e+01
-6.900577545166015625e+01 -6.776717305183410645e-01
-3.811445236206054688e+01 -3.834793472290039062e+01
-4.703800582885742188e+01 -3.660473251342773438e+01
-5.106005477905273438e+01 -3.400093460083007812e+01
-1.842701148986816406e+01 -4.212608718872070312e+01
-6.322177886962890625e+01 -5.217197418212890625e+01
-5.223582839965820312e+01 -4.756655120849609375e+01
-5.791180038452148438e+01 1.185087776184082031e+01
-3.383794784545898438e+01 -3.480131530761718750e+01
-3.175187110900878906e+01 -4.155679225921630859e+00
-7.225560760498046875e+01 -1.116151523590087891e+01
-5.222361373901367188e+01 -4.395351791381835938e+01
-6.027155303955078125e+01 -3.784596025943756104e-01
-5.481118774414062500e+01 3.684780359268188477e+00
-5.540973281860351562e+01 -2.916946601867675781e+01
-1.862390899658203125e+01 -3.183984184265136719e+01
-3.943716430664062500e+01 -3.927627182006835938e+01
-5.281968307495117188e+01 -1.172664356231689453e+01
-4.676135253906250000e+01 -4.244871520996093750e+01
-4.902984237670898438e+01 -3.739525985717773438e+01
8.353287506103515625e+01 -4.272251510620117188e+01
-7.016278839111328125e+01 -1.801367568969726562e+01
-4.813855361938476562e+01 -5.166646575927734375e+01
-5.367465591430664062e+01 -3.789966964721679688e+01
-5.075942230224609375e+01 -4.967805480957031250e+01
-8.682990074157714844e+00 -3.819201278686523438e+01
-8.165964508056640625e+01 1.494894981384277344e+01
-1.627607917785644531e+01 -3.772313690185546875e+01
-4.359956359863281250e+01 -4.481926345825195312e+01
-6.771977233886718750e+01 -1.248329639434814453e+01
-2.521110153198242188e+01 -2.828965377807617188e+01
-1.744236564636230469e+01 -3.328434371948242188e+01
-6.378636169433593750e+01 5.362740993499755859e+00
-8.074121093750000000e+01 6.501488685607910156e+00
-9.578348159790039062e+00 -3.739495468139648438e+01
-7.297032928466796875e+01 -1.832457542419433594e+00
-9.911908149719238281e+00 -3.941931152343750000e+01
-1.766054153442382812e+01 -3.159545135498046875e+01
6.487055969238281250e+01 -2.874929618835449219e+01
-5.059280395507812500e+01 -1.677249717712402344e+01
-8.303300476074218750e+01 1.554318141937255859e+01
-1.571641349792480469e+01 -2.636693763732910156e+01
-4.947009658813476562e+01 -4.469239044189453125e+01
-7.625948333740234375e+01 -2.477237319946289062e+01
-5.067995452880859375e+01 -3.629544448852539062e+01
-4.782605361938476562e+01 -4.509463119506835938e+01
-6.389438247680664062e+01 1.305991935729980469e+01
-3.651678466796875000e+01 1.552350163459777832e+00
-3.085216903686523438e+01 -2.317654037475585938e+01
-6.498698425292968750e+01 -1.134601497650146484e+01
-1.574832630157470703e+01 -2.849136734008789062e+01
-4.702977371215820312e+01 -4.849655151367187500e+01
-8.277027893066406250e+01 -2.562638854980468750e+01
-5.821262741088867188e+01 -1.837607574462890625e+01
-4.218399810791015625e+01 2.502293348312377930e+00
-4.002764892578125000e+01 -3.146634483337402344e+01
-4.259602355957031250e+01 -2.246269035339355469e+01
-4.175704574584960938e+01 8.857701301574707031e+00
-5.062487030029296875e+01 2.927397346496582031e+01
-7.987667846679687500e+01 -2.141648530960083008e+00
5.513759613037109375e+01 -1.598706722259521484e+01
-8.023831939697265625e+01 1.303036975860595703e+01
-4.691813659667968750e+01 -4.030485153198242188e+01
-7.886791992187500000e+01 1.655948257446289062e+01
-7.480493164062500000e+01 2.123898267745971680e+00
-5.059602355957031250e+01 -5.403956985473632812e+01
-5.158259201049804688e+01 1.480695724487304688e+01
-3.462395858764648438e+01 1.040616512298583984e+01
-5.138528060913085938e+01 -3.829007720947265625e+01
-6.112324142456054688e+01 2.746851158142089844e+01
-2.051256179809570312e+01 -3.371185302734375000e+01
-4.682588195800781250e+01 -6.673932552337646484e+00
-6.181274795532226562e+01 1.699398994445800781e+01
-5.328888320922851562e+01 -4.954571914672851562e+01
-2.736578178405761719e+01 -4.830809116363525391e+00
-6.788162231445312500e+01 1.855041885375976562e+01
-6.474739074707031250e+01 -3.089691925048828125e+01
-7.205271911621093750e+01 1.448848247528076172e+01
-3.626485443115234375e+01 -4.553505706787109375e+01
-7.019619750976562500e+01 -3.759079360961914062e+01
-1.439190196990966797e+01 -3.680595397949218750e+01
-5.902243804931640625e+01 1.894411087036132812e+01
-8.112110900878906250e+01 -3.252677917480468750e+01
-6.161743545532226562e+01 -4.522443008422851562e+01
-5.583696746826171875e+01 -2.390912771224975586e+00
-4.387613296508789062e+01 -5.930741786956787109e+00
-4.289505004882812500e+01 -2.409701538085937500e+01
5.477430725097656250e+01 -2.479310798645019531e+01
-3.255557250976562500e+01 -2.608572959899902344e+01
-7.083458709716796875e+01 -1.604461288452148438e+01
-5.691451644897460938e+01 -4.075807189941406250e+01
-4.194189834594726562e+01 3.428867340087890625e+01
-4.311366271972656250e+01 -3.897405624389648438e+01
-5.323102951049804688e+01 -4.142044067382812500e+01
-6.509387207031250000e+01 -2.256951713562011719e+01
-6.691407775878906250e+01 1.126902961730957031e+01
-6.022410202026367188e+01 -3.672014617919921875e+01
-4.863948440551757812e+01 -4.571996212005615234e+00
-5.473213195800781250e+01 -2.036819076538085938e+01
-2.700594520568847656e+01 -2.827071189880371094e+01
-3.905043411254882812e+01 -2.485021972656250000e+01
-4.225331878662109375e+01 9.556353569030761719e+00
-4.646107482910156250e+01 -2.360335350036621094e+01
-6.398750686645507812e+01 1.546496486663818359e+01
-7.568885326385498047e+00 -3.484958648681640625e+01
-6.275804901123046875e+01 -3.985811614990234375e+01
-4.357279586791992188e+01 1.509650039672851562e+01
-8.412358856201171875e+01 1.758289527893066406e+01
-1.957798385620117188e+01 -1.292859649658203125e+01
-5.733406066894531250e+01 -4.628220367431640625e+01
-7.097270965576171875e+01 -1.912178993225097656e+01
-5.514473342895507812e+01 -3.312907791137695312e+01
7.053166961669921875e+01 -1.845272254943847656e+01
-2.380274581909179688e+01 -1.217186927795410156e+01
-4.700078582763671875e+01 -6.130271434783935547e+00
-7.652787780761718750e+01 -3.217651748657226562e+01
-7.477178192138671875e+01 -2.117990112304687500e+01
-5.764614868164062500e+01 1.032460880279541016e+01
-4.791629791259765625e+01 -4.078584289550781250e+01
-3.444354248046875000e+01 -4.333551788330078125e+01
-1.055388450622558594e+01 -3.493404006958007812e+01
-6.765273284912109375e+01 -2.236616325378417969e+01
-7.960951995849609375e+01 2.185355567932128906e+01
-4.177960586547851562e+01 -4.917470169067382812e+01
-3.673912429809570312e+01 -4.573464584350585938e+01
-7.908855438232421875e+01 -2.507671356201171875e+01
-4.224780273437500000e+01 -4.092276763916015625e+01
-5.870029449462890625e+01 -5.947638034820556641e+00
-3.871468734741210938e+01 -4.344817733764648438e+01
6.628548431396484375e+01 1.918367958068847656e+01
-7.693647003173828125e+01 1.224010848999023438e+01
-6.574925231933593750e+01 2.442748069763183594e+01
-6.750943756103515625e+01 -2.624818038940429688e+01
-6.495803070068359375e+01 -2.010149383544921875e+01
-5.316537094116210938e+01 8.302406311035156250e+00
-5.743519592285156250e+01 1.790485191345214844e+01
-3.515771484375000000e+01 -4.413504791259765625e+01
-2.086009025573730469e+01 -3.323134613037109375e+01
-5.740952682495117188e+01 1.570253276824951172e+01
-6.865687561035156250e+01 -3.684002304077148438e+01
-8.102947235107421875e+01 -5.847008705139160156e+00
-8.542995452880859375e+01 1.888836860656738281e+01
-5.981358718872070312e+01 2.041528892517089844e+01
-1.163365745544433594e+01 4.447417736053466797e+00
-5.938254928588867188e+01 -1.124948692321777344e+01
6.886722564697265625e+01 1.626529932022094727e+00
-5.831694793701171875e+01 -4.962017440795898438e+01
-5.385406875610351562e+01 -3.828356170654296875e+01
-7.495037078857421875e+01 1.316792011260986328e+01
-6.793227386474609375e+01 -1.871624565124511719e+01
-1.744162440299987793e+00 1.404089832305908203e+01
-5.607474136352539062e+01 -4.603472900390625000e+01
-5.418992614746093750e+01 -4.844409942626953125e+01
-2.135154342651367188e+01 5.606808185577392578e+00
-3.497503280639648438e+01 -2.593066787719726562e+01
-5.111038970947265625e+01 -4.815191268920898438e+01
-5.337920379638671875e+01 -2.588587379455566406e+01
-6.736563110351562500e+01 2.121113777160644531e+00
-4.469290542602539062e+01 -5.234680938720703125e+01
-5.542236328125000000e+01 -4.790499114990234375e+01
-6.177251434326171875e+01 -4.448173522949218750e+01
-4.014490127563476562e+01 -4.409709167480468750e+01
-4.470648193359375000e+01 -2.965815353393554688e+01
-4.871168136596679688e+01 -4.892750930786132812e+01
-1.069408035278320312e+01 -3.994932556152343750e+01
-4.443587875366210938e+01 3.767623424530029297e+00
-7.890798950195312500e+01 -2.361578559875488281e+01
-3.088696289062500000e+01 2.428879547119140625e+01
-6.146179580688476562e+01 -3.190705299377441406e+01
-6.353783416748046875e+01 -3.951096343994140625e+01
-3.501554489135742188e+01 -2.319913673400878906e+01
-1.936128616333007812e+01 -2.736073303222656250e+01
-4.340170288085937500e+01 2.760928153991699219e+01
-6.409544372558593750e+01 -3.421549224853515625e+01
-7.388296508789062500e+01 4.956272125244140625e+00
6.501179504394531250e+01 -2.942506790161132812e+01
-6.676381683349609375e+01 -1.536054134368896484e+01
-8.425787353515625000e+01 8.450551033020019531e+00
-5.489392089843750000e+01 1.236068439483642578e+01
-5.469345474243164062e+01 -4.671036529541015625e+01
-6.689917755126953125e+01 2.032473754882812500e+01
-4.968525314331054688e+01 1.728606414794921875e+01
-5.502684402465820312e+01 1.811532855033874512e+00
-6.292501831054687500e+01 -2.738111877441406250e+01
-4.549406051635742188e+01 -4.295352554321289062e+01
-4.510126876831054688e+01 -2.031864356994628906e+01
1.972701430320739746e+00 6.583483123779296875e+01
-3.631398010253906250e+01 -4.473403549194335938e+01
-4.731889724731445312e+01 -3.667127609252929688e+01
-6.418846130371093750e+01 -1.867043113708496094e+01
-3.801969146728515625e+01 1.141404724121093750e+01
-5.573997879028320312e+01 1.685288047790527344e+01
-5.120365905761718750e+01 -2.739045333862304688e+01
-5.216914749145507812e+01 1.238964271545410156e+01
-5.614649581909179688e+01 -4.405593109130859375e+01
-4.601264953613281250e+01 -4.088870620727539062e+01
-5.724448013305664062e+01 5.273914337158203125e+00
-1.279170989990234375e+01 -3.540362167358398438e+01
-6.433747863769531250e+01 1.642219066619873047e+00
-5.051453781127929688e+01 -4.447805404663085938e+01
-5.533002090454101562e+01 2.243379020690917969e+01
-3.476605987548828125e+01 2.028011131286621094e+01
5.237926244735717773e-01 8.808200836181640625e+01
-6.269160842895507812e+01 -1.992761421203613281e+01
-8.185010528564453125e+01 -3.844491720199584961e+00
-4.628569030761718750e+01 -3.862260437011718750e+01
-5.101139068603515625e+01 -3.586561584472656250e+01
-4.604507064819335938e+01 -4.181352996826171875e+01
-6.129457092285156250e+01 5.409506320953369141e+00
-3.937334823608398438e+01 -3.911774826049804688e+01
-4.383066940307617188e+01 -1.813099670410156250e+01
-4.739324951171875000e+01 2.559373855590820312e+01
-7.454045104980468750e+01 -2.338804244995117188e+01
-6.672032928466796875e+01 -2.745792007446289062e+01
-6.039021301269531250e+01 -3.319418191909790039e+00
-5.076020812988281250e+01 -4.993939971923828125e+01
-3.023703384399414062e+01 2.959569692611694336e+00
-4.670400619506835938e+01 -3.897721862792968750e+01
-3.153636550903320312e+01 -3.133518218994140625e+01
-7.929846191406250000e+01 -2.413660621643066406e+01
-1.095372009277343750e+01 -3.285766220092773438e+01
-4.299764633178710938e+01 1.979872703552246094e+01
-8.569165039062500000e+01 2.366744232177734375e+01
-8.655041503906250000e+01 1.624006652832031250e+01
-2.887493515014648438e+01 -2.722369766235351562e+01
-3.357162857055664062e+01 1.334698963165283203e+01
-2.956610298156738281e+01 -2.593986701965332031e+01
4.412424087524414062e+01 -3.385225296020507812e+00
-6.624768829345703125e+01 -2.436090278625488281e+01
-2.894896316528320312e+01 -1.430257892608642578e+01
-3.376469039916992188e+01 -3.524583435058593750e+01
9.546218109130859375e+01 -4.875718116760253906e+00
-4.603493118286132812e+01 9.240127563476562500e+00
-3.323072814941406250e+01 3.369211435317993164e+00
-8.138551330566406250e+01 1.799586677551269531e+01
-5.035451126098632812e+01 -3.458834886550903320e+00
-7.646044158935546875e+01 -4.595385551452636719e+00
-6.482618713378906250e+01 -1.456440544128417969e+01
-4.588963699340820312e+01 1.700070571899414062e+01
-5.656645965576171875e+01 7.965828895568847656e+00
-5.184901428222656250e+01 -3.769520187377929688e+01
1.799585074186325073e-01 8.936570739746093750e+01
1.992249488830566406e-01 9.003965759277343750e+01
-9.565553665161132812e+00 -2.145951461791992188e+01
-5.991810226440429688e+01 1.719420242309570312e+01
6.578108978271484375e+01 -2.110599136352539062e+01
-4.019196701049804688e+01 -2.360377311706542969e+01
-7.292143249511718750e+01 -1.898710250854492188e+01
-8.415592193603515625e+01 -1.483299636840820312e+01
-8.133084869384765625e+01 1.202375411987304688e+01
-7.386358642578125000e+01 -3.103698730468750000e+00
-1.420684337615966797e+01 -2.810839843750000000e+01
-3.515580749511718750e+01 -2.871571540832519531e+01
-3.119067573547363281e+01 -2.627522659301757812e+01
-7.017443084716796875e+01 -2.580996894836425781e+01
-7.637474822998046875e+01 -2.454521369934082031e+01
-4.329792404174804688e+01 1.365875601768493652e+00
-4.477109527587890625e+01 7.938385009765625000e+00
-3.395689773559570312e+01 -4.215526580810546875e+01
-5.695473480224609375e+01 -2.633696746826171875e+01
-7.360595703125000000e+01 -3.009070968627929688e+01
-4.548851776123046875e+01 1.139935970306396484e+01
-5.014310073852539062e+01 -4.741009902954101562e+01
-3.199003219604492188e+01 1.760566902160644531e+01
-5.355186843872070312e+01 -2.167282104492187500e+01
-3.901560592651367188e+01 -3.412024307250976562e+01
-5.085992431640625000e+01 1.531524562835693359e+01
-1.072924804687500000e+01 -1.487657165527343750e+01
-1.851732254028320312e+01 -2.783074760437011719e+01
-8.352709960937500000e+01 -2.585979461669921875e+01
-6.406994628906250000e+01 -2.127355766296386719e+01
-3.081369400024414062e+01 -2.080083084106445312e+01
-8.644431304931640625e+01 1.985072708129882812e+01
-3.290299224853515625e+01 1.717577576637268066e+00
5.397478485107421875e+01 -2.925723838806152344e+01
-4.066621780395507812e+01 -2.159664154052734375e+01
-6.307768249511718750e+01 -7.133104801177978516e+00
-2.437368202209472656e+01 -2.469921684265136719e+01
-5.711795806884765625e+01 -1.726892852783203125e+01
-5.017749786376953125e+01 -2.665638923645019531e+01
-3.292768859863281250e+01 6.731387138366699219e+00
-6.313316726684570312e+01 -7.092859268188476562e+00
-6.447016906738281250e+01 -2.005377578735351562e+01
-4.275593185424804688e+01 -4.846082305908203125e+01
-5.577265167236328125e+01 -1.120510292053222656e+01
-2.915658760070800781e+01 -1.401058197021484375e+01
-5.627524566650390625e+01 -3.949581527709960938e+01
-5.989748001098632812e+01 -1.580819034576416016e+01
-6.421320343017578125e+01 -3.057054138183593750e+01
-4.863294219970703125e+01 -4.981819534301757812e+01
-5.850445556640625000e+01 -3.860206604003906250e+01
-6.930883026123046875e+01 -1.607074737548828125e+01
-6.204513931274414062e+01 -9.487506866455078125e+00
-7.238079071044921875e+01 -2.534449005126953125e+01
-8.289698028564453125e+01 1.668628120422363281e+01
-1.317472743988037109e+01 1.042078495025634766e+01
-5.394013977050781250e+01 4.363710880279541016e+00
-6.252464294433593750e+01 -1.841396713256835938e+01
-1.289459514617919922e+01 -3.709009552001953125e+01
-5.025049972534179688e+01 3.688516855239868164e+00
-6.432286834716796875e+01 -1.077754020690917969e+01
-7.363945007324218750e+01 -3.013625717163085938e+01
-5.874843978881835938e+01 5.599528312683105469e+00
-3.181507110595703125e+01 3.691265583038330078e+00
-1.889247894287109375e+01 -3.936739921569824219e+00
-3.605810165405273438e+01 -2.154332160949707031e+01
-4.312693023681640625e+01 -3.056579208374023438e+01
-3.441220474243164062e+01 2.559199333190917969e+01
-5.635002899169921875e+01 -5.031180191040039062e+01
-5.341849136352539062e+01 -3.084449386596679688e+01
-4.137698745727539062e+01 -2.976103019714355469e+01
-3.111756324768066406e+01 3.394250154495239258e+00
-4.952611541748046875e+01 -4.544551849365234375e+01
-6.319464874267578125e+01 -1.383543300628662109e+01
-5.301788806915283203e+00 -3.330188751220703125e+01
-3.823444747924804688e+01 -4.662868118286132812e+01
-4.908119201660156250e+01 -5.027630615234375000e+01
-8.311877441406250000e+01 -6.364641666412353516e+00
-4.606440734863281250e+01 1.652436637878417969e+01
-7.488643646240234375e+01 1.366318225860595703e+01
-5.624813842773437500e+01 -1.127448463439941406e+01
-6.203641128540039062e+01 -1.615962600708007812e+01
-5.797611618041992188e+01 4.704264163970947266e+00
-3.807905578613281250e+01 -4.580746841430664062e+01
-3.719186067581176758e+00 1.889628982543945312e+01
-7.258200836181640625e+01 -1.698646736145019531e+01
-5.444084167480468750e+01 4.759099483489990234e+00
-1.294451427459716797e+01 -8.055749893188476562e+00
-7.311561584472656250e+01 -1.903933715820312500e+01
-1.659792137145996094e+01 -3.513117599487304688e+01
-4.524919986724853516e+00 8.458232116699218750e+01
-6.876758575439453125e+01 1.435666465759277344e+01
-1.462932014465332031e+01 -3.390213012695312500e+01
-3.518565750122070312e+01 -5.734412670135498047e+00
-7.773287963867187500e+01 -2.742347526550292969e+01
-5.879550933837890625e+01 -3.261904907226562500e+01
-5.854478454589843750e+01 -4.127388000488281250e+01
-5.080453491210937500e+01 2.332599449157714844e+01
-5.967038726806640625e+01 3.633756399154663086e+00
-4.403258895874023438e+01 -2.747149467468261719e+01
-5.753407669067382812e+01 9.945688247680664062e+00
-4.882052230834960938e+01 -3.733191680908203125e+01
-7.226866912841796875e+01 -2.990761756896972656e+01
-5.057266235351562500e+01 -2.913998413085937500e+01
-4.649354934692382812e+01 -4.230683803558349609e+00
-7.916673278808593750e+01 2.251827430725097656e+01
-8.499140930175781250e+01 1.836351394653320312e+01
-3.877110290527343750e+01 2.390797424316406250e+01
-6.718154144287109375e+01 -2.004120445251464844e+01
-4.902278900146484375e+01 -3.611656427383422852e+00
-5.451509857177734375e+01 -3.510084152221679688e+01
-2.273832130432128906e+01 -2.299850273132324219e+01
-5.656601333618164062e+01 2.185347747802734375e+01
-3.544252014160156250e+01 -1.139802932739257812e+01
-5.105348205566406250e+01 -4.607859802246093750e+01
5.073735809326171875e+01 -1.068671226501464844e+01
-7.679450225830078125e+01 -2.884637260437011719e+01
-2.872194290161132812e+01 -7.058801174163818359e+00
-3.705067825317382812e+01 -2.152352714538574219e+01
-4.297696685791015625e+01 6.571702480316162109e+00
-6.311504364013671875e+01 -1.056865882873535156e+01
-7.334854125976562500e+01 -2.415223503112792969e+01
-7.969405364990234375e+01 1.606904792785644531e+01
-3.440465545654296875e+01 2.225376319885253906e+01
-4.251003265380859375e+01 -3.032397270202636719e+01
-4.556131362915039062e+01 -1.512355804443359375e+01
-2.766421890258789062e+01 -2.067169380187988281e+01
-6.328962707519531250e+01 -1.654896926879882812e+01
-5.166667175292968750e+01 -2.552543449401855469e+01
-5.219980239868164062e+01 -3.143494844436645508e+00
-4.971123504638671875e+01 2.676568794250488281e+01
-4.756212997436523438e+01 7.518592357635498047e+00
-5.238620376586914062e+01 -1.594233751296997070e+00
-4.865715408325195312e+01 -3.363439178466796875e+01
-4.496928787231445312e+01 2.779381179809570312e+01
-4.053769302368164062e+01 -4.582463455200195312e+01
-5.988357543945312500e+01 -2.495917892456054688e+01
-4.326100921630859375e+01 -1.901504707336425781e+01
-4.735524749755859375e+01 -3.750648880004882812e+01
-6.717344665527343750e+01 -1.037823200225830078e+01
-4.050483322143554688e+01 9.810914993286132812e+00
-5.424016952514648438e+01 1.042335987091064453e+00
-3.958666992187500000e+01 2.907185363769531250e+01
-1.300239086151123047e+01 -6.355362415313720703e+00
-6.229887390136718750e+01 -2.458291244506835938e+01
-6.373548889160156250e+01 9.986665725708007812e+00
-6.144925308227539062e+01 2.661212348937988281e+01
-2.864835929870605469e+01 -2.428560829162597656e+01
-1.581713008880615234e+01 -3.026510429382324219e+01
-2.446880531311035156e+01 -2.178195571899414062e+01
-4.968736648559570312e+01 -3.240580368041992188e+01
-6.729674530029296875e+01 1.634720230102539062e+01
-5.018325424194335938e+01 -8.818113207817077637e-01
-6.311269760131835938e+01 1.708500981330871582e+00
-2.395595932006835938e+01 -2.737078094482421875e+01
-8.482331848144531250e+01 1.188322067260742188e+01
-7.074713897705078125e+01 3.390344858169555664e+00
-5.701981353759765625e+01 -4.379427337646484375e+01
-4.427662277221679688e+01 -3.314564466476440430e+00
-4.676354980468750000e+01 -1.703307723999023438e+01
-6.384561157226562500e+01 -1.704089927673339844e+01
-5.431324005126953125e+01 -3.990684890747070312e+01
-5.442063903808593750e+01 -2.250992584228515625e+01
-7.438237762451171875e+01 1.152456951141357422e+01
-6.991803741455078125e+01 -1.178760886192321777e+00
5.157623291015625000e+01 -2.335655975341796875e+01
-7.719355010986328125e+01 -1.239000320434570312e+01
-6.522143554687500000e+01 -1.497016429901123047e+01
-6.490883636474609375e+01 -3.634950256347656250e+01
-6.177785491943359375e+01 -4.040632629394531250e+01
-3.916365432739257812e+01 2.335944747924804688e+01
-5.911735153198242188e+01 9.267901778221130371e-01
-3.101313018798828125e+01 -2.403510856628417969e+01
-7.953449249267578125e+01 -3.806560993194580078e+00
-7.259987640380859375e+01 -1.955902481079101562e+01
-4.746456909179687500e+01 -4.177993392944335938e+01
-4.232961654663085938e+01 -1.155055618286132812e+01
-5.479402542114257812e+01 1.361145019531250000e+01
-4.509518051147460938e+01 -4.755700683593750000e+01
-5.989855194091796875e+01 -3.639725494384765625e+01
-5.038150024414062500e+01 8.152873992919921875e+00
-1.255334949493408203e+01 -2.459850692749023438e+01
-1.429779815673828125e+01 -2.329940986633300781e+01
-6.849671936035156250e+01 1.034023284912109375e+00
-6.168365859985351562e+01 2.711142063140869141e+00
-8.416811943054199219e+00 -2.109322166442871094e+01
-4.176746368408203125e+01 -2.682565689086914062e+00
-5.922441482543945312e+01 -1.471042871475219727e+00
-5.528122329711914062e+01 -4.191012191772460938e+01
-5.428343200683593750e+01 -4.662423706054687500e+01
-1.522221565246582031e+01 -3.480400848388671875e+01
-4.467741775512695312e+01 -1.795726203918457031e+01
-5.729109573364257812e+01 -1.722520256042480469e+01
-7.880278778076171875e+01 1.504712581634521484e+01
-3.145876884460449219e+01 -2.094427871704101562e+01
-7.191517639160156250e+01 -2.069487380981445312e+01
-7.697174835205078125e+01 2.272896194458007812e+01
-3.029719924926757812e+01 2.327921152114868164e+00
-4.704274368286132812e+01 2.716031265258789062e+01
-7.542933654785156250e+01 -2.922751665115356445e+00
1.102899017333984375e+02 -5.297954082489013672e+00
-4.630495452880859375e+01 -1.337662410736083984e+01
-3.476379013061523438e+01 -4.361370468139648438e+01
-6.629955291748046875e+01 1.495113945007324219e+01
-6.739324188232421875e+01 -1.342994785308837891e+01
-1.960327148437500000e+01 6.912739276885986328e+00
-4.315876770019531250e+01 1.327444362640380859e+01
-3.782841110229492188e+01 -1.228091144561767578e+01
-6.811128997802734375e+01 -1.430593585968017578e+01
-8.242997741699218750e+01 1.799547576904296875e+01
-5.281029891967773438e+01 1.210058689117431641e+01
-6.528544616699218750e+01 -1.296322822570800781e+01
-2.557995796203613281e+01 -7.967996001243591309e-01
-2.793021965026855469e+01 -1.505661964416503906e+01
5.979989242553710938e+01 -1.451039886474609375e+01
5.505419921875000000e+01 -1.493597316741943359e+01
-6.417152404785156250e+01 2.244783782958984375e+01
-5.054192352294921875e+01 -3.942451477050781250e+01
-1.128077220916748047e+01 -3.037918281555175781e+01
-4.769291687011718750e+01 -1.223906898498535156e+01
-7.125735759735107422e+00 -1.759296607971191406e+01
-5.791228103637695312e+01 -4.867675304412841797e+00
-4.623765182495117188e+01 -3.441326141357421875e+01
-2.879140472412109375e+01 1.370548534393310547e+01
-2.860936164855957031e+01 3.109426975250244141e+00
-5.922867584228515625e+01 7.435764789581298828e+00
-4.885787963867187500e+01 -2.315358543395996094e+01
-6.457502746582031250e+01 -1.680642664432525635e-01
-4.808007431030273438e+01 -2.481739044189453125e+01
-4.585066604614257812e+01 1.427771091461181641e+01
-2.816561889648437500e+01 -1.324000549316406250e+01
-6.757423400878906250e+01 -2.665424728393554688e+01
-4.637506866455078125e+01 8.377208709716796875e+00
5.094686889648437500e+01 -1.000469970703125000e+01
-3.567018127441406250e+01 -3.697153854370117188e+01
-1.112898230552673340e+00 2.437541961669921875e+01
-4.181523513793945312e+01 -7.814094543457031250e+00
-6.238780212402343750e+01 -9.287549853324890137e-01
-7.596607685089111328e+00 7.666091918945312500e+01
-3.225052642822265625e+01 -4.276831436157226562e+01
-5.340196609497070312e+01 -2.419044685363769531e+01
-1.217060565948486328e+01 -8.047878265380859375e+00
-6.328946304321289062e+01 2.248292541503906250e+01
-2.431771659851074219e+01 -1.110346984863281250e+01
-8.313166809082031250e+01 1.790648269653320312e+01
-1.760774803161621094e+01 -1.001832771301269531e+01
-3.059333229064941406e+01 3.425002098083496094e-01
-7.435979461669921875e+01 -1.019985795021057129e+00
-6.782769775390625000e+01 -2.957819366455078125e+01
-1.462728595733642578e+01 1.055372333526611328e+01
-7.596728515625000000e+01 -5.494409799575805664e-01
-4.892122650146484375e+01 -3.636414718627929688e+01
-1.372474479675292969e+01 -3.725744247436523438e+01
-8.481255340576171875e+01 1.195171833038330078e+01
-3.835073089599609375e+01 8.420514106750488281e+00
-4.305122375488281250e+01 -3.350113677978515625e+01
-4.265489959716796875e+01 -2.571514892578125000e+01
-4.491583251953125000e+01 -2.787922477722167969e+01
-5.900304794311523438e+01 -8.354172706604003906e+00
-2.385084152221679688e+01 -2.959980773925781250e+01
-5.056672286987304688e+01 -3.852847671508789062e+01
-3.598954772949218750e+01 1.318083381652832031e+01
-4.997789764404296875e+01 1.072335624694824219e+01
-3.817873382568359375e+01 -6.872192859649658203e+00
-5.728524398803710938e+01 1.843764114379882812e+01
-1.110518360137939453e+01 -3.210576248168945312e+01
-6.763140106201171875e+01 -2.041757583618164062e+01
-3.995581436157226562e+01 -1.548495960235595703e+01
-3.823043441772460938e+01 8.573331832885742188e+00
-5.301984024047851562e+01 -3.621810913085937500e+01
-5.774297332763671875e+01 -1.460813045501708984e+01
-2.072903823852539062e+01 3.689153194427490234e+00
-5.715039825439453125e+01 -9.797751426696777344e+00
-4.341270446777343750e+01 -1.655089950561523438e+01
-4.696487808227539062e+01 -3.208423233032226562e+01
-3.057710456848144531e+01 -3.090021133422851562e+01
-4.701703262329101562e+01 1.868588924407958984e+00
-3.392596054077148438e+01 2.151162147521972656e+01
-1.767780494689941406e+01 -1.514299869537353516e+01
-5.141057968139648438e+01 -9.564946174621582031e+00
-1.810844039916992188e+01 -2.961974716186523438e+01
-2.460481452941894531e+01 -2.827316856384277344e+01
9.411544799804687500e+01 -3.567979812622070312e+01
-2.291696357727050781e+01 -2.995242309570312500e+01
-5.223087310791015625e+01 -2.990194320678710938e+01
-7.314638519287109375e+01 1.098308658599853516e+01
-5.547787857055664062e+01 8.874022483825683594e+00
-9.389428138732910156e+00 -2.328537940979003906e+01
-6.328793716430664062e+01 4.627937316894531250e+00
-6.495928192138671875e+01 -3.640810394287109375e+01
-4.763928222656250000e+01 -2.097813224792480469e+01
-1.485678291320800781e+01 -3.664901733398437500e+01
-1.992469596862792969e+01 -3.558941650390625000e+01
-5.115262603759765625e+01 -1.329240417480468750e+01
-5.053905487060546875e+01 2.029495239257812500e+01
-3.212859344482421875e+01 1.743749046325683594e+01
-5.180001831054687500e+01 -1.430095767974853516e+01
-8.176547241210937500e+01 -1.618280792236328125e+01
-5.489761352539062500e+01 -2.525247573852539062e+01
-5.529010009765625000e+01 -4.237678527832031250e+01
-6.864482116699218750e+01 1.014303803443908691e+00
-5.349786758422851562e+01 8.740190505981445312e+00
-6.090709304809570312e+01 -1.924282836914062500e+01
-7.365735626220703125e+01 -3.166882896423339844e+01
-6.546012115478515625e+01 -1.778825378417968750e+01
-2.032382774353027344e+01 -3.123590660095214844e+01
-1.198147296905517578e+01 4.555809974670410156e+00
-5.142737579345703125e+01 -1.283979797363281250e+01
-2.631411170959472656e+01 -3.431228637695312500e+01
-4.950070571899414062e+01 1.414760875701904297e+01
-5.983769226074218750e+01 -3.609143829345703125e+01
-5.832313919067382812e+01 -2.253618621826171875e+01
-3.192041397094726562e+01 1.216793346405029297e+01
-1.038639354705810547e+01 4.803093433380126953e+00
-1.900585937500000000e+01 -3.604842185974121094e+00
-4.570368957519531250e+01 -1.232175540924072266e+01
-4.747471237182617188e+01 -1.622773361206054688e+01
-5.493175888061523438e+01 2.055798912048339844e+01
-7.441922760009765625e+01 -3.259709930419921875e+01
-2.226138877868652344e+01 -2.546077919006347656e+01
-1.330309295654296875e+01 -2.946755790710449219e+01
-3.784587478637695312e+01 -2.452682495117187500e+01
-2.753355026245117188e+01 -2.053565025329589844e+01
-2.947305297851562500e+01 4.619455814361572266e+00
-5.825287628173828125e+01 -2.507558631896972656e+01
-3.242790222167968750e+01 -4.720293045043945312e+00
-7.191952514648437500e+01 -3.622124195098876953e+00
-7.401051330566406250e+01 -1.803855514526367188e+01
-5.195486831665039062e+01 6.900610327720642090e-01
-7.382331848144531250e+01 3.485058069229125977e+00
-5.642078399658203125e+01 -3.273461532592773438e+01
-6.306528091430664062e+01 -1.507335948944091797e+01
-5.772719955444335938e+01 -4.464942932128906250e+01
-7.623579406738281250e+01 5.548831462860107422e+00
-7.247630310058593750e+01 -1.055319595336914062e+01
-3.327340316772460938e+01 -1.829841995239257812e+01
-6.916384124755859375e+01 1.805375099182128906e+01
-3.571126174926757812e+01 -3.195554161071777344e+01
-6.265250015258789062e+01 1.006642055511474609e+01
-6.985221862792968750e+01 -1.906115150451660156e+01
-4.741387939453125000e+01 -1.522800827026367188e+01
-6.630313110351562500e+01 -2.189145469665527344e+01
-2.285165023803710938e+01 -3.110358428955078125e+01
-8.974259376525878906e+00 -2.062188529968261719e+01
-8.328648376464843750e+01 -5.731463432312011719e+00
-5.381359863281250000e+01 1.536758184432983398e+00
-2.334664344787597656e+01 -2.517120742797851562e+01
-4.635240936279296875e+01 -2.873621368408203125e+01
-8.480879211425781250e+01 2.877119064331054688e+01
-3.047200393676757812e+01 -2.499466133117675781e+01
-1.362100410461425781e+01 -3.694072008132934570e+00
-2.046004104614257812e+01 -3.098695945739746094e+01
-3.462404489517211914e+00 1.843395233154296875e+01
-4.862768173217773438e+00 1.478726100921630859e+01
-3.844289016723632812e+01 1.051036453247070312e+01
-2.670365333557128906e+01 -2.350771713256835938e+01
-6.709738922119140625e+01 -1.055694389343261719e+01
-4.048950576782226562e+01 8.613389968872070312e+00
-4.783657073974609375e+01 2.758449363708496094e+01
-8.459801483154296875e+01 -8.621549606323242188e+00
-2.179888534545898438e+01 -1.090739631652832031e+01
-5.053423690795898438e+01 1.036627441644668579e-01
-7.027223205566406250e+01 -2.858215141296386719e+01
-5.210641860961914062e+01 -3.453859710693359375e+01
-4.209619522094726562e+01 -4.273109817504882812e+01
-6.115166091918945312e+01 1.258474946022033691e+00
-3.134816551208496094e+01 1.845163536071777344e+01
-4.485510253906250000e+01 -2.724076271057128906e+01
-2.345296478271484375e+01 -2.754799079895019531e+01
-5.041312408447265625e+01 5.651125907897949219e+00
-7.812771606445312500e+01 1.207604980468750000e+01
-1.008778858184814453e+01 -1.551283073425292969e+01
-3.433913040161132812e+01 1.597411513328552246e+00
-6.259391784667968750e+01 -3.736852264404296875e+01
-1.549034476280212402e+00 1.519244480133056641e+01
-5.088922500610351562e+01 -6.478917121887207031e+00
-3.462760543823242188e+01 1.673561573028564453e+00
4.371376419067382812e+01 -3.675656509399414062e+01
7.306006622314453125e+01 -1.292282676696777344e+01
-6.431792449951171875e+01 -4.234540557861328125e+01
-6.543000793457031250e+01 -2.956882476806640625e+00
-7.239356231689453125e+01 5.369094848632812500e+00
-5.326788711547851562e+01 1.875711059570312500e+01
-7.987458038330078125e+01 1.797329330444335938e+01
-4.941135406494140625e+01 1.611232185363769531e+01
-1.711508941650390625e+01 -4.096932983398437500e+01
-2.877549743652343750e+01 1.231863403320312500e+01
-5.170485687255859375e+01 3.049906921386718750e+01
-1.430927848815917969e+01 -2.502587509155273438e+01
-6.388035202026367188e+01 1.852325820922851562e+01
-5.340531158447265625e+01 1.367015743255615234e+01
-4.777463912963867188e+01 -3.496345901489257812e+01
-5.404341888427734375e+01 -2.806684494018554688e+01
-4.079895782470703125e+01 -1.643410491943359375e+01
-5.052613067626953125e+01 3.549348354339599609e+00
-8.200657653808593750e+01 1.625373268127441406e+01
-4.360646438598632812e+01 2.282426071166992188e+01
-7.477162170410156250e+01 3.945196866989135742e+00
5.145032119750976562e+01 -3.915488052368164062e+01
-1.426320934295654297e+01 -5.654277324676513672e+00
-1.880551147460937500e+01 -1.072054028511047363e+00
-2.062683868408203125e+01 -2.699569702148437500e+01
-3.633317565917968750e+01 -2.731761932373046875e+01
-5.124040985107421875e+01 -2.716923522949218750e+01
-2.122274017333984375e+01 1.756090283393859863e+00
-5.032909774780273438e+01 2.221936416625976562e+01
-1.913069725036621094e+01 -2.495420646667480469e+01
-4.478978347778320312e+01 3.372460174560546875e+01
-5.224359512329101562e+01 -1.985876274108886719e+01
-7.869231414794921875e+01 -1.242204189300537109e+01
8.150253295898437500e+01 -2.554739952087402344e+01
-8.396692657470703125e+01 -1.434418582916259766e+01
-3.912705230712890625e+01 6.411351680755615234e+00
-7.224321746826171875e+01 -1.781250762939453125e+01
-4.304217910766601562e+01 -3.342947006225585938e+01
-7.685357666015625000e+01 -2.258575820922851562e+01
-3.755247497558593750e+01 -1.470095348358154297e+01
-3.226411819458007812e+01 -2.384233093261718750e+01
-7.894594573974609375e+01 9.837973594665527344e+00
-1.618952560424804688e+01 -3.376651763916015625e+01
-7.498136138916015625e+01 1.978406715393066406e+01
-3.718574905395507812e+01 2.319099044799804688e+01
-4.683989715576171875e+01 1.236445713043212891e+01
-4.493893814086914062e+01 -4.752461624145507812e+01
-6.639995574951171875e+01 -2.219836041331291199e-02
-3.607686233520507812e+01 2.593270874023437500e+01
-1.067717456817626953e+01 -3.488656616210937500e+01
5.264807891845703125e+01 -1.128057289123535156e+01
-6.509628295898437500e+01 1.369188594818115234e+01
-6.971826934814453125e+01 -2.016103172302246094e+01
-7.045191192626953125e+01 -1.388104248046875000e+01
-6.294877624511718750e+01 -1.707162666320800781e+01
-9.304159164428710938e+00 -2.042005920410156250e+01
-4.629584884643554688e+01 1.082794284820556641e+01
5.201415252685546875e+01 -2.425754547119140625e+01
-6.251433563232421875e+01 -2.141237831115722656e+01
7.606676578521728516e+00 7.630506896972656250e+01
-3.149101257324218750e+01 -1.473260402679443359e+01
1.071034622192382812e+02 -7.661419391632080078e+00
-3.632925271987915039e+00 1.523637580871582031e+01
-5.202737808227539062e+01 -1.553623008728027344e+01
-6.466101074218750000e+01 1.796039772033691406e+01
-4.680910873413085938e+01 7.983105659484863281e+00
-4.802946853637695312e+01 -1.014127445220947266e+01
-7.319422912597656250e+01 1.190719890594482422e+01
-9.840274810791015625e+00 -3.674259185791015625e+01
-6.676644134521484375e+01 -3.873745501041412354e-01
-3.301390647888183594e+00 1.501389598846435547e+01
-1.850697326660156250e+01 -3.278196716308593750e+01
-1.223397254943847656e+01 -8.325356483459472656e+00
8.263217163085937500e+01 -2.462627220153808594e+01
-2.012066268920898438e+01 -3.541518402099609375e+01
-5.783446502685546875e+01 2.011205482482910156e+01
-5.659248733520507812e+01 -3.860374450683593750e+01
-2.909607315063476562e+01 -1.413877010345458984e+01
-6.462058258056640625e+01 -3.177307510375976562e+01
-5.253401565551757812e+01 -3.049582862854003906e+01
-4.217806339263916016e+00 1.551086139678955078e+01
-6.939045715332031250e+01 -2.240099334716796875e+01
-3.273440933227539062e+01 1.356224632263183594e+01
-6.464593505859375000e+01 1.595095634460449219e+01
-5.138988113403320312e+01 -8.964454650878906250e+00
-1.989827919006347656e+01 -3.368685245513916016e+00
-2.683746528625488281e+01 -1.976294136047363281e+01
-7.730429172515869141e+00 4.487427234649658203e+00
-3.529438781738281250e+01 -1.734208583831787109e+00
-1.007266426086425781e+01 -1.600058174133300781e+01
-7.522805023193359375e+01 2.037954330444335938e+01
-5.920477867126464844e+00 -3.889902877807617188e+01
1.005220565795898438e+02 -3.721271896362304688e+01
-6.103397369384765625e+01 6.422315120697021484e+00
-5.356490135192871094e+00 -3.565806961059570312e+01
-3.110429191589355469e+01 2.434214830398559570e+00
-5.248381042480468750e+01 2.326397132873535156e+01
-5.127217483520507812e+01 1.514998435974121094e+01
-4.683044433593750000e+01 -3.443655014038085938e+01
5.558987045288085938e+01 1.554433441162109375e+01
-6.309740829467773438e+01 -4.380500411987304688e+01
-5.476546478271484375e+01 1.489572334289550781e+01
-6.977959442138671875e+01 1.212266540527343750e+01
-7.303450012207031250e+01 1.158859062194824219e+01
-6.394332408905029297e+00 -3.613924026489257812e+01
-7.650468444824218750e+01 7.518425464630126953e+00
-3.925049591064453125e+01 2.034964323043823242e+00
-2.261901092529296875e+01 -1.780994224548339844e+01
-5.416628646850585938e+01 -1.582994759082794189e-01
-2.810183715820312500e+01 1.251249027252197266e+01
-3.744816589355468750e+01 -2.804143524169921875e+01
-6.630611419677734375e+01 -4.320062637329101562e+00
-1.501662445068359375e+01 -3.116695594787597656e+01
-6.918534088134765625e+01 2.266021490097045898e+00
-7.540775299072265625e+01 -4.981686592102050781e+00
-4.778069496154785156e+00 -3.681569290161132812e+01
-3.894596481323242188e+01 -4.223260498046875000e+01
-4.715278244018554688e+01 1.461567878723144531e+01
-6.292439270019531250e+01 2.334130859375000000e+01
-6.956130218505859375e+01 -1.785994148254394531e+01
-5.288273620605468750e+01 2.329634284973144531e+01
-6.151177215576171875e+01 -2.122389221191406250e+01
-4.893379974365234375e+01 2.135452842712402344e+01
-5.786727905273437500e+01 -2.359462165832519531e+01
-5.444913482666015625e+01 2.884610176086425781e+01
-4.891550827026367188e+01 1.870324134826660156e+01
-4.997282028198242188e+01 -5.030022621154785156e+00
-1.989335250854492188e+01 -3.118132019042968750e+01
-6.877478027343750000e+01 -2.377853155136108398e+00
3.636451482772827148e+00 6.089903640747070312e+01
-1.851062774658203125e+01 -4.106371307373046875e+01
-6.778129577636718750e+01 -1.147311568260192871e+00
-4.369443130493164062e+01 -1.408400821685791016e+01
-5.506871414184570312e+01 -4.340519332885742188e+01
-5.636366271972656250e+01 2.904504966735839844e+01
5.816304397583007812e+01 -6.006170749664306641e+00
-4.123896789550781250e+01 -3.395306777954101562e+01
-7.515687561035156250e+01 1.636115455627441406e+01
-3.591458129882812500e+01 2.198454666137695312e+01
-4.100284194946289062e+01 -1.800745201110839844e+01
-5.516911697387695312e+01 -3.124600887298583984e+00
-5.180826568603515625e+01 2.705555152893066406e+01
-6.102562332153320312e+01 -1.396109867095947266e+01
-1.211358261108398438e+01 -2.925804901123046875e+01
-6.506286621093750000e+01 -5.311842918395996094e+00
5.700075531005859375e+01 -1.512564659118652344e+01
-6.561134338378906250e+01 1.422706413269042969e+01
-2.000463676452636719e+01 -3.349950027465820312e+01
-5.399944305419921875e+01 -1.252706766128540039e+00
-2.900215148925781250e+01 -1.515639781951904297e+01
6.213606262207031250e+01 3.789899587631225586e+00
6.308888244628906250e+01 -1.362528502941131592e-01
-3.714809799194335938e+01 -1.067859840393066406e+01
-5.990851211547851562e+01 2.151536560058593750e+01
-6.677135467529296875e+01 -3.433526229858398438e+01
-4.122309494018554688e+01 3.290829467773437500e+01
-4.454377365112304688e+01 3.012541007995605469e+01
-3.837253189086914062e+01 1.446191692352294922e+01
-7.119152832031250000e+01 -2.264835739135742188e+01
-3.660304641723632812e+01 -3.203182220458984375e+01
-6.965899658203125000e+01 -2.183790588378906250e+01
-4.868374252319335938e+01 2.596841621398925781e+01
-4.443156433105468750e+01 3.419921493530273438e+01
-3.195238685607910156e+01 -3.231912231445312500e+01
-2.012377023696899414e+00 1.422897434234619141e+01
-7.521602630615234375e+00 -1.465701293945312500e+01
-1.210025882720947266e+01 -1.577974700927734375e+01
-6.770202636718750000e+01 -2.941452217102050781e+01
-2.725229835510253906e+01 -9.548656463623046875e+00
-4.081878280639648438e+01 -1.329294490814208984e+01
-1.317318630218505859e+01 9.177051544189453125e+00
-4.496147537231445312e+01 2.252235031127929688e+01
-4.264822387695312500e+01 -1.767125320434570312e+01
-1.510870933532714844e+01 -2.741584777832031250e+01
-4.523704147338867188e+01 -1.941953086853027344e+01
-2.482416534423828125e+01 -6.665847450494766235e-02
-3.662036132812500000e+01 -4.034164047241210938e+01
-4.187340164184570312e+01 -2.420460319519042969e+01
-4.812520599365234375e+01 -1.029509639739990234e+01
-7.458897399902343750e+01 2.760378837585449219e+00
-7.603192138671875000e+01 -1.787444877624511719e+01
-5.138248062133789062e+01 -6.812604904174804688e+00
-8.205313873291015625e+01 2.159544181823730469e+01
-2.522194290161132812e+01 -1.273836231231689453e+01
-7.524369049072265625e+01 1.980655097961425781e+01
-1.188492870330810547e+01 -3.387282943725585938e+01
-6.443128967285156250e+01 -2.308646392822265625e+01
-8.558126688003540039e-01 6.576834106445312500e+01
-1.920231246948242188e+01 -3.264854812622070312e+01
-8.157860565185546875e+01 8.385404586791992188e+00
-2.318323135375976562e+01 -5.026434421539306641e+00
-4.730519866943359375e+01 2.310766601562500000e+01
-4.720052337646484375e+01 -3.114250373840332031e+01
-7.754330635070800781e+00 -3.388558197021484375e+01
-6.008364486694335938e+01 -3.052140617370605469e+01
-6.281097793579101562e+01 -9.141855239868164062e+00
-2.276516532897949219e+01 -2.977771759033203125e+01
-8.281649780273437500e+01 -2.563151359558105469e+01
-6.539320373535156250e+01 -2.985538482666015625e+01
-4.761116027832031250e+01 -2.548793792724609375e+01
-3.774238586425781250e+01 -2.194056510925292969e+01
-1.037042808532714844e+01 -1.890372085571289062e+01
-1.283673763275146484e+01 1.029375457763671875e+01
-4.025297927856445312e+01 -1.934813499450683594e+01
-6.362729644775390625e+01 -9.516807556152343750e+00
-5.905966567993164062e+01 -4.704571533203125000e+01
7.049538421630859375e+01 -1.224535465240478516e+00
-3.261927413940429688e+01 1.510647201538085938e+01
-5.486005020141601562e+01 -2.600959205627441406e+01
-3.428530883789062500e+01 -6.164946079254150391e+00
-1.870928382873535156e+01 4.362014293670654297e+00
-1.993725204467773438e+01 -6.547229766845703125e+00
-5.585939788818359375e+01 -3.571572494506835938e+01
-2.268306732177734375e+01 -1.095631599426269531e+01
-1.477895164489746094e+01 -2.744541549682617188e+01
-4.075948333740234375e+01 -1.334051704406738281e+01
4.609808731079101562e+01 -1.359982299804687500e+01
-4.497233963012695312e+01 -1.558627700805664062e+01
-5.136664199829101562e+01 -1.773136854171752930e+00
-7.552289581298828125e+01 4.094977855682373047e+00
-1.214973068237304688e+01 -2.984612226486206055e+00
8.460298919677734375e+01 -3.668313980102539062e+00
-4.009081363677978516e+00 -3.575776290893554688e+01
-4.166750717163085938e+01 -3.230241394042968750e+01
9.148803710937500000e+01 -9.484506607055664062e+00
-3.765895080566406250e+01 -2.035585784912109375e+01
4.782945156097412109e+00 2.369113922119140625e+01
-7.414991855621337891e+00 -3.847917556762695312e+01
-3.435855102539062500e+01 -2.660542488098144531e+01
7.352201843261718750e+01 -1.427790260314941406e+01
-6.508188629150390625e+01 2.085213661193847656e+01
-3.765599822998046875e+01 -1.167208480834960938e+01
-3.967151641845703125e+01 -1.721710205078125000e+01
-1.800551605224609375e+01 -2.525417137145996094e+01
-2.730513191223144531e+01 1.754815673828125000e+01
-2.432783317565917969e+01 -8.979730606079101562e+00
-2.087058448791503906e+01 1.372321796417236328e+01
-4.344050598144531250e+01 1.045235729217529297e+01
-8.025607109069824219e+00 9.248970031738281250e+00
-3.732926559448242188e+01 -1.361611962318420410e+00
-3.572529602050781250e+01 2.212813377380371094e+01
5.194521713256835938e+01 -3.590281295776367188e+01
-2.927595138549804688e+01 4.570458889007568359e+00
-2.616810798645019531e+01 -1.372454547882080078e+01
-1.506657695770263672e+01 -2.421289253234863281e+01
-6.918376159667968750e+01 -1.753156471252441406e+01
6.925126552581787109e+00 8.919761657714843750e+01
-2.313001823425292969e+01 -1.047161579132080078e+01
-5.957143783569335938e+01 -2.163401985168457031e+01
-1.109867858886718750e+01 5.966998100280761719e+00
-5.088537597656250000e+01 -2.889788627624511719e+01
-2.136208534240722656e+01 1.526892900466918945e+00
-4.368445587158203125e+01 -5.700793743133544922e+00
-8.299702453613281250e+01 1.794593048095703125e+01
-5.518221282958984375e+01 9.752000808715820312e+00
-5.005207538604736328e+00 -3.382593917846679688e+01
-4.060403060913085938e+01 2.861457824707031250e+00
-6.659967803955078125e+01 9.790843009948730469e+00
-7.799851989746093750e+01 -9.580039978027343750e-01
-2.012247657775878906e+01 -3.031077957153320312e+01
-4.685880661010742188e+01 2.004881095886230469e+01
-7.359173583984375000e+01 -2.419568443298339844e+01
-7.161446571350097656e+00 -3.364617156982421875e+01
-6.953781890869140625e+01 -6.614123344421386719e+00
-4.131412506103515625e+01 -6.423430919647216797e+00
-5.902077484130859375e+01 -3.303474426269531250e+00
-6.785988616943359375e+01 -1.736922454833984375e+01
-4.376186370849609375e+01 1.943264579772949219e+01
-4.311226272583007812e+01 1.004333305358886719e+01
-6.821189117431640625e+01 7.356954097747802734e+00
-3.196118545532226562e+01 5.372793674468994141e+00
-4.185488510131835938e+01 1.498835563659667969e+01
-4.569673156738281250e+01 -1.903193855285644531e+01
-2.206468582153320312e+01 -3.927959442138671875e+01
-6.606160736083984375e+01 3.377970457077026367e+00
-3.968301010131835938e+01 1.666918182373046875e+01
-3.931587982177734375e+01 -2.498540115356445312e+01
-5.170767593383789062e+01 -2.543273544311523438e+01
-5.888920211791992188e+01 -2.454327392578125000e+01
-7.966751861572265625e+01 2.855293464660644531e+01
-4.093388366699218750e+01 7.965809345245361328e+00
6.067096328735351562e+01 9.613664746284484863e-01
-4.386089324951171875e+00 -3.519166183471679688e+01
-1.233537578582763672e+01 -2.905442047119140625e+01
-1.634006690979003906e+01 -2.752180290222167969e+01
-5.680736160278320312e+01 -7.185432910919189453e+00
-3.321083450317382812e+01 -5.772978782653808594e+00
-4.715119934082031250e+01 -4.241905975341796875e+01
-3.422166442871093750e+01 -6.855236530303955078e+00
-1.830764198303222656e+01 -5.166964530944824219e+00
-2.638278770446777344e+01 -1.078889179229736328e+01
6.807159185409545898e-01 7.291799926757812500e+01
-4.099544906616210938e+01 3.320412063598632812e+01
-6.865623474121093750e+01 -7.030401229858398438e+00
-1.226250743865966797e+01 -4.484096527099609375e+00
-1.825583839416503906e+01 -3.764548110961914062e+01
-5.538217544555664062e+01 -2.788871955871582031e+01
-6.347919464111328125e+01 -1.482530784606933594e+01
-4.797636032104492188e+01 1.514165782928466797e+01
8.349596405029296875e+01 -2.290132713317871094e+01
-5.737158298492431641e+00 -3.435901260375976562e+01
-3.034108734130859375e+01 5.481231212615966797e+00
-3.605864715576171875e+01 1.769119071960449219e+01
-2.322518539428710938e+01 -3.403574752807617188e+01
-3.627861404418945312e+01 -2.559595680236816406e+01
-6.814356994628906250e+01 -7.435104370117187500e+00
-4.098828506469726562e+01 3.309381103515625000e+01
-8.165943908691406250e+01 -2.115472412109375000e+01
-1.635978507995605469e+01 -3.567152023315429688e+01
-8.658231353759765625e+01 1.660339355468750000e+01
-3.383308792114257812e+01 -2.984796524047851562e+01
-5.115052795410156250e+01 1.552582830190658569e-01
-3.606361007690429688e+01 2.318067741394042969e+01
-6.169610595703125000e+01 2.600848388671875000e+01
-4.272454833984375000e+01 -1.614970016479492188e+01
-6.131342697143554688e+01 1.387296295166015625e+01
-7.922535705566406250e+01 -9.432956695556640625e+00
-8.563175964355468750e+01 7.130239009857177734e+00
-4.483383941650390625e+01 -1.759057641029357910e+00
-2.259009742736816406e+01 5.515354156494140625e+00
-4.986575317382812500e+01 1.936467552185058594e+01
-3.673673248291015625e+01 -1.740579223632812500e+01
6.207870483398437500e+01 -1.317673492431640625e+01
-8.053505706787109375e+01 -1.794901466369628906e+01
-5.204975128173828125e+01 5.479163646697998047e+00
-3.310512161254882812e+01 -1.845104598999023438e+01
-5.896037673950195312e+01 -1.835370635986328125e+01
-1.037343883514404297e+01 -2.209684181213378906e+01
-5.634078216552734375e+01 2.851480007171630859e+00
-3.004919052124023438e+01 3.485033512115478516e+00
-4.159915161132812500e+01 -2.453633308410644531e+01
-1.775829124450683594e+01 -3.624379158020019531e+00
-5.884070587158203125e+01 1.071726703643798828e+01
-7.014979553222656250e+01 7.173993587493896484e-01
-9.887716293334960938e+00 -3.528658676147460938e+01
5.207816314697265625e+01 -1.285019969940185547e+01
-4.327592086791992188e+01 6.970390677452087402e-01
-7.291045188903808594e+00 -2.255917167663574219e+01
-7.977954101562500000e+01 -8.593722343444824219e+00
-3.089683723449707031e+01 -1.789472198486328125e+01
-7.984011077880859375e+01 2.718782806396484375e+01
-3.500418853759765625e+01 1.541589355468750000e+01
-7.957922363281250000e+01 1.406648159027099609e+01
-7.716634368896484375e+01 3.106695365905761719e+01
7.093031311035156250e+01 4.693426132202148438e+00
6.391410446166992188e+01 9.983463287353515625e-01
-4.096959686279296875e+01 2.542606925964355469e+01
-7.636562347412109375e+01 7.463006496429443359e+00
-8.399425506591796875e+01 1.457319545745849609e+01
-6.796075439453125000e+01 -2.413869667053222656e+01
-6.661949920654296875e+01 9.926692962646484375e+00
-7.053728485107421875e+01 1.015142560005187988e+00
-4.231708145141601562e+01 1.468412876129150391e+01
-1.761370277404785156e+01 -1.982937622070312500e+01
-7.661822509765625000e+01 -6.373237609863281250e+00
-6.413753509521484375e+01 -2.342799377441406250e+01
-1.473393154144287109e+01 -2.972342872619628906e+01
