-3.431359863281250000e+01 1.325617694854736328e+01
-6.599692535400390625e+01 -2.943867111206054688e+01
-7.658648681640625000e+01 -2.671386146545410156e+01
3.794218063354492188e+01 -1.049597263336181641e+01
9.495849609375000000e+01 -3.203233718872070312e+01
3.787894821166992188e+01 -2.994466781616210938e+01
-5.663047027587890625e+01 1.954602622985839844e+01
-5.980082321166992188e+01 -2.962002944946289062e+01
-8.895679473876953125e+01 -1.058358001708984375e+01
6.968825531005859375e+01 -1.916018867492675781e+01
-5.552373504638671875e+01 8.466655731201171875e+00
4.409333801269531250e+01 -1.829263687133789062e+01
-2.888829803466796875e+01 -2.300875473022460938e+01
-5.695896148681640625e+01 -3.216925048828125000e+01
-5.559640121459960938e+01 -3.422383880615234375e+01
7.642617034912109375e+01 -2.753709220886230469e+01
-6.158143997192382812e+01 -2.785659027099609375e+01
5.153850936889648438e+01 -2.176581764221191406e+01
-5.235942459106445312e+01 -2.185034370422363281e+01
-8.128672027587890625e+01 2.715107202529907227e+00
4.838663101196289062e+01 2.109198760986328125e+01
-7.379568481445312500e+01 -2.341336631774902344e+01
-7.592601013183593750e+01 -3.150352859497070312e+01
-7.299578857421875000e+01 9.588995933532714844e+00
-8.514341735839843750e+01 -2.853748559951782227e+00
-8.021958160400390625e+01 4.047146812081336975e-02
-5.138960647583007812e+01 -3.208235263824462891e+00
-4.053963851928710938e+01 3.512006521224975586e+00
-4.913386535644531250e+01 -4.898871994018554688e+01
-2.969274902343750000e+01 1.154413127899169922e+01
3.733981704711914062e+01 -3.645188093185424805e+00
-7.523843383789062500e+01 -2.677459335327148438e+01
-8.056764984130859375e+01 -4.991825103759765625e+00
5.775112915039062500e+01 9.724196434020996094e+00
-5.124356842041015625e+01 -2.165381813049316406e+01
-8.453578948974609375e+01 1.148981857299804688e+01
-9.289688873291015625e+01 -5.118199348449707031e+00
-7.444509124755859375e+01 2.347516632080078125e+01
-3.322301864624023438e+01 6.977074623107910156e+00
-7.466520690917968750e+01 -6.677908897399902344e+00
-4.436319732666015625e+01 -5.085342025756835938e+01
-5.351907348632812500e+01 -8.868796348571777344e+00
-7.098484802246093750e+01 -2.038540267944335938e+01
-4.299404907226562500e+01 2.183010673522949219e+01
-5.941831207275390625e+01 -2.146932029724121094e+01
-4.341710662841796875e+01 2.434760284423828125e+01
-5.750106048583984375e+01 1.801136779785156250e+01
-5.828890228271484375e+01 -4.103106307983398438e+01
8.841199493408203125e+01 -3.763814163208007812e+01
-1.765995025634765625e+01 1.544442176818847656e+01
-3.949623870849609375e+01 -2.456126976013183594e+01
-2.942010688781738281e+01 -2.631612586975097656e+01
-3.100872039794921875e+01 1.224638271331787109e+01
-7.322129058837890625e+01 -3.766220855712890625e+01
-8.400570678710937500e+01 -6.728955268859863281e+00
-3.638343429565429688e+01 -3.249889755249023438e+01
-3.907854461669921875e+01 -9.850934982299804688e+00
-7.334610748291015625e+01 -2.283588409423828125e+01
-4.458135986328125000e+01 3.387886047363281250e+01
-6.681693267822265625e+01 1.807203483581542969e+01
-7.593538665771484375e+01 -1.938813972473144531e+01
-8.009175872802734375e+01 9.874839186668395996e-01
-7.779405212402343750e+01 -3.798539876937866211e+00
-2.671685028076171875e+01 -2.390122413635253906e+01
5.745151901245117188e+01 -3.356700134277343750e+01
-5.042353439331054688e+01 -5.340167045593261719e+00
-7.842742919921875000e+01 7.511302232742309570e-01
-2.513680648803710938e+01 1.622366905212402344e+01
-1.071165275573730469e+01 1.630803489685058594e+01
6.057863998413085938e+01 -2.016545104980468750e+01
-1.597397327423095703e+01 2.592844581604003906e+01
-5.752256011962890625e+01 -2.980009841918945312e+01
-2.243894958496093750e+01 -1.370982837677001953e+01
-1.972707939147949219e+01 -4.727671623229980469e+00
-3.362318038940429688e+01 -2.097415161132812500e+01
-8.145124053955078125e+01 -4.436007976531982422e+00
-6.930253601074218750e+01 -1.716127204895019531e+01
-6.018926620483398438e+01 2.062885046005249023e+00
-5.593676757812500000e+01 1.732810592651367188e+01
-5.669910430908203125e+01 -2.246306037902832031e+01
-4.451340103149414062e+01 -3.607535552978515625e+01
-5.949507522583007812e+01 2.910621833801269531e+01
-7.246543121337890625e+01 -1.481509017944335938e+01
-6.921417236328125000e+01 -2.118783378601074219e+01
4.067631912231445312e+01 2.992483377456665039e-01
-6.109500122070312500e+01 -2.441783142089843750e+01
-6.980601501464843750e+01 -1.221905040740966797e+01
-1.219332695007324219e+01 -6.082437992095947266e+00
-6.634158325195312500e+01 -1.917008399963378906e+01
-5.916413497924804688e+01 1.561768341064453125e+01
-2.799211692810058594e+01 1.216049194335937500e+00
-2.338938522338867188e+01 -2.317489624023437500e+01
1.042800750732421875e+02 -2.329822349548339844e+01
-6.917963409423828125e+01 -3.478072357177734375e+01
3.852435302734375000e+01 2.255468559265136719e+01
-7.857111358642578125e+01 -2.999737930297851562e+01
4.133411026000976562e+01 -2.982608222961425781e+01
-7.182828521728515625e+01 -3.065858125686645508e+00
-5.068075180053710938e+01 -7.287967205047607422e+00
-7.473304748535156250e+01 4.476346969604492188e+00
6.858373260498046875e+01 -1.579214096069335938e+01
-7.973318481445312500e+01 -2.002540969848632812e+01
-8.289023590087890625e+01 8.554681777954101562e+00
-8.623084068298339844e+00 5.414453506469726562e+01
-7.966814422607421875e+01 -1.993934959173202515e-01
-7.348810577392578125e+01 5.243114471435546875e+00
2.208561706542968750e+01 -2.747407150268554688e+01
-6.506334686279296875e+01 -2.093947792053222656e+01
-5.024367904663085938e+01 -3.123246192932128906e+01
8.947791290283203125e+01 -2.209343910217285156e+01
-4.218919372558593750e+01 -9.056566238403320312e+00
-5.661430358886718750e+01 2.054350280761718750e+01
4.906708526611328125e+01 3.576396179199218750e+01
-5.940320587158203125e+01 -2.524736404418945312e+01
3.274338531494140625e+01 -1.325261402130126953e+01
-8.426923370361328125e+01 7.674109458923339844e+00
-6.418444824218750000e+01 -3.144844055175781250e+01
-4.526808547973632812e+01 -2.046755027770996094e+01
-8.292607879638671875e+01 8.208515167236328125e+00
-6.718479156494140625e+01 1.051946735382080078e+01
-2.040744018554687500e+01 -6.167709350585937500e+00
-5.953675079345703125e+01 -3.949251174926757812e+01
-5.022364807128906250e+01 1.623650193214416504e+00
-1.419861507415771484e+01 -1.752635192871093750e+01
-3.016984367370605469e+01 1.447717285156250000e+01
-8.094097900390625000e+01 -2.461786270141601562e+01
-2.433393859863281250e+01 1.156714057922363281e+01
3.896385574340820312e+01 -3.078871726989746094e+01
-6.029665756225585938e+01 -1.533986854553222656e+01
-2.587196540832519531e+01 -4.486134719848632812e+01
-6.604528045654296875e+01 -3.190886878967285156e+01
-7.107244110107421875e+01 -1.658502197265625000e+01
-5.588903427124023438e+01 -3.506521224975585938e+01
-5.987258529663085938e+01 -2.671039199829101562e+01
-8.560536193847656250e+01 4.297836780548095703e+00
-7.174349212646484375e+01 1.134654808044433594e+01
-7.353086090087890625e+01 -2.685291862487792969e+01
-7.545137786865234375e+01 3.358533382415771484e-01
-6.077495193481445312e+01 -2.031297492980957031e+01
-8.417371368408203125e+01 -1.486358928680419922e+01
-4.715690612792968750e+01 -2.677942848205566406e+01
-2.677899551391601562e+01 -5.980094075202941895e-01
-8.175828552246093750e+01 -1.784720039367675781e+01
-3.844038772583007812e+01 -5.778467655181884766e+00
-4.561101913452148438e+01 2.820037841796875000e+01
-6.800755310058593750e+01 -1.654940986633300781e+01
-8.310144042968750000e+01 -1.522727775573730469e+01
-4.137172317504882812e+01 -3.793429183959960938e+01
-3.150133895874023438e+01 -1.063546085357666016e+01
-8.212111663818359375e+01 -1.752570533752441406e+01
-7.353561401367187500e+01 -2.662535858154296875e+01
-8.397203826904296875e+01 1.376180934906005859e+01
-6.217635726928710938e+01 1.684908294677734375e+01
-5.109053802490234375e+01 -3.243339920043945312e+01
-5.594923019409179688e+01 -2.477110290527343750e+01
-2.741972541809082031e+01 -3.498916244506835938e+01
-4.497812652587890625e+01 -2.811259841918945312e+01
-5.599777221679687500e+01 -8.731234550476074219e+00
4.539871215820312500e+01 -1.827704811096191406e+01
-7.068695831298828125e+01 -4.669216918945312500e+01
-7.896319580078125000e+01 1.254767036437988281e+01
-3.002514839172363281e+01 -3.246723937988281250e+01
-6.685496520996093750e+01 -1.699143218994140625e+01
-8.139871978759765625e+01 -4.285259544849395752e-01
-8.291580963134765625e+01 -5.827519416809082031e+00
-8.593730926513671875e+01 1.739457011222839355e+00
3.897872161865234375e+01 -2.997380065917968750e+01
-7.546134185791015625e+01 5.953934192657470703e+00
-5.878071975708007812e+01 -3.482690048217773438e+01
-4.106698226928710938e+01 -3.471871948242187500e+01
-4.995986175537109375e+01 -2.934080886840820312e+01
-5.569309234619140625e+01 6.638251781463623047e+00
-5.764141082763671875e+01 -2.701866722106933594e+01
-2.066476631164550781e+01 2.528078269958496094e+01
-6.924221801757812500e+01 -1.817285156250000000e+01
-8.764343261718750000e+01 1.296399116516113281e+01
-4.025057983398437500e+01 1.202191638946533203e+01
-6.816689300537109375e+01 1.558832168579101562e+01
-7.258093261718750000e+01 -2.649832344055175781e+01
-2.569220542907714844e+01 -1.190895462036132812e+01
-6.011321640014648438e+01 2.442451667785644531e+01
-7.491053009033203125e+01 -1.585078048706054688e+01
-5.458823394775390625e+01 -3.076194381713867188e+01
-6.794635009765625000e+01 8.910025596618652344e+00
-6.693860054016113281e+00 5.022056198120117188e+01
5.153065109252929688e+01 -1.992460823059082031e+01
-6.054761123657226562e+01 -3.097843933105468750e+01
-7.122183227539062500e+01 -1.524123954772949219e+01
-4.675725936889648438e+01 1.080018997192382812e+01
-7.338895416259765625e+01 6.490839958190917969e+00
-7.573327636718750000e+01 -1.948407554626464844e+01
-5.361473464965820312e+01 -2.002355575561523438e+01
7.222636413574218750e+01 -2.410651779174804688e+01
-7.374648284912109375e+01 -1.016913223266601562e+01
-5.075578689575195312e+01 -1.261815547943115234e+00
-5.773777389526367188e+01 -5.657865524291992188e+00
-8.366839599609375000e+01 1.097986793518066406e+01
-4.911966705322265625e+01 -1.126803588867187500e+01
-5.338724899291992188e+01 -3.519644546508789062e+01
-1.751995277404785156e+01 3.131657028198242188e+01
-7.165390777587890625e+01 -1.614104461669921875e+01
-5.418793869018554688e+01 -3.284584808349609375e+01
-2.109111404418945312e+01 -3.347007369995117188e+01
-4.056845474243164062e+01 -1.111564731597900391e+01
-6.356127548217773438e+01 -3.640136337280273438e+01
-6.716982269287109375e+01 6.361638069152832031e+00
4.528221130371093750e+01 1.191523456573486328e+01
-3.262615966796875000e+01 9.693775177001953125e+00
-3.323245239257812500e+01 -6.581834316253662109e+00
-3.916491699218750000e+01 2.683679962158203125e+01
-6.628863525390625000e+01 -2.792849349975585938e+01
-7.880438232421875000e+01 -2.283372879028320312e+01
-2.268629646301269531e+01 -1.353246498107910156e+01
-8.547694396972656250e+01 -1.773708343505859375e+01
-5.525971984863281250e+01 -1.192373752593994141e+01
-5.790582275390625000e+01 -4.016133117675781250e+01
6.607317352294921875e+01 -1.796636390686035156e+01
-2.587290382385253906e+01 -4.486338043212890625e+01
-4.633010101318359375e+01 -1.274120616912841797e+01
-5.878065109252929688e+01 -3.086144065856933594e+01
-5.676740264892578125e+01 -3.749837112426757812e+01
-8.155642700195312500e+01 -3.796374893188476562e+01
-9.201477813720703125e+01 2.315105199813842773e+00
-7.064366149902343750e+01 -1.470028972625732422e+01
-8.192523956298828125e+01 -1.922327613830566406e+01
-5.312946701049804688e+01 1.311237907409667969e+01
-8.407591247558593750e+01 -1.784887886047363281e+01
-7.286045837402343750e+01 -1.362600994110107422e+01
-8.039134216308593750e+01 -3.201983261108398438e+01
-7.561995697021484375e+01 1.514122867584228516e+01
-2.657607841491699219e+01 -3.756871414184570312e+01
-1.273283195495605469e+01 -9.921151161193847656e+00
-3.421622085571289062e+01 1.152503967285156250e+01
-5.781175613403320312e+01 -2.825346183776855469e+01
1.023007659912109375e+02 -2.375758552551269531e+01
6.515560913085937500e+01 7.796745300292968750e+00
-1.418690299987792969e+01 -1.809396362304687500e+01
-4.532296371459960938e+01 -2.828962326049804688e+00
-2.359391021728515625e+01 -1.861080932617187500e+01
-8.161031341552734375e+01 8.609246253967285156e+00
-2.762554931640625000e+01 2.715665435791015625e+01
5.144834136962890625e+01 2.035503768920898438e+01
-7.502677917480468750e+01 -1.160240077972412109e+01
-1.355212974548339844e+01 -1.476445579528808594e+01
-2.374815177917480469e+01 3.263230562210083008e+00
-2.228868103027343750e+01 1.004170703887939453e+01
-3.722021865844726562e+01 -5.333341121673583984e+00
-8.708557891845703125e+01 -1.897141456604003906e+01
-5.949675369262695312e+01 -9.103683471679687500e+00
-5.215808486938476562e+01 -2.536451148986816406e+01
-3.686389923095703125e+01 -1.392572021484375000e+01
-6.134506607055664062e+01 -3.138781738281250000e+01
-2.116123962402343750e+01 1.389073848724365234e+01
-4.472323989868164062e+01 -6.300644397735595703e+00
4.270232772827148438e+01 -2.955241584777832031e+01
-3.436196899414062500e+01 4.073670387268066406e+00
-5.476869964599609375e+01 1.031066036224365234e+01
-9.224174499511718750e+01 7.314867019653320312e+00
-7.766225433349609375e+01 3.504253864288330078e+00
-8.252394866943359375e+01 -1.296564102172851562e+00
-5.432133483886718750e+01 -4.572260284423828125e+01
-8.697953796386718750e+01 6.250294685363769531e+00
-6.930828094482421875e+01 -3.604582595825195312e+01
-4.004025268554687500e+01 -2.976935768127441406e+01
-8.661175537109375000e+01 3.545121431350708008e+00
-4.315794754028320312e+01 -2.434463310241699219e+01
-4.738385391235351562e+01 5.261073112487792969e+00
-1.737563896179199219e+01 9.682057380676269531e+00
-7.298741912841796875e+01 -1.818597412109375000e+01
-4.124476242065429688e+01 1.895491600036621094e+01
-6.547743225097656250e+01 -1.783971786499023438e+01
-5.540096664428710938e+01 -4.595211791992187500e+01
-3.206174468994140625e+01 -1.886929130554199219e+01
-9.288656616210937500e+01 -5.117570877075195312e+00
8.357586669921875000e+01 -2.694746589660644531e+01
-6.750060272216796875e+01 6.361690998077392578e+00
-5.914841842651367188e+01 -2.816975212097167969e+01
-3.589473342895507812e+01 -2.768342018127441406e+01
4.241454315185546875e+01 -2.833501052856445312e+01
-6.924227905273437500e+01 6.195941925048828125e+00
-8.820556640625000000e+01 -1.597768306732177734e+00
-2.532670974731445312e+01 9.395562171936035156e+00
-7.576161956787109375e+01 -2.681542587280273438e+01
-5.292807006835937500e+01 -1.849559593200683594e+01
-2.639103698730468750e+01 -2.384495353698730469e+01
-3.134592628479003906e+01 -3.314963912963867188e+01
-4.930725479125976562e+01 -2.283386993408203125e+01
-5.212254333496093750e+01 9.448619842529296875e+00
-3.432847976684570312e+01 8.956786155700683594e+00
-8.258586883544921875e+01 6.280160903930664062e+00
-6.005533218383789062e+01 -3.345273208618164062e+01
-4.539561462402343750e+01 1.636122894287109375e+01
3.434797668457031250e+01 6.599148559570312500e+01
-4.577209651470184326e-01 1.409476089477539062e+01
-8.519554901123046875e+01 2.309428215026855469e+00
4.632761001586914062e+01 1.293800354003906250e+01
-2.667822647094726562e+01 -7.278632164001464844e+00
-8.871819305419921875e+01 5.286420822143554688e+00
-5.660518264770507812e+01 2.040873146057128906e+01
-2.092702484130859375e+01 -3.329396057128906250e+01
-4.315145874023437500e+01 -3.959222435951232910e-01
-7.508512496948242188e+00 -6.423830509185791016e+00
-4.449282073974609375e+01 -1.537332630157470703e+01
-4.637665557861328125e+01 -1.500965976715087891e+01
-8.754524230957031250e+01 -2.656010627746582031e+01
-3.975176620483398438e+01 -2.241489028930664062e+01
-8.143110656738281250e+01 1.014474296569824219e+01
-7.219289398193359375e+01 -4.452810668945312500e+01
-7.777028656005859375e+01 6.802408695220947266e+00
-2.372623062133789062e+01 1.080061817169189453e+01
-1.713699531555175781e+01 -9.040235519409179688e+00
-1.302247428894042969e+01 -1.551865100860595703e+01
1.284878158569335938e+01 5.418361282348632812e+01
-5.667527389526367188e+01 -3.155920410156250000e+01
-6.650021362304687500e+01 -3.283056259155273438e+01
-6.582614135742187500e+01 8.101788520812988281e+00
-1.974863243103027344e+01 -1.169251537322998047e+01
-8.979100227355957031e+00 2.696472644805908203e+00
-8.183325958251953125e+01 8.087309837341308594e+00
4.108773422241210938e+01 -2.894581794738769531e+01
-7.255120086669921875e+01 -8.585142135620117188e+00
-1.048462200164794922e+01 -2.108057594299316406e+01
-5.284469985961914062e+01 -1.720293045043945312e+01
-2.934428787231445312e+01 -1.755024528503417969e+01
-5.285797500610351562e+01 -1.380714511871337891e+01
-4.439675807952880859e+00 4.725661849975585938e+01
-3.422328948974609375e+01 -3.930815935134887695e+00
-5.117203903198242188e+01 7.025979995727539062e+00
-2.937054824829101562e+01 1.456657886505126953e+00
-5.311385345458984375e+01 5.207962989807128906e+00
-8.396035003662109375e+01 9.693050384521484375e+00
-4.982344436645507812e+01 -8.832140922546386719e+00
-3.273485565185546875e+01 1.181876754760742188e+01
-5.809401321411132812e+01 6.327746868133544922e+00
1.525764179229736328e+01 -8.818814277648925781e+00
-7.090894317626953125e+01 1.496971035003662109e+01
-7.552527618408203125e+01 -1.415104675292968750e+01
2.222120857238769531e+01 -2.515930366516113281e+01
-8.352062225341796875e+01 -2.314633369445800781e+01
-7.358447265625000000e+01 4.700835227966308594e+00
-4.215570068359375000e+01 -3.224358797073364258e+00
-8.440402984619140625e+01 -6.999817848205566406e+00
-8.829164886474609375e+01 8.227855682373046875e+00
-4.147374725341796875e+01 -2.953220129013061523e+00
-5.261935424804687500e+01 -2.913662910461425781e+01
-3.782145690917968750e+01 2.447725105285644531e+01
-7.848068237304687500e+01 -6.049986839294433594e+00
-1.771837234497070312e+01 -1.038229179382324219e+01
-2.723179244995117188e+01 -6.151343822479248047e+00
-7.040661621093750000e+01 -2.659593009948730469e+01
-4.808559799194335938e+01 -9.686166763305664062e+00
-2.921042442321777344e+01 -4.552739143371582031e+00
-3.172850036621093750e+01 1.886384963989257812e+01
-4.895032882690429688e+01 -1.769524216651916504e+00
-7.014117431640625000e+01 3.756157159805297852e+00
-3.911124801635742188e+01 -2.157950592041015625e+01
-7.741967773437500000e+01 -1.390824794769287109e+01
-4.992973327636718750e+01 2.732917976379394531e+01
-3.695776367187500000e+01 -3.230041885375976562e+01
-2.867699623107910156e+01 -1.329788780212402344e+01
2.136071205139160156e+00 2.367324382066726685e-01
-8.295553588867187500e+01 -2.405801296234130859e+00
-8.538840484619140625e+01 8.135965347290039062e+00
-7.683921051025390625e+01 1.661599159240722656e+00
-6.543474578857421875e+01 -1.185949707031250000e+01
-2.611873435974121094e+01 -2.834231185913085938e+01
-2.896095466613769531e+01 -6.324440002441406250e+00
6.141291046142578125e+01 -3.330895996093750000e+01
-5.400357437133789062e+01 -1.046737766265869141e+01
-4.419827270507812500e+01 -1.242147350311279297e+01
-5.425165939331054688e+01 -2.592705154418945312e+01
-4.676428985595703125e+01 -7.481022834777832031e+00
-6.959560394287109375e+01 -3.193980407714843750e+01
-2.265066719055175781e+01 -3.223332166671752930e+00
-3.577518463134765625e+01 2.640452575683593750e+01
-3.791532516479492188e+01 2.589967155456542969e+01
-8.251446533203125000e+01 -1.555758476257324219e+01
-8.323359680175781250e+01 1.939049530029296875e+01
-8.308451080322265625e+01 -2.342047691345214844e+01
-9.298045349121093750e+01 -1.169297504425048828e+01
-7.330396270751953125e+01 -2.552749633789062500e+01
-2.681988143920898438e+01 -2.005197143554687500e+01
-1.328672695159912109e+01 1.853600883483886719e+01
-7.042723846435546875e+01 9.015918731689453125e+00
-4.796021652221679688e+01 2.289744186401367188e+01
-6.510820007324218750e+01 -1.825684165954589844e+01
-8.403281402587890625e+01 4.904726505279541016e+00
-8.308509826660156250e+01 1.769300341606140137e+00
-4.347873306274414062e+01 -4.263871383666992188e+01
-6.645331573486328125e+01 -1.148163700103759766e+01
-4.904237365722656250e+01 -2.533622741699218750e+01
-4.584262084960937500e+01 6.137914657592773438e+00
-5.901417922973632812e+01 -4.657194316387176514e-01
-7.748330688476562500e+01 1.445705699920654297e+01
-6.101715469360351562e+01 2.225337409973144531e+01
-8.382812500000000000e+01 9.260414123535156250e+00
-6.077494049072265625e+01 -1.686320304870605469e+01
-5.165227890014648438e+01 3.534383773803710938e+00
-6.774414825439453125e+01 -2.555092239379882812e+01
-6.119953155517578125e+01 -1.483509922027587891e+01
-8.525881958007812500e+01 7.602490901947021484e+00
-6.387348556518554688e+01 1.789532279968261719e+01
-6.281225204467773438e+01 -1.610363769531250000e+01
-6.882291412353515625e+01 2.097397232055664062e+01
-7.782962799072265625e+01 -3.470586776733398438e+01
4.348790168762207031e+00 8.071038818359375000e+01
-8.912885665893554688e+00 4.179687118530273438e+01
-8.170991516113281250e+01 9.147580146789550781e+00
-7.049131774902343750e+01 -9.019598007202148438e+00
-7.783856201171875000e+01 5.127143383026123047e+00
-5.690995407104492188e+01 7.611685752868652344e+00
-2.167011070251464844e+01 7.738379478454589844e+00
-7.150797271728515625e+01 -4.408069229125976562e+01
-8.398263549804687500e+01 2.958395957946777344e+00
-5.659826660156250000e+01 -1.687374877929687500e+01
-3.911470031738281250e+01 -6.316518306732177734e+00
-3.785214996337890625e+01 -3.049951362609863281e+01
-6.367560958862304688e+01 8.452298164367675781e+00
-7.488494110107421875e+01 -5.040276050567626953e+00
-7.521595001220703125e+01 6.369912624359130859e+00
-5.909626770019531250e+01 -2.015538978576660156e+01
-2.577497482299804688e+01 2.175150680541992188e+01
5.859694004058837891e+00 5.272646331787109375e+01
5.591699600219726562e+01 -4.014096736907958984e+00
-6.513470458984375000e+01 6.371935367584228516e+00
-5.574631118774414062e+01 -2.473081398010253906e+01
-7.847544097900390625e+01 2.101558446884155273e+00
-3.534306716918945312e+01 -8.114223480224609375e+00
-5.214489459991455078e+00 1.261621570587158203e+01
-2.469394683837890625e+01 -4.008005142211914062e+00
-3.749171829223632812e+01 -1.840644264221191406e+01
-8.279617309570312500e+01 7.724910259246826172e+00
-9.462554931640625000e+01 2.066006422042846680e+00
-7.038053894042968750e+01 -4.262435150146484375e+01
-8.232639312744140625e+01 6.893684864044189453e+00
-6.456601715087890625e+01 3.156533432006835938e+01
6.408898162841796875e+01 -1.356111907958984375e+01
-8.081309509277343750e+01 -1.009741401672363281e+01
-6.879527282714843750e+01 2.097033882141113281e+01
-5.378767776489257812e+01 -3.316638183593750000e+01
-2.290083694458007812e+01 -8.339041709899902344e+00
-8.296457672119140625e+01 7.017676353454589844e+00
-2.678495979309082031e+01 9.157259941101074219e+00
-4.307226181030273438e+01 -1.652221679687500000e+01
4.932344055175781250e+01 3.037143707275390625e+01
-2.282655525207519531e+01 -3.234382247924804688e+01
-8.721099853515625000e+01 -7.071506500244140625e+00
-7.684499359130859375e+01 -2.971360778808593750e+01
-8.806363677978515625e+01 1.264676189422607422e+01
-6.137365722656250000e+01 -6.083257675170898438e+00
-4.033241271972656250e+01 2.252983474731445312e+01
-2.992902374267578125e+01 -6.261562347412109375e+00
7.277088165283203125e+01 -1.261943626403808594e+01
-5.778813171386718750e+01 1.394104862213134766e+01
-8.228997039794921875e+01 3.692727804183959961e+00
-8.137893676757812500e+01 -3.364405333995819092e-01
-5.432295989990234375e+01 3.046817588806152344e+01
-3.673649978637695312e+01 1.867177772521972656e+01
-5.116662597656250000e+01 -2.721762466430664062e+01
-2.821560287475585938e+01 -3.582319736480712891e+00
-5.276828384399414062e+01 2.377066993713378906e+01
-7.210124969482421875e+01 1.321392059326171875e+00
-5.385546112060546875e+01 -2.746996307373046875e+01
-6.828307342529296875e+01 -2.277696228027343750e+01
-4.367330551147460938e+01 -4.980810165405273438e+00
-5.527870559692382812e+01 -2.904803276062011719e+01
-8.603057098388671875e+01 9.381613731384277344e+00
-5.556281280517578125e+01 -5.470881462097167969e+00
-6.128576660156250000e+01 1.921181106567382812e+01
-7.764204406738281250e+01 1.138505840301513672e+01
-8.211097717285156250e+01 1.595737457275390625e+01
3.494084548950195312e+01 -2.276066970825195312e+01
-5.726694488525390625e+01 -1.665835380554199219e+01
-8.400839996337890625e+01 1.639728927612304688e+01
-5.638738250732421875e+01 -3.994522857666015625e+01
-4.836796951293945312e+01 1.292195606231689453e+01
-5.693553924560546875e+01 -2.111758232116699219e+01
-3.298322677612304688e+01 -1.546927165985107422e+01
-7.163249969482421875e+01 -1.206389617919921875e+01
-3.703323745727539062e+01 2.279603195190429688e+01
-4.913419723510742188e+01 -4.898786544799804688e+01
-6.315600204467773438e+01 -6.622868537902832031e+00
-6.300716018676757812e+01 -8.463404655456542969e+00
-8.389678955078125000e+01 1.359354877471923828e+01
-4.491883468627929688e+01 -4.272253417968750000e+01
-9.057939147949218750e+01 5.439473152160644531e+00
-7.178866577148437500e+01 1.835128593444824219e+01
9.950438690185546875e+01 -2.037920951843261719e+01
-4.441954040527343750e+01 -1.786561584472656250e+01
-6.947948455810546875e+01 1.227165317535400391e+01
-7.241935729980468750e+01 -5.929080486297607422e+00
-8.733058166503906250e+01 -2.157877445220947266e+00
-7.684704589843750000e+01 3.376807212829589844e+00
-4.512227249145507812e+01 -1.159099864959716797e+01
-4.211349105834960938e+01 2.380359077453613281e+01
-2.741539955139160156e+01 -3.505194854736328125e+01
-4.650480270385742188e+01 -2.558998489379882812e+01
-6.260328674316406250e+01 -2.106473922729492188e+01
-6.394568634033203125e+01 -2.303661727905273438e+01
-4.903125000000000000e+01 -3.007741451263427734e+00
-4.801226425170898438e+01 -4.159596252441406250e+01
-9.406214904785156250e+01 -1.837264442443847656e+01
-5.910102844238281250e+01 -2.468254470825195312e+01
-8.270826721191406250e+01 -3.021988391876220703e+00
-5.100117492675781250e+01 -5.404145717620849609e+00
5.317625045776367188e+01 -2.820964622497558594e+01
-5.977658843994140625e+01 -2.291362762451171875e+01
-4.182400894165039062e+01 -2.129173660278320312e+01
-6.349756240844726562e+00 6.753972530364990234e+00
-8.151152038574218750e+01 1.362459182739257812e+01
-5.871638488769531250e+01 1.236688899993896484e+01
-7.372445678710937500e+01 7.831859111785888672e+00
-8.112658691406250000e+01 -1.760989379882812500e+01
-6.550778198242187500e+01 -3.390336990356445312e+01
-7.081687164306640625e+01 -1.890281486511230469e+01
-5.693219375610351562e+01 1.780401420593261719e+01
-2.088780021667480469e+01 -8.415080070495605469e+00
-2.025911903381347656e+01 1.824645233154296875e+01
-3.810248565673828125e+01 3.499463319778442383e+00
-4.198087310791015625e+01 -3.687186813354492188e+01
-3.146502685546875000e+01 -3.661904525756835938e+01
-7.325154876708984375e+01 -1.689231681823730469e+01
-3.552327728271484375e+01 4.808528423309326172e+00
-5.786485671997070312e+01 -1.909208106994628906e+01
-1.919702911376953125e+01 8.971184730529785156e+00
-2.414097023010253906e+01 5.581859588623046875e+00
-4.770693969726562500e+01 -1.252082538604736328e+01
3.086981964111328125e+01 -1.320858860015869141e+01
-4.330376434326171875e+01 3.859456777572631836e+00
-7.506643676757812500e+01 1.383560085296630859e+01
-6.350661468505859375e+01 -1.704821205139160156e+01
-6.612120819091796875e+01 -1.426198196411132812e+01
-7.985874176025390625e+01 -3.177691459655761719e+01
-4.725165176391601562e+01 -1.883556175231933594e+01
-2.065384483337402344e+01 2.526529121398925781e+01
-3.268164062500000000e+01 -4.260190582275390625e+01
-4.855346298217773438e+01 -2.718175506591796875e+01
-4.877342224121093750e+01 -1.672311210632324219e+01
-6.023973464965820312e+01 1.618412399291992188e+01
-2.158215713500976562e+01 2.367841482162475586e+00
-8.536268615722656250e+01 5.763291358947753906e+00
-4.898312377929687500e+01 -4.189993667602539062e+01
-4.372027969360351562e+01 1.289797115325927734e+01
-4.472690963745117188e+01 -4.266784667968750000e+01
-5.759033584594726562e+01 -2.407952690124511719e+01
-7.998560333251953125e+01 1.109676837921142578e+01
-6.340613174438476562e+01 -1.053891944885253906e+01
-7.805243682861328125e+01 -2.605568408966064453e+00
-4.692007827758789062e+01 -1.466197013854980469e+01
-4.435733032226562500e+01 -5.083298492431640625e+01
-6.733359527587890625e+01 -5.017594337463378906e+00
-1.267744064331054688e+01 -7.949078083038330078e+00
-5.362855529785156250e+01 4.607166767120361328e+00
-6.153178024291992188e+01 9.949200630187988281e+00
3.323530578613281250e+01 -1.552489948272705078e+01
-4.576720428466796875e+01 -1.545558643341064453e+01
4.680171203613281250e+01 1.130298137664794922e+01
-6.717694091796875000e+01 -4.427838325500488281e+00
-1.323666381835937500e+01 -1.145554161071777344e+01
-8.471636199951171875e+01 3.681142568588256836e+00
-6.246466827392578125e+01 -5.375445842742919922e+00
-1.060359001159667969e+01 1.219586181640625000e+01
-5.825235366821289062e+01 -2.906971740722656250e+01
-6.818241119384765625e+01 -5.404868125915527344e+00
-2.416391372680664062e+01 1.418504142761230469e+01
-2.022365188598632812e+01 -1.726556777954101562e+01
-2.383003997802734375e+01 -1.298107951879501343e-01
3.188773345947265625e+01 -1.890350723266601562e+01
-6.549457550048828125e+01 4.535728394985198975e-01
-6.558485412597656250e+01 1.060952305793762207e+00
-6.627282714843750000e+01 -3.295624923706054688e+01
-7.850495147705078125e+01 5.200710773468017578e+00
-5.914708328247070312e+01 -2.400155305862426758e+00
-3.636495208740234375e+01 2.432558631896972656e+01
-5.354890823364257812e+01 -2.963272285461425781e+01
-6.805036163330078125e+01 1.412573528289794922e+01
-8.049177551269531250e+01 8.231823921203613281e+00
-4.476216888427734375e+01 -1.752614402770996094e+01
-5.722058868408203125e+01 2.255311727523803711e+00
4.279946899414062500e+01 -1.400672721862792969e+01
-8.434203147888183594e+00 1.327832126617431641e+01
-6.947845458984375000e+01 -1.371837425231933594e+01
-8.702993774414062500e+01 -2.192056417465209961e+00
-3.156471824645996094e+01 -1.648113822937011719e+01
-6.120373916625976562e+01 -2.657186508178710938e+01
-4.286057662963867188e+01 1.554178953170776367e+00
-4.683597564697265625e+01 1.054914855957031250e+01
-7.682145690917968750e+01 -4.966902256011962891e+00
-4.144047927856445312e+01 1.012606024742126465e+00
-2.994750738143920898e-01 1.422976374626159668e+00
-3.272058105468750000e+01 -9.195045471191406250e+00
-8.435980987548828125e+01 6.389029026031494141e+00
-4.178378295898437500e+01 -2.846364593505859375e+01
-8.807328796386718750e+01 -4.343446731567382812e+00
-3.330293655395507812e+01 -5.926435947418212891e+00
-7.567511749267578125e+01 -3.227795839309692383e+00
5.617613220214843750e+01 2.520453071594238281e+01
-4.032791900634765625e+01 -2.157113647460937500e+01
-2.317174720764160156e+01 -1.867675971984863281e+01
-5.834717941284179688e+01 -1.261978340148925781e+01
-5.841968536376953125e+01 -1.105922579765319824e+00
-4.115581130981445312e+01 -1.270024204254150391e+01
-3.592346191406250000e+01 -1.943391084671020508e+00
-5.045466232299804688e+01 7.196647644042968750e+00
-4.131102752685546875e+01 -1.488903331756591797e+01
-5.570114898681640625e+01 -2.742863464355468750e+01
-7.347993469238281250e+01 -2.053292274475097656e+01
-4.806679916381835938e+01 -1.452975082397460938e+01
-5.415587615966796875e+01 -2.985361862182617188e+01
-4.636528778076171875e+01 -5.090496063232421875e+00
-4.336419296264648438e+01 9.862274169921875000e+00
-3.512469863891601562e+01 -6.844959259033203125e+00
4.675267028808593750e+01 -8.576341629028320312e+00
-7.962506103515625000e+01 9.980972290039062500e+00
-7.991920471191406250e+01 1.489196872711181641e+01
-4.542493820190429688e+01 -2.610860443115234375e+01
-1.652276611328125000e+01 3.197300434112548828e+00
-8.029444122314453125e+01 3.661966323852539062e+00
-8.340353393554687500e+01 6.174253940582275391e+00
-8.785714721679687500e+01 7.787618637084960938e-01
-3.312894439697265625e+01 -1.158620357513427734e+00
-2.884602546691894531e+01 5.399598121643066406e+00
-8.885623168945312500e+01 3.416240215301513672e+00
-7.143801879882812500e+01 6.174376010894775391e+00
-3.729518508911132812e+01 -1.975887107849121094e+01
-8.230347442626953125e+01 3.658527731895446777e-01
-8.037869262695312500e+01 8.497410774230957031e+00
-7.737414550781250000e+01 -1.617446708679199219e+01
3.079886245727539062e+01 -2.119342231750488281e+01
-7.160282897949218750e+01 -1.064152526855468750e+01
-8.763451385498046875e+01 -4.308871269226074219e+00
-8.126890563964843750e+01 -2.687105655670166016e+00
-3.116350364685058594e+01 4.403812885284423828e+00
-4.890988540649414062e+01 -3.991984939575195312e+01
-3.089778327941894531e+01 1.862684822082519531e+01
-7.284830474853515625e+01 -1.817066955566406250e+01
-3.554880523681640625e+01 1.222053813934326172e+01
-5.736059570312500000e+01 1.107298851013183594e+01
-6.020592117309570312e+01 2.233609580993652344e+01
-2.006667709350585938e+01 -1.815351843833923340e+00
-3.549527740478515625e+01 1.097540569305419922e+01
-4.104000091552734375e+01 -2.383410644531250000e+01
4.727686309814453125e+01 1.189890766143798828e+01
-8.042228698730468750e+01 -1.192028045654296875e+01
-2.868462562561035156e+01 -9.574276924133300781e+00
-2.995582962036132812e+01 -1.089357089996337891e+01
-6.418215179443359375e+01 4.934072494506835938e+00
-6.206578445434570312e+01 -2.226979446411132812e+01
-8.874632263183593750e+01 -1.443190670013427734e+01
-5.428007507324218750e+01 -3.920987606048583984e+00
-5.818120574951171875e+01 -1.669672393798828125e+01
-8.680898284912109375e+01 7.680035114288330078e+00
-8.513298797607421875e+01 -4.064851999282836914e-01
-1.337727928161621094e+01 1.778205490112304688e+01
-7.131851959228515625e+01 -1.039838027954101562e+01
-7.652888488769531250e+01 1.292948913574218750e+01
-5.595130538940429688e+01 4.034442901611328125e+00
-2.766711235046386719e+01 2.733615875244140625e+01
-4.679517364501953125e+01 3.686654567718505859e-01
-9.033133697509765625e+01 6.726146221160888672e+00
-5.550673294067382812e+01 -2.658018302917480469e+01
-7.861149597167968750e+01 8.956257820129394531e+00
-6.359860610961914062e+01 -3.576087474822998047e+00
-3.466938781738281250e+01 -2.505103111267089844e+00
-8.743445587158203125e+01 -7.437968730926513672e+00
-6.091792678833007812e+01 6.316956520080566406e+00
-7.066778564453125000e+01 -5.802347660064697266e+00
-5.735725021362304688e+01 -2.545872879028320312e+01
-6.913195800781250000e+01 -1.552984046936035156e+01
-6.907090187072753906e+00 5.920145416259765625e+01
-6.082694244384765625e+01 -4.684813022613525391e+00
-9.132349014282226562e+00 1.085755062103271484e+01
-7.313843536376953125e+01 1.263304901123046875e+01
-2.784468841552734375e+01 -7.536530971527099609e+00
-3.999736785888671875e+01 1.409491443634033203e+01
-4.925760269165039062e+01 3.498200178146362305e+00
-8.215712738037109375e+01 1.171024990081787109e+01
-6.627113342285156250e+01 -8.580388069152832031e+00
-3.081951522827148438e+01 6.417009353637695312e+00
-5.181848526000976562e+01 -1.988662528991699219e+01
-5.121489334106445312e+01 -1.453027343750000000e+01
-6.275640106201171875e+01 -2.635624504089355469e+01
-8.879155731201171875e+01 5.326039314270019531e+00
-1.942417716979980469e+01 2.214672088623046875e+00
-3.234613037109375000e+01 -1.575922012329101562e+01
-9.481483459472656250e+01 -1.648990392684936523e+00
-4.043026351928710938e+01 -4.540450286865234375e+01
-7.791799163818359375e+01 -1.868674516677856445e+00
-4.796567153930664062e+01 2.286604881286621094e+01
6.097345733642578125e+01 6.141162395477294922e+00
-4.867738723754882812e+01 -2.052775382995605469e+01
-4.507014083862304688e+01 -7.969745635986328125e+00
-4.839015197753906250e+01 -4.532396793365478516e+00
-6.085830307006835938e+01 -3.622209429740905762e-01
5.345364379882812500e+01 -3.033374309539794922e+00
-7.753025817871093750e+01 -1.226936244964599609e+01
-9.648268699645996094e+00 6.088589668273925781e+00
-8.163124847412109375e+01 1.723081016540527344e+01
3.003767585754394531e+01 -5.447230815887451172e+00
-3.375933456420898438e+01 1.981786727905273438e+01
-4.719792556762695312e+01 8.370725631713867188e+00
-6.249402236938476562e+01 -1.740158271789550781e+01
-6.404744720458984375e+01 -1.582677555084228516e+01
-2.930647850036621094e+01 3.188941240310668945e+00
-3.001327133178710938e+01 -3.046844291687011719e+01
-2.461485481262207031e+01 -3.973777532577514648e+00
-3.756312561035156250e+01 -3.027322053909301758e+00
-5.197850036621093750e+01 1.120299816131591797e+00
-5.483343601226806641e+00 4.506005859375000000e+01
-4.930317401885986328e+00 4.495596313476562500e+01
-4.715355682373046875e+01 -1.776293182373046875e+01
-5.855329513549804688e+01 -2.650111198425292969e+01
3.552867507934570312e+01 -2.535933876037597656e+01
-7.360975646972656250e+01 1.113361644744873047e+01
-7.031388092041015625e+01 -4.368824386596679688e+01
-6.948218536376953125e+01 -4.370707702636718750e+01
-5.490522384643554688e+01 1.575356483459472656e+01
4.473746776580810547e+00 -4.634211063385009766e+00
-3.975061798095703125e+01 -3.680761337280273438e+01
-4.651411056518554688e+01 -2.324698066711425781e+01
-5.999757003784179688e+01 -2.235480785369873047e+00
-5.294169616699218750e+01 2.172079849243164062e+01
-4.791412734985351562e+01 1.695504951477050781e+01
-7.623967742919921875e+01 -1.622518539428710938e+01
-7.243932342529296875e+01 -2.937369537353515625e+01
-9.283357620239257812e+00 2.436976432800292969e+00
-3.484927749633789062e+01 -4.859231567382812500e+01
-3.903664016723632812e+01 -4.336448287963867188e+01
-3.037412834167480469e+01 -3.982289123535156250e+01
-5.071496200561523438e+01 -1.312376880645751953e+01
-1.254111385345458984e+01 -3.087226629257202148e+00
-1.758065032958984375e+01 8.274682044982910156e+00
-8.642518615722656250e+01 -9.575348854064941406e+00
-2.055749511718750000e+01 -4.219997787475585938e+01
-3.959556579589843750e+01 -3.071575880050659180e+00
-6.541477203369140625e+01 -9.740987777709960938e+00
-6.917828369140625000e+01 -6.243995428085327148e-01
-6.534432220458984375e+01 -1.450960636138916016e+01
-6.220180511474609375e+01 7.379016876220703125e+00
8.519721627235412598e-01 3.752993106842041016e+00
-4.640783691406250000e+01 4.471816062927246094e+00
2.604562187194824219e+01 3.651332616806030273e+00
-5.378702545166015625e+01 -1.703628158569335938e+01
-1.922945404052734375e+01 -2.153174018859863281e+01
-5.657805633544921875e+01 1.479063796997070312e+01
-4.999914932250976562e+01 -2.553299903869628906e+01
-4.393119430541992188e+01 -1.095332336425781250e+01
-6.677880859375000000e+01 -2.098499536514282227e+00
-1.923050117492675781e+01 -2.153255271911621094e+01
-2.573359107971191406e+01 -3.219016647338867188e+01
-7.596721649169921875e+01 8.148598670959472656e+00
-2.580347633361816406e+01 -1.861983299255371094e+01
-1.332815933227539062e+01 6.422701358795166016e+00
-7.941294097900390625e+01 8.943799972534179688e+00
-5.126452255249023438e+01 -2.373227882385253906e+01
-6.576515960693359375e+01 -1.345923709869384766e+01
-7.461259460449218750e+01 1.840650749206542969e+01
-6.028168487548828125e+01 -1.161260890960693359e+01
-5.383674621582031250e+01 -8.311660766601562500e+00
-1.055237007141113281e+01 -1.636510014533996582e+00
-6.588469743728637695e-01 -7.183982849121093750e+00
-3.045630645751953125e+01 -2.106013679504394531e+01
-2.546538591384887695e+00 3.563528823852539062e+01
-8.949785614013671875e+01 -5.779834270477294922e+00
-3.181393814086914062e+01 -2.852438163757324219e+01
-7.929705810546875000e+01 -3.155615091323852539e+00
-4.679400634765625000e+01 -2.385913467407226562e+01
-2.869737052917480469e+01 -1.866253376007080078e+00
-3.905316162109375000e+01 -4.339102554321289062e+01
-1.736392593383789062e+01 -1.169619846343994141e+01
-1.745445632934570312e+01 5.100699901580810547e+00
-7.342636108398437500e+00 9.159169197082519531e-01
-1.284539699554443359e+01 2.205021858215332031e+01
-6.108716964721679688e+01 1.599866485595703125e+01
-1.819136428833007812e+01 -8.745335578918457031e+00
-8.130987548828125000e+01 1.168237972259521484e+01
-6.156943893432617188e+01 -3.666934585571289062e+01
-6.395838928222656250e+01 1.399802303314208984e+01
-2.389307785034179688e+01 -1.237439060211181641e+01
-7.673084259033203125e+01 1.441663455963134766e+01
-3.275178146362304688e+01 3.913520812988281250e+00
-7.769284057617187500e+01 1.905259323120117188e+01
-6.052193069458007812e+01 4.482154846191406250e+00
-8.853926849365234375e+01 7.544463634490966797e+00
-5.831265258789062500e+01 -3.342849349975585938e+01
-5.407976531982421875e+01 1.759626007080078125e+01
-5.337196350097656250e+01 -5.979934215545654297e+00
-4.247959136962890625e+01 -7.033100605010986328e+00
-3.217891311645507812e+01 -3.183202171325683594e+01
-2.708313560485839844e+01 2.229651641845703125e+01
-7.021959686279296875e+01 8.987260818481445312e+00
3.225428390502929688e+01 6.526933288574218750e+01
-8.213462066650390625e+01 -2.756281471252441406e+01
-4.092888259887695312e+01 -3.388365936279296875e+01
3.343315887451171875e+01 -1.911473274230957031e+01
-7.071487426757812500e+01 -4.312374877929687500e+01
-7.711759948730468750e+01 7.520568370819091797e+00
-3.844685077667236328e+00 5.822736740112304688e+01
-3.703699111938476562e+01 -2.694026947021484375e+00
-5.678693389892578125e+01 7.685397624969482422e+00
-6.723309326171875000e+01 -3.708565521240234375e+01
-4.138213348388671875e+01 -3.593972396850585938e+01
-4.885770034790039062e+01 -2.331494331359863281e+01
-9.135161590576171875e+01 1.858755707740783691e+00
-3.674236679077148438e+01 -1.075669956207275391e+01
-3.996317672729492188e+01 -2.021030426025390625e+00
8.091753959655761719e+00 5.648163318634033203e+00
-5.406885147094726562e+01 -3.983330154418945312e+01
-7.132844543457031250e+01 1.252683162689208984e+01
-5.558409118652343750e+01 -8.217392921447753906e+00
-7.206877136230468750e+01 -1.775888681411743164e+00
-6.468505859375000000e+01 -2.092074394226074219e+01
4.292519760131835938e+01 -1.163926792144775391e+01
-6.328336596488952637e-01 -3.112713396549224854e-01
-2.077549743652343750e+01 -2.652292060852050781e+01
-2.374191474914550781e+01 -2.990398597717285156e+01
-7.013307189941406250e+01 -4.918689727783203125e+00
-2.347543525695800781e+01 -1.153547883033752441e+00
-6.257706069946289062e+01 1.370032978057861328e+01
-6.433638000488281250e+01 -4.190514755249023438e+01
-3.634498977661132812e+01 8.254269599914550781e+00
-6.240980911254882812e+01 3.536163091659545898e+00
2.403543663024902344e+01 -7.802381515502929688e+00
-4.362150573730468750e+01 1.570195102691650391e+01
-3.735473632812500000e+01 1.446361160278320312e+01
-4.698187637329101562e+01 -1.874663162231445312e+01
-5.156621170043945312e+01 -7.507086277008056641e+00
-3.063379478454589844e+01 -2.161463797092437744e-01
-4.622069931030273438e+01 1.986629867553710938e+01
-5.966788864135742188e+01 1.121819877624511719e+01
-1.398638057708740234e+01 5.185036659240722656e+00
-7.268016815185546875e+01 -1.118039894104003906e+01
-5.018440628051757812e+01 -1.383796310424804688e+01
-8.020548248291015625e+01 2.269205665588378906e+01
-3.391428375244140625e+01 -3.226389312744140625e+01
-5.763260269165039062e+01 1.480330348014831543e+00
-6.189125823974609375e+01 -1.125687217712402344e+01
-4.618373107910156250e+01 -1.013971447944641113e+00
-5.432171630859375000e+01 3.046755218505859375e+01
-6.285848617553710938e+01 -1.448746109008789062e+01
-3.585196304321289062e+01 -2.962554550170898438e+01
-1.589715671539306641e+01 -6.781253337860107422e+00
-8.649655151367187500e+01 5.103160858154296875e+00
-5.964927673339843750e+01 1.852451515197753906e+01
-6.457341766357421875e+01 1.074501419067382812e+01
-3.054412078857421875e+01 9.738163948059082031e+00
-3.392322158813476562e+01 -1.386707305908203125e+01
-6.577932739257812500e+01 -2.251215553283691406e+01
-4.024020385742187500e+01 -3.351292419433593750e+01
-1.575680160522460938e+01 -1.174263286590576172e+01
3.692560958862304688e+01 -1.910473060607910156e+01
-6.511544036865234375e+01 -1.099876213073730469e+01
-4.533744049072265625e+01 -8.698878288269042969e+00
-6.317184829711914062e+01 -2.826631927490234375e+01
-7.322713470458984375e+01 3.992606639862060547e+00
-7.567555999755859375e+01 1.160454750061035156e+01
-4.418707656860351562e+01 -3.078627395629882812e+01
-8.780081939697265625e+01 6.933992385864257812e+00
-4.015546798706054688e+01 -3.642295074462890625e+01
-6.815663909912109375e+01 -1.008580303192138672e+01
-3.889157867431640625e+01 -1.832515525817871094e+01
-5.065340042114257812e+01 -9.797950744628906250e+00
-6.240861129760742188e+01 -4.925905990600585938e+01
-4.860489273071289062e+01 -2.049130821228027344e+01
-7.025061798095703125e+01 -1.018750000000000000e+01
-6.154165649414062500e+01 -1.574249744415283203e+01
-4.129208755493164062e+01 -1.542050552368164062e+01
-6.274536514282226562e+01 -1.861664199829101562e+01
-6.108823776245117188e+01 1.536869335174560547e+01
-2.674433708190917969e+01 1.088348865509033203e+01
1.512171626091003418e+00 -2.033365815877914429e-01
-5.374791336059570312e+01 -6.527395248413085938e+00
3.419123077392578125e+01 -1.655083274841308594e+01
-4.852587890625000000e+01 1.720439529418945312e+01
-3.409383773803710938e+01 -2.646702194213867188e+01
-4.657333374023437500e+01 -4.182341384887695312e+01
-5.865834426879882812e+01 -3.595247507095336914e+00
-5.491838073730468750e+01 1.475092887878417969e+01
-6.234914016723632812e+01 -4.133058166503906250e+01
-8.321578216552734375e+01 -7.896887779235839844e+00
-6.873420715332031250e+01 -2.563071823120117188e+01
-7.090622711181640625e+01 -4.316839599609375000e+01
-7.286909484863281250e+01 1.590806770324707031e+01
-7.727062225341796875e+01 1.390696614980697632e-01
-6.844090270996093750e+01 4.659473299980163574e-01
-7.077067565917968750e+01 -1.315421485900878906e+01
-6.126936340332031250e+01 2.015068626403808594e+01
-2.930404281616210938e+01 8.430374145507812500e+00
-2.335945510864257812e+01 4.377375125885009766e+00
-7.669768333435058594e+00 3.793710327148437500e+01
-4.413644790649414062e+01 -1.965937805175781250e+01
-3.797655868530273438e+01 2.445927238464355469e+01
-6.338638687133789062e+01 5.504844665527343750e+00
-6.700096893310546875e+01 -2.223223686218261719e+01
-1.799021720886230469e+01 -7.239784717559814453e+00
-7.008765411376953125e+01 -8.941950798034667969e+00
-7.529592132568359375e+01 1.412926387786865234e+01
-6.572572326660156250e+01 5.175882339477539062e+00
-4.368066787719726562e+01 -2.682625770568847656e+01
-1.751798248291015625e+01 1.384620952606201172e+01
-2.500080871582031250e+01 -1.328524494171142578e+01
-4.423867416381835938e+01 1.630422401428222656e+01
-4.984070968627929688e+01 -3.476617050170898438e+01
-4.667571067810058594e+00 6.216642379760742188e+00
-4.567653274536132812e+01 -2.079240226745605469e+01
1.450354385375976562e+01 -6.694799900054931641e+00
-5.574113082885742188e+01 -1.953285598754882812e+01
1.438213229179382324e+00 -1.644451498985290527e+00
-7.045093536376953125e+01 -1.135215473175048828e+01
-7.180684661865234375e+01 1.831871986389160156e+01
-6.913034057617187500e+01 -3.206957626342773438e+01
-4.532728195190429688e+01 -2.215643501281738281e+01
-1.500495719909667969e+01 -1.430451393127441406e+01
-6.179705047607421875e+01 -2.915228843688964844e+01
-7.983837890625000000e+01 -1.978327751159667969e+00
-3.806652450561523438e+01 -2.875341987609863281e+01
-5.192233657836914062e+01 -1.753740119934082031e+01
-4.725197982788085938e+01 -3.007840919494628906e+01
-3.092292785644531250e+01 -3.503239440917968750e+01
-2.166922187805175781e+01 -3.396603393554687500e+01
5.394937992095947266e+00 4.046388626098632812e+01
6.176213836669921875e+01 -1.328728294372558594e+01
8.874249267578125000e+01 -2.752810287475585938e+01
-7.161159515380859375e+01 -8.978143692016601562e+00
-7.262613677978515625e+01 -1.412332439422607422e+01
-7.625855255126953125e+01 -1.003903198242187500e+01
-5.979750442504882812e+01 1.104231929779052734e+01
-9.443259429931640625e+01 2.862540483474731445e+00
-3.740605163574218750e+01 -1.711797714233398438e+01
-5.578455734252929688e+01 2.418069392442703247e-01
-7.331592559814453125e+01 -3.358134841918945312e+01
-4.580625915527343750e+01 5.870419502258300781e+00
-2.774283981323242188e+01 2.298665237426757812e+01
-5.066333770751953125e+01 -1.594686889648437500e+01
-3.960533905029296875e+01 -1.308860111236572266e+01
-4.037616729736328125e+01 9.685558319091796875e+00
-1.524885749816894531e+01 -1.296785926818847656e+01
-5.292078399658203125e+01 1.531536483764648438e+01
-6.036904907226562500e+01 -1.840914535522460938e+01
-6.940586853027343750e+01 -2.881277084350585938e+01
2.555652809143066406e+01 -1.031104755401611328e+01
-5.679707336425781250e+01 7.943675994873046875e+00
2.748847961425781250e+01 6.759456634521484375e+01
-6.389363479614257812e+01 5.783749103546142578e+00
-4.615305709838867188e+01 -1.876397895812988281e+01
1.071971321105957031e+01 5.388092803955078125e+01
-7.292732238769531250e+01 -2.170703887939453125e+01
-6.168592071533203125e+01 -3.108485221862792969e+00
3.370460891723632812e+01 -2.176845550537109375e+01
-4.675746154785156250e+01 9.097243547439575195e-01
-2.183496284484863281e+01 1.178089237213134766e+01
-3.433863067626953125e+01 -1.778914833068847656e+01
-4.546726608276367188e+01 8.097938895225524902e-01
-5.200035858154296875e+01 1.159845066070556641e+01
-4.660524368286132812e+01 -2.740441322326660156e+01
-4.914692306518554688e+01 -7.721250057220458984e+00
-1.074842548370361328e+01 1.513431835174560547e+01
-5.736745834350585938e+01 -2.215965652465820312e+01
-6.354117965698242188e+01 1.064853286743164062e+01
-5.289030075073242188e+01 -1.241093730926513672e+01
-6.240407943725585938e+01 -4.925759506225585938e+01
-1.155021381378173828e+01 7.838680267333984375e+00
-6.655703735351562500e+01 1.243798446655273438e+01
-8.652302551269531250e+01 -4.378000736236572266e+00
-5.521174621582031250e+01 -2.251339435577392578e+00
-5.918976974487304688e+01 -1.425629711151123047e+01
-5.456974792480468750e+01 -1.237657165527343750e+01
-6.864756774902343750e+01 -1.134564781188964844e+01
-5.770705032348632812e+01 2.398832893371582031e+01
-6.811846160888671875e+01 2.997863054275512695e+00
-6.213457107543945312e+01 3.372711181640625000e+00
-5.046927642822265625e+01 -3.584785461425781250e-01
-5.283017349243164062e+01 -1.611764335632324219e+01
-2.279821968078613281e+01 -2.998683738708496094e+01
-5.999800109863281250e+01 2.279765319824218750e+01
-6.679399108886718750e+01 -2.099228858947753906e+00
-6.914811706542968750e+01 6.578773975372314453e+00
-1.224988174438476562e+01 -3.345337212085723877e-01
-3.915113449096679688e+01 -8.100955486297607422e-01
-3.547677993774414062e+01 7.723154067993164062e+00
-7.053819274902343750e+01 -9.321505546569824219e+00
-6.333016586303710938e+01 8.642655611038208008e-01
-7.259011840820312500e+01 7.502766847610473633e-01
-3.578852462768554688e+01 2.650049972534179688e+01
-4.681477546691894531e+00 4.032574081420898438e+01
-5.998976516723632812e+01 2.317097473144531250e+01
-3.637771224975585938e+01 -2.149314689636230469e+01
-6.788248443603515625e+01 -2.019220733642578125e+01
-7.378381347656250000e+01 -3.296139717102050781e+00
5.981889343261718750e+01 -2.151052665710449219e+01
-7.450366973876953125e+01 2.356142807006835938e+01
-4.178816223144531250e+01 2.387706184387207031e+01
-1.850222015380859375e+01 7.321146011352539062e+00
-3.065053558349609375e+01 -1.135446667671203613e+00
-1.557907867431640625e+01 1.440736770629882812e+01
-1.047749900817871094e+01 -2.108971214294433594e+01
-4.707892227172851562e+01 -4.154788970947265625e+01
-7.018104553222656250e+01 -6.056970119476318359e+00
-2.892570877075195312e+01 6.622080802917480469e+00
-4.342814636230468750e+01 -2.191846466064453125e+01
-7.337156677246093750e+01 -1.579316616058349609e+00
-3.948862457275390625e+01 -7.701342582702636719e+00
-6.949053955078125000e+01 -2.590703010559082031e+01
-6.577366638183593750e+01 -2.816892814636230469e+01
-7.038309478759765625e+01 -2.307127189636230469e+01
-7.030605316162109375e+01 1.169550991058349609e+01
-7.642967987060546875e+01 -1.954773187637329102e+00
-3.916666412353515625e+01 -3.423198318481445312e+01
-4.571932983398437500e+01 -3.968000793457031250e+01
-3.376828002929687500e+01 -2.969380187988281250e+01
-3.769898223876953125e+01 -3.463938903808593750e+01
-4.319876480102539062e+01 1.123366832733154297e+01
-3.817926025390625000e+01 -2.816541290283203125e+01
-1.648556900024414062e+01 -1.051695537567138672e+01
-3.521472930908203125e+01 -1.253951930999755859e+01
-5.433635330200195312e+01 -1.278670978546142578e+01
-2.769004249572753906e+01 -4.859104156494140625e+00
-7.601181030273437500e+01 -1.688261604309082031e+01
-4.002244567871093750e+01 1.276742839813232422e+01
-3.644051361083984375e+01 -9.528880119323730469e+00
-4.220832443237304688e+01 -4.159862518310546875e+00
-2.979803276062011719e+01 -7.942474842071533203e+00
-3.222991180419921875e+01 -3.307066345214843750e+01
-3.491400146484375000e+01 -1.492323780059814453e+01
-3.856367492675781250e+01 9.009416580200195312e+00
-5.005785369873046875e+01 -3.134868049621582031e+01
-1.594797515869140625e+01 -6.785512924194335938e+00
-2.566114807128906250e+01 -1.724091148376464844e+01
-2.756234931945800781e+01 2.769180238246917725e-01
-8.020401000976562500e+01 2.269318580627441406e+01
-1.775484466552734375e+01 1.973077964782714844e+01
-5.201617813110351562e+01 -3.849449872970581055e+00
-2.608246040344238281e+01 7.262920379638671875e+00
-5.662045669555664062e+01 -2.273855209350585938e+00
-3.599390029907226562e+01 -7.740117311477661133e-01
-5.661505508422851562e+01 -1.027365589141845703e+01
-6.285173797607421875e+01 -1.022833633422851562e+01
-4.334475708007812500e+01 -4.814844131469726562e+01
-3.286526489257812500e+01 -2.726717567443847656e+01
-6.007748794555664062e+01 -2.178093147277832031e+01
-4.110793685913085938e+01 -2.097897338867187500e+01
-4.137054061889648438e+01 -2.837323379516601562e+01
-2.875157546997070312e+01 5.045862197875976562e+00
-3.701651000976562500e+01 -2.759480285644531250e+01
-6.325752258300781250e+01 1.204750537872314453e+01
-5.091395568847656250e+01 -2.858776473999023438e+01
-2.078849983215332031e+01 8.209872245788574219e+00
-3.648174667358398438e+01 -4.064262008666992188e+01
-3.735615158081054688e+01 -9.808221817016601562e+00
-6.388174819946289062e+01 -2.599013137817382812e+01
-4.977090072631835938e+01 6.743392467498779297e+00
-5.835658264160156250e+01 -2.648735237121582031e+01
-2.673095321655273438e+01 2.364573097229003906e+01
-1.637964057922363281e+01 -3.310679435729980469e+00
-3.566407775878906250e+01 -3.550703811645507812e+01
4.793110275268554688e+01 3.085704994201660156e+01
-7.437541198730468750e+01 2.583577728271484375e+01
4.679919815063476562e+01 3.349449539184570312e+01
-3.646924209594726562e+01 -2.894258117675781250e+01
3.006126594543457031e+01 6.415933227539062500e+01
-4.371529388427734375e+01 1.286848640441894531e+01
-4.914921188354492188e+01 -3.445521545410156250e+01
-2.111260032653808594e+01 1.166395282745361328e+01
-3.395194625854492188e+01 -2.893187522888183594e+01
-7.341041564941406250e+01 -3.397868728637695312e+01
1.529136562347412109e+01 -6.376588821411132812e+00
-6.476324462890625000e+01 -2.646933364868164062e+01
-8.290723419189453125e+01 -1.208523464202880859e+01
-6.792881774902343750e+01 -2.017852210998535156e+01
-5.974782943725585938e+01 -7.232565402984619141e+00
-5.491285324096679688e+01 5.851963162422180176e-01
-7.150897216796875000e+01 1.304860591888427734e+01
-6.229415893554687500e+01 -4.126798629760742188e+01
-3.499332809448242188e+01 1.164584159851074219e+01
-6.929903411865234375e+01 -1.042351341247558594e+01
-5.491404342651367188e+01 -3.291914701461791992e+00
-4.800381088256835938e+01 1.644459009170532227e+00
-8.160225677490234375e+01 -6.651700496673583984e+00
-1.547694396972656250e+01 1.091011619567871094e+01
-6.495446777343750000e+01 2.333754920959472656e+01
-5.941539001464843750e+01 8.725586891174316406e+00
-3.636175537109375000e+01 -2.442776298522949219e+01
-4.994635391235351562e+01 -3.290151596069335938e+01
-6.495768737792968750e+01 2.333764839172363281e+01
3.491648101806640625e+01 -2.484842872619628906e+01
4.910336685180664062e+01 -3.469663619995117188e+00
-4.402960205078125000e+01 1.702738761901855469e+01
-5.000440979003906250e+01 3.467922210693359375e+01
-2.666581535339355469e+01 2.331161880493164062e+01
-4.944363784790039062e+01 -1.174606037139892578e+01
-5.722781753540039062e+01 -1.429571819305419922e+01
-6.240684890747070312e+01 -2.413657760620117188e+01
-3.761627960205078125e+01 1.113044548034667969e+01
-3.491394805908203125e+01 -3.658140182495117188e+01
3.314624404907226562e+01 -2.500621795654296875e+01
-1.885335159301757812e+01 1.024226474761962891e+01
-4.483715820312500000e+01 -1.239282608032226562e+01
-4.057398986816406250e+01 -5.667195796966552734e+00
-7.073260498046875000e+01 1.390971279144287109e+01
-3.196241760253906250e+01 -2.840146827697753906e+01
-6.325925445556640625e+01 -7.502035140991210938e+00
-6.530514526367187500e+01 -2.494976997375488281e+01
-4.360694122314453125e+01 -2.121674919128417969e+01
-4.092748641967773438e+01 -5.215888023376464844e+00
-3.602599334716796875e+01 -1.519180297851562500e+00
-1.024296045303344727e+00 2.428510189056396484e+00
1.324515247344970703e+01 -1.067175769805908203e+01
-3.952425003051757812e+01 -2.658977508544921875e+01
-2.365049934387207031e+01 1.561661338806152344e+01
-5.481438827514648438e+01 4.929711222648620605e-01
-5.679360580444335938e+01 1.619448184967041016e+00
-2.711722946166992188e+01 -2.196833610534667969e+00
-3.533877944946289062e+01 1.603322219848632812e+01
-1.918785285949707031e+01 1.534969687461853027e+00
-7.365921020507812500e+01 1.517245864868164062e+01
-2.705279350280761719e+01 9.313898086547851562e+00
-6.354790878295898438e+01 -2.530360221862792969e+01
4.311528015136718750e+01 -1.669437789916992188e+01
-7.089035034179687500e+01 -4.366386795043945312e+01
-7.085095214843750000e+01 -4.568315124511718750e+01
-3.858836746215820312e+01 -4.604981899261474609e+00
-7.896569824218750000e+01 1.203637599945068359e+01
-3.247574615478515625e+01 -3.605200576782226562e+01
-4.396532821655273438e+01 -6.687117815017700195e-01
-6.534682464599609375e+01 1.455611896514892578e+01
-7.471064090728759766e+00 1.472301101684570312e+01
-6.333872985839843750e+01 -2.767968177795410156e+01
-6.158845138549804688e+01 -1.388895511627197266e+01
-2.162973213195800781e+01 -2.837677955627441406e+01
-3.087973976135253906e+01 -1.083524417877197266e+01
-4.833641052246093750e+01 -1.532853794097900391e+01
-6.180907058715820312e+01 6.354814052581787109e+00
-2.217272377014160156e+01 -2.857837104797363281e+01
-4.264477157592773438e+01 -1.472469234466552734e+01
2.537321090698242188e+01 -7.085106849670410156e+00
-5.076475143432617188e+01 -2.099937057495117188e+01
-4.325425720214843750e+01 -1.068444347381591797e+01
-4.530609893798828125e+01 -2.550419044494628906e+01
-2.971764755249023438e+01 -1.440379047393798828e+01
-5.192389297485351562e+01 -1.746292686462402344e+01
-4.839379119873046875e+01 -4.617507457733154297e+00
3.732922363281250000e+01 -2.050297927856445312e+01
-5.897073745727539062e+01 -7.333025455474853516e+00
8.145225524902343750e+00 7.863446044921875000e+01
-7.418664550781250000e+01 -9.536507606506347656e+00
7.350160217285156250e+01 -1.285116672515869141e+01
-4.270401000976562500e+01 6.145738124847412109e+00
-6.107166290283203125e+01 -1.032076740264892578e+01
-3.290834808349609375e+01 -1.838980865478515625e+01
-7.563185119628906250e+01 -2.358561706542968750e+01
-3.879332733154296875e+01 -1.442893505096435547e+01
-3.372875213623046875e+01 -2.357724761962890625e+01
-4.214392852783203125e+01 2.378049659729003906e+01
-3.941766357421875000e+01 -1.633191108703613281e+01
-1.935483551025390625e+01 1.460609340667724609e+01
-8.157804870605468750e+01 3.438405990600585938e+00
3.187715721130371094e+01 -2.190795516967773438e+01
3.853000259399414062e+01 -2.619886970520019531e+01
-7.932134246826171875e+01 6.852369785308837891e+00
-5.423099136352539062e+01 -2.102942317724227905e-01
-5.229802703857421875e+01 1.208384323120117188e+01
-1.361415863037109375e+01 6.339445114135742188e+00
-6.243909835815429688e+01 -1.639845252037048340e+00
-4.858331680297851562e+01 -1.424692440032958984e+01
-1.070805454254150391e+01 1.009982872009277344e+01
-5.504817199707031250e+01 -6.472939491271972656e+00
-2.761480522155761719e+01 -1.580508518218994141e+01
-3.591172790527343750e+01 2.346124076843261719e+01
-5.111791229248046875e+01 -3.712793731689453125e+01
-6.681884002685546875e+01 1.638408470153808594e+01
-2.765546798706054688e+01 5.900437831878662109e+00
-8.075520324707031250e+01 -1.202606487274169922e+01
-1.691333961486816406e+01 1.129454612731933594e+01
-6.939534664154052734e+00 2.279922962188720703e+00
1.223467636108398438e+01 -3.750595092773437500e+00
-6.381601715087890625e+01 6.970963954925537109e+00
-1.902210044860839844e+01 4.726046562194824219e+00
-4.920824813842773438e+01 3.338366985321044922e+00
-9.406145477294921875e+01 -1.837331008911132812e+01
-2.579614257812500000e+01 -4.147160053253173828e+00
-1.308545780181884766e+01 1.115663719177246094e+01
-2.055818939208984375e+01 -4.219972229003906250e+01
-9.059059143066406250e+01 6.522623538970947266e+00
4.358354187011718750e+01 2.818099212646484375e+01
-6.409837341308593750e+01 -8.352490425109863281e+00
-3.909784698486328125e+01 -1.673006772994995117e+00
-6.061873626708984375e+01 1.808230972290039062e+01
-6.389846801757812500e+01 -1.657966613769531250e+01
-6.958950042724609375e+01 3.125847816467285156e+00
2.412981414794921875e+01 -2.623881149291992188e+01
-7.015741729736328125e+01 3.219763946533203125e+01
-1.117004036903381348e+00 4.150111198425292969e+00
-2.790246772766113281e+01 -8.322022438049316406e+00
-3.245494079589843750e+01 -2.648303747177124023e+00
1.245484638214111328e+01 -9.767091751098632812e+00
-1.808143615722656250e+01 -1.320170688629150391e+01
-7.467481231689453125e+01 2.671179533004760742e+00
-4.745691680908203125e+01 -3.039286375045776367e+00
-5.452563858032226562e+01 -1.825944328308105469e+01
-7.913749694824218750e+01 -8.079502105712890625e+00
-7.285504913330078125e+01 1.156390476226806641e+01
-7.441646575927734375e+01 2.571581268310546875e+01
-4.582674789428710938e+01 -1.285303974151611328e+01
-4.411685180664062500e+01 -1.851684188842773438e+01
-4.466167831420898438e+01 -3.050960350036621094e+01
-2.729340362548828125e+01 3.070934772491455078e+00
-4.162228393554687500e+01 -1.008330821990966797e+01
-3.284130096435546875e+01 9.505677223205566406e+00
1.309112358093261719e+01 -1.064633464813232422e+01
-3.008583259582519531e+01 -2.843162059783935547e+00
-7.015890502929687500e+01 3.219707107543945312e+01
-7.615819549560546875e+01 -1.250225257873535156e+01
-2.625149536132812500e+01 4.025698661804199219e+00
8.829608917236328125e+00 7.075724029541015625e+01
-5.579449844360351562e+01 -1.269409084320068359e+01
-4.924732208251953125e+01 -8.319875717163085938e+00
-5.070515441894531250e+01 -1.455511760711669922e+01
-8.540004730224609375e+01 -9.994673728942871094e+00
-1.339755916595458984e+01 -5.682928085327148438e+00
5.147301864624023438e+01 -9.748578071594238281e+00
-4.987868118286132812e+01 1.458334159851074219e+01
-2.610490989685058594e+01 9.429248571395874023e-01
-1.929938507080078125e+01 -6.521104335784912109e+00
-2.307963943481445312e+01 -6.092790126800537109e+00
-2.978696823120117188e+01 -1.423505878448486328e+01
3.555850982666015625e+01 8.955234527587890625e+00
-2.170168304443359375e+01 -3.386151123046875000e+01
-6.816241455078125000e+01 1.039068794250488281e+01
-4.864359283447265625e+01 2.044583112001419067e-01
3.329649734497070312e+01 -1.143991851806640625e+01
-4.202809143066406250e+01 -2.124744224548339844e+01
-7.385069274902343750e+01 -2.291130781173706055e+00
-5.507359313964843750e+01 -2.360085678100585938e+01
-9.510340690612792969e+00 6.210768222808837891e+00
5.657989501953125000e+01 -1.381686305999755859e+01
2.785419845581054688e+01 -4.970859050750732422e+00
-6.775774383544921875e+01 -3.687404632568359375e+01
-3.649834060668945312e+01 -1.712673187255859375e+01
-6.291162490844726562e+01 1.505453205108642578e+01
-1.385359096527099609e+01 -1.423605632781982422e+01
-3.674348449707031250e+01 8.599009513854980469e+00
-5.636308288574218750e+01 -1.201044368743896484e+01
-3.744342803955078125e+01 -6.631307125091552734e+00
-4.193424606323242188e+01 -1.423291873931884766e+01
-5.000246429443359375e+01 3.468016815185546875e+01
6.959275722503662109e+00 5.222449111938476562e+01
-8.495733261108398438e+00 -3.356045722961425781e+00
-8.045230102539062500e+01 -1.102961444854736328e+01
-1.200212860107421875e+01 6.044873237609863281e+00
-1.896531677246093750e+01 1.262204647064208984e+01
-6.187384033203125000e+01 -3.603476333618164062e+01
-4.659948348999023438e+01 -2.084799575805664062e+01
-2.706141471862792969e+01 -8.860909461975097656e+00
-9.563294410705566406e+00 -4.243838310241699219e+00
-4.411840820312500000e+01 -8.832086563110351562e+00
-1.249964046478271484e+01 -4.049119472503662109e+00
-6.687837219238281250e+01 -6.839382648468017578e+00
-6.508183288574218750e+01 -4.486452579498291016e+00
-5.874925994873046875e+01 -1.080905914306640625e+01
-1.404421043395996094e+01 3.669370889663696289e+00
-3.266496276855468750e+01 -4.259283447265625000e+01
-5.641062545776367188e+01 -1.879796409606933594e+01
-4.510067367553710938e+01 -2.480661392211914062e+00
-3.019468116760253906e+01 -7.827238082885742188e+00
6.326600551605224609e+00 4.650908470153808594e+00
-1.971064186096191406e+01 2.063831710815429688e+01
-3.732377243041992188e+01 -2.625827789306640625e+01
-1.605429840087890625e+01 9.415561676025390625e+00
-4.950588226318359375e+01 -1.523858356475830078e+01
-8.445207214355468750e+01 -5.705358505249023438e+00
-1.964343833923339844e+01 -9.541295051574707031e+00
-9.995321273803710938e+00 1.449855041503906250e+01
-6.819395446777343750e+01 -8.356806755065917969e+00
-4.295140075683593750e+01 -2.036197662353515625e+01
-1.176621818542480469e+01 6.182968616485595703e+00
-3.336943817138671875e+01 3.297871017456054688e+01
-4.575981521606445312e+01 -3.292963790893554688e+01
-7.502050781250000000e+01 2.857036828994750977e+00
-6.428684234619140625e+01 -1.994179725646972656e+01
-8.267623901367187500e+00 2.019384574890136719e+01
-7.446369934082031250e+01 2.349881744384765625e+01
-6.045561599731445312e+01 -2.308679389953613281e+01
-3.656585693359375000e+01 1.320630836486816406e+01
-7.678915405273437500e+01 -2.977017784118652344e+01
-7.721990966796875000e+01 -1.903081893920898438e+01
-3.140661621093750000e+01 -7.255212783813476562e+00
-5.201625823974609375e+00 5.707776641845703125e+01
-2.866533660888671875e+01 1.260099124908447266e+01
-4.609191131591796875e+01 -3.633316802978515625e+01
-7.141819763183593750e+01 8.404953002929687500e+00
5.267847824096679688e+01 -2.426595497131347656e+01
-6.103836441040039062e+01 -1.353652667999267578e+01
-6.159183120727539062e+01 -5.719036579132080078e+00
-4.668090057373046875e+01 1.734578490257263184e+00
-3.237828063964843750e+01 -4.071821689605712891e+00
3.075552368164062500e+01 -2.179595184326171875e+01
-2.339614677429199219e+01 1.702429199218750000e+01
-1.616583442687988281e+01 1.036526679992675781e+01
-6.513330078125000000e+01 -4.302805423736572266e+00
-1.540351676940917969e+01 6.504703760147094727e-01
4.294990539550781250e+01 -9.531425833702087402e-01
-6.387926101684570312e+01 6.344476699829101562e+00
-6.784662628173828125e+01 -1.361372089385986328e+01
-3.472235488891601562e+01 -2.576718330383300781e+01
-3.125604820251464844e+01 8.769709587097167969e+00
-3.915993118286132812e+01 -2.399134254455566406e+01
-4.606933212280273438e+01 1.345232772827148438e+01
-8.214532470703125000e+01 1.596191024780273438e+01
6.629867076873779297e+00 4.344394207000732422e+00
-7.362741851806640625e+01 -1.285885429382324219e+01
5.215851783752441406e+00 4.227931594848632812e+01
-6.850634002685546875e+01 -7.447329998016357422e+00
-5.651878356933593750e+01 1.288107299804687500e+01
3.584806060791015625e+01 1.973615646362304688e+00
-3.692673873901367188e+01 2.285356903076171875e+01
-6.947161102294921875e+01 -1.256014347076416016e+01
-1.133570384979248047e+01 4.065779685974121094e+00
-1.940341949462890625e+01 -6.070320606231689453e-01
-2.715315437316894531e+01 1.816808128356933594e+01
-3.544263839721679688e+01 2.953151702880859375e+00
-8.233654785156250000e+01 -3.616644144058227539e+00
-2.533590316772460938e+01 2.382342910766601562e+01
-1.447768592834472656e+01 1.270972061157226562e+01
-1.753717994689941406e+01 -2.915836334228515625e+01
-1.922879791259765625e+01 -6.514330863952636719e+00
4.671026611328125000e+01 -3.075257110595703125e+01
-3.392189407348632812e+01 -2.484922599792480469e+01
-2.929345130920410156e+01 1.115767860412597656e+01
-5.618909454345703125e+01 1.602327728271484375e+01
-3.919556808471679688e+01 -3.197853469848632812e+01
5.202345848083496094e+00 8.047171783447265625e+01
-7.950859069824218750e+01 1.624742126464843750e+01
-3.916630554199218750e+01 1.496577548980712891e+01
-2.002446365356445312e+01 -2.075780630111694336e+00
-7.144290924072265625e+01 1.180116939544677734e+01
-3.637059020996093750e+01 -2.277820396423339844e+01
6.065242290496826172e+00 6.121428680419921875e+01
-5.237238311767578125e+01 -4.392089843750000000e+00
-3.972644424438476562e+01 -1.039623641967773438e+01
-7.768425750732421875e+01 1.904004859924316406e+01
-1.952929115295410156e+01 6.205220699310302734e+00
-3.259955215454101562e+01 -1.263418388366699219e+01
-3.850247192382812500e+01 -1.682345199584960938e+01
-4.277746200561523438e+01 -2.259732437133789062e+01
-3.803128433227539062e+01 2.595843887329101562e+01
-6.405311584472656250e+01 2.746098709106445312e+01
-6.847190093994140625e+01 2.620035552978515625e+01
-4.042610549926757812e+01 -1.797118186950683594e+01
-5.599002075195312500e+01 -4.621628189086914062e+01
-4.292895507812500000e+01 -5.462970733642578125e+00
-5.440626907348632812e+01 -2.259183883666992188e+01
-8.039153289794921875e+01 -2.614583587646484375e+01
3.638447189331054688e+01 9.182750701904296875e+00
-4.698835754394531250e+01 -1.043687534332275391e+01
-4.616882324218750000e+01 4.999569892883300781e+00
-4.829724121093750000e+01 -6.076292514801025391e+00
-2.676816749572753906e+01 1.291543102264404297e+01
-7.584813690185546875e+01 -9.939502716064453125e+00
-5.464308166503906250e+01 -2.676716041564941406e+01
-4.456521606445312500e+01 3.388492965698242188e+01
-3.730754470825195312e+01 -1.604977035522460938e+01
-1.243201446533203125e+01 4.214080810546875000e+00
-2.300582122802734375e+01 8.944678306579589844e+00
5.954633712768554688e+01 -1.347129821777343750e+01
-5.152999496459960938e+01 -1.140780353546142578e+01
-4.956311225891113281e+00 6.607830047607421875e+00
-7.706349182128906250e+01 -1.051169490814208984e+01
-7.200376129150390625e+01 4.239003181457519531e+00
-6.257018661499023438e+01 -2.661134910583496094e+01
-5.361498641967773438e+01 -2.422586822509765625e+01
-5.907267761230468750e+01 1.117152214050292969e+01
-8.849848937988281250e+01 1.034896183013916016e+01
-3.084902763366699219e+01 -1.343797206878662109e+01
-4.655527591705322266e+00 -2.963778734207153320e+00
-6.628200531005859375e+01 -1.586252880096435547e+01
5.573278903961181641e+00 5.626534271240234375e+01
-1.399883937835693359e+01 -1.428438568115234375e+01
-4.267111206054687500e+01 -3.358812713623046875e+01
-3.616036605834960938e+01 -5.988219261169433594e+00
-4.990601348876953125e+01 1.371855449676513672e+01
-2.137485694885253906e+01 -3.158784294128417969e+01
-3.332764434814453125e+01 -2.668442153930664062e+01
-8.007239341735839844e+00 9.151404380798339844e+00
6.131757354736328125e+01 -2.086704826354980469e+01
-6.847553253173828125e+01 2.619696617126464844e+01
-4.725035095214843750e+01 8.604507446289062500e+00
-4.007160568237304688e+01 7.781817913055419922e+00
-4.947268295288085938e+01 -1.797255897521972656e+01
-1.470849800109863281e+01 1.059336423873901367e+00
-3.082995033264160156e+01 -8.960526466369628906e+00
-1.571691513061523438e+01 -1.053068161010742188e+01
-4.228129959106445312e+01 -3.626670837402343750e+01
-5.381513595581054688e+01 -1.434151077270507812e+01
1.354498386383056641e+00 2.851778030395507812e+00
-2.699160194396972656e+01 4.065219402313232422e+00
-6.772724914550781250e+01 -9.441560745239257812e+00
-1.983890533447265625e+01 -6.652421951293945312e+00
-5.266676330566406250e+01 -4.100004196166992188e+01
-2.836371612548828125e+01 -4.469310343265533447e-01
-6.322674179077148438e+01 -3.186062049865722656e+01
-3.928657150268554688e+01 -2.827210807800292969e+01
-8.266181945800781250e+00 2.019242286682128906e+01
-7.699411010742187500e+01 -9.008269309997558594e+00
-3.274562454223632812e+01 -3.373106002807617188e+01
-2.802162170410156250e+01 -1.114147663116455078e+01
-3.080206680297851562e+01 -8.490399360656738281e+00
-7.903590679168701172e+00 3.648633480072021484e+00
-6.794575500488281250e+01 -2.498618316650390625e+01
-5.591111373901367188e+01 -2.829576301574707031e+01
-6.754454040527343750e+01 1.500551605224609375e+01
-2.931250762939453125e+01 -3.017563629150390625e+01
-1.834342384338378906e+01 1.004459381103515625e+01
-4.301735687255859375e+01 -3.240819215774536133e+00
-6.176185607910156250e+01 -1.737216186523437500e+01
-6.495817565917968750e+01 4.016334533691406250e+00
-7.179919433593750000e+01 -7.535667896270751953e+00
-5.575059890747070312e+01 -4.054953384399414062e+01
-1.482242202758789062e+01 -2.504470634460449219e+01
-6.807259368896484375e+01 -1.788671493530273438e+01
4.176247406005859375e+01 2.351039123535156250e+01
-7.574498748779296875e+01 -1.334454536437988281e+01
-8.430940246582031250e+01 -4.660108387470245361e-01
-4.829770278930664062e+01 -3.215596771240234375e+01
-7.836301422119140625e+01 1.449682354927062988e+00
4.987370014190673828e+00 -3.266609907150268555e+00
-3.402393341064453125e+01 6.866673946380615234e+00
-2.938271141052246094e+01 -2.404403877258300781e+01
3.014994621276855469e+01 -2.348652076721191406e+01
6.019776916503906250e+01 1.513172149658203125e+00
3.249263763427734375e+01 -4.293915271759033203e+00
-2.334346771240234375e+01 -1.195539760589599609e+01
-3.513300704956054688e+01 -1.878259086608886719e+01
-7.132476043701171875e+01 -1.602321386337280273e+00
-2.444336128234863281e+01 -1.101353073120117188e+01
-5.943106460571289062e+01 -3.034696960449218750e+01
-1.482200050354003906e+01 -2.504518127441406250e+01
-4.658115386962890625e+01 -7.418921470642089844e+00
-5.071649169921875000e+01 -1.878262519836425781e+01
5.972259044647216797e+00 5.797617435455322266e+00
-4.103973388671875000e+01 7.551127910614013672e+00
-9.776386260986328125e+00 3.913682556152343750e+01
