8.743406677246093750e+01 1.175608634948730469e+01
9.235962677001953125e+01 -1.434510135650634766e+01
2.419637298583984375e+01 -6.775132656097412109e+00
8.365697479248046875e+01 -1.016109561920166016e+01
-6.589563751220703125e+01 -1.538393306732177734e+01
1.081404800415039062e+02 -2.055147743225097656e+01
7.915071105957031250e+01 -3.085771942138671875e+01
5.189619064331054688e+01 -3.067670106887817383e+00
7.542250061035156250e+01 -2.646128463745117188e+01
8.586569213867187500e+01 -3.075054550170898438e+01
5.781137847900390625e+01 -1.966605949401855469e+01
3.560971832275390625e+01 -2.085480880737304688e+01
-6.900148010253906250e+01 -4.258294582366943359e+00
1.053889083862304688e+02 -1.686067771911621094e+01
5.075777053833007812e+01 3.594639205932617188e+01
3.022276687622070312e+01 -2.566772651672363281e+01
-2.356224250793457031e+01 6.751798248291015625e+01
9.758066558837890625e+01 -7.760733604431152344e+00
-6.152632522583007812e+01 4.421830654144287109e+00
9.826306915283203125e+01 -1.801546669006347656e+01
-4.319440126419067383e-01 -2.010074234008789062e+01
8.901425170898437500e+01 9.431346893310546875e+00
1.098888854980468750e+02 -2.651939964294433594e+01
4.410177230834960938e+01 -1.098487949371337891e+01
-3.734009552001953125e+01 -9.838990211486816406e+00
5.954873657226562500e+01 -2.336707305908203125e+01
9.643735504150390625e+01 -3.039348030090332031e+01
-1.915179252624511719e+01 4.792285537719726562e+01
4.463665771484375000e+01 1.720527839660644531e+01
9.950841522216796875e+01 -1.370042419433593750e+01
3.408957290649414062e+01 -2.792533493041992188e+01
4.076353454589843750e+01 1.891331291198730469e+01
9.151994323730468750e+01 -1.372071838378906250e+01
-8.022778511047363281e+00 7.796881103515625000e+01
9.051570892333984375e+01 -9.166885375976562500e+00
6.911248779296875000e+01 -2.365782165527343750e+01
8.563182067871093750e+01 -1.171065139770507812e+01
9.758995819091796875e+01 -2.096104431152343750e+01
-7.775937557220458984e+00 7.087007904052734375e+01
7.739959716796875000e+01 2.078395843505859375e+00
5.084098434448242188e+01 -1.236613178253173828e+01
-2.835632324218750000e+01 -5.609896469116210938e+01
5.853245162963867188e+01 -2.342994499206542969e+01
1.093922195434570312e+02 -9.864357948303222656e+00
9.974510955810546875e+01 -3.143980216979980469e+01
4.113560485839843750e+01 -1.860831451416015625e+01
4.870620346069335938e+01 3.521472167968750000e+01
1.022181320190429688e+02 -1.571291542053222656e+01
3.363903427124023438e+01 3.328282928466796875e+01
1.050543823242187500e+02 -1.635572814941406250e+01
2.957383728027343750e+01 2.963463592529296875e+01
7.154664611816406250e+01 -1.047348403930664062e+01
1.111921157836914062e+02 -2.747228431701660156e+01
3.207783508300781250e+01 1.845837211608886719e+01
8.466244506835937500e+01 -2.751495361328125000e+01
1.811573982238769531e+01 -9.336328506469726562e+00
3.006858253479003906e+01 -9.747691154479980469e+00
-1.088889217376708984e+01 5.043856430053710938e+01
4.405997848510742188e+01 -2.969561195373535156e+01
9.871544647216796875e+01 -2.484133911132812500e+01
-3.489107847213745117e+00 3.815793991088867188e+01
5.826740264892578125e+01 3.508835983276367188e+01
-5.076430892944335938e+01 3.841450881958007812e+01
9.841193389892578125e+01 -2.881084442138671875e+01
8.638505554199218750e+01 -3.108204269409179688e+01
-2.920219421386718750e+01 -4.549096584320068359e+00
-8.110562324523925781e+00 5.788143920898437500e+01
-4.286747741699218750e+01 4.550609207153320312e+01
1.049974975585937500e+02 -7.982149124145507812e+00
8.470940399169921875e+01 -2.748908615112304688e+01
1.029626693725585938e+02 -1.684564590454101562e+01
1.029320297241210938e+02 -2.411707687377929688e+01
9.586882019042968750e+01 3.385460376739501953e+00
4.370993041992187500e+01 1.025252246856689453e+01
5.135524368286132812e+01 3.668163299560546875e+01
7.597718048095703125e+01 -1.838848495483398438e+01
-1.444562053680419922e+01 4.627637481689453125e+01
1.034743652343750000e+02 -9.892010688781738281e+00
-5.020992279052734375e+00 7.304631042480468750e+01
9.675579833984375000e+01 -3.109486007690429688e+01
-1.927176094055175781e+01 3.186620521545410156e+01
6.668747711181640625e+01 -2.271249961853027344e+01
-2.912628173828125000e+01 5.433959197998046875e+01
-7.702035522460937500e+01 -9.914710044860839844e+00
-4.155677032470703125e+01 -1.105429744720458984e+01
6.237968444824218750e+01 -2.948188018798828125e+01
1.812028694152832031e+01 6.798702239990234375e+01
4.577246856689453125e+01 -7.293965339660644531e+00
1.037495117187500000e+02 -1.279576873779296875e+01
9.917384338378906250e+01 -4.351237297058105469e+00
-6.081637191772460938e+01 -6.230053901672363281e+00
5.313473129272460938e+01 3.220546722412109375e+01
2.334409713745117188e+01 -3.809159040451049805e+00
8.792868041992187500e+01 9.293444633483886719e+00
3.244009780883789062e+01 -1.312931632995605469e+01
7.043427276611328125e+01 -3.012833786010742188e+01
-1.435593605041503906e+01 6.550563812255859375e+01
1.031606292724609375e+02 -2.047382545471191406e+01
6.579938507080078125e+01 3.394997024536132812e+01
8.078037261962890625e+01 -1.004469966888427734e+01
3.386550521850585938e+01 -1.185014247894287109e+01
6.172624969482421875e+01 -3.259464645385742188e+01
-5.177275085449218750e+01 -4.017739105224609375e+01
1.083771667480468750e+02 -1.197899150848388672e+01
7.901715850830078125e+01 -1.238369274139404297e+01
9.171477508544921875e+01 -3.154235076904296875e+01
8.803452301025390625e+01 -2.917134284973144531e+01
-6.420195770263671875e+01 2.604582214355468750e+01
-5.893925094604492188e+01 -8.957623839378356934e-01
7.933198547363281250e+01 -5.146359443664550781e+00
7.820594024658203125e+01 -4.796523094177246094e+00
9.336490631103515625e+01 -2.203717947006225586e+00
6.178311538696289062e+01 -3.061120033264160156e+01
7.713270568847656250e+01 -8.979223251342773438e+00
8.647827911376953125e+01 -2.357259368896484375e+01
1.423245525360107422e+01 6.824681854248046875e+01
-5.831060791015625000e+01 3.353381347656250000e+01
4.853754806518554688e+01 1.110811519622802734e+01
-3.600504684448242188e+01 -2.828445243835449219e+01
-6.519165515899658203e+00 6.451165771484375000e+01
3.754665756225585938e+01 -7.045589923858642578e+00
3.683823776245117188e+01 3.518243789672851562e+01
-1.403607940673828125e+01 4.792754364013671875e+01
-7.201626586914062500e+01 -1.974044418334960938e+01
3.248933029174804688e+01 -1.918824768066406250e+01
9.873247528076171875e+01 -2.578480911254882812e+01
1.028653564453125000e+02 -2.135184288024902344e+01
3.091157531738281250e+01 -4.684489369392395020e-01
7.793045043945312500e+01 1.710588037967681885e-01
6.834531402587890625e+01 9.442874789237976074e-01
-3.049261856079101562e+01 1.262709045410156250e+01
-2.063316535949707031e+01 2.096018314361572266e+00
7.162484741210937500e+01 -2.564358711242675781e+01
1.114342803955078125e+02 -2.499419212341308594e+01
7.615380859375000000e+01 -2.576749229431152344e+01
1.022491455078125000e+02 -2.903901100158691406e+01
-6.206849670410156250e+01 -1.669381141662597656e+01
-2.703408813476562500e+01 4.207697677612304688e+01
-2.353698348999023438e+01 7.602840065956115723e-01
1.009860153198242188e+02 -2.177748107910156250e+01
7.741777801513671875e+01 -1.903515052795410156e+01
1.005941162109375000e+02 -3.725832223892211914e+00
-7.620402336120605469e+00 6.587754058837890625e+01
-1.782376861572265625e+01 -2.692200469970703125e+01
8.120451354980468750e+01 -8.048228263854980469e+00
9.809622192382812500e+01 8.635142326354980469e+00
9.954534149169921875e+01 2.772286891937255859e+00
1.034721908569335938e+02 -3.320367050170898438e+01
6.000576019287109375e+01 -9.557640075683593750e+00
3.918959808349609375e+01 1.581507301330566406e+01
1.678649520874023438e+01 6.249509811401367188e+01
6.912334442138671875e+01 2.230924415588378906e+01
9.135523986816406250e+01 -2.417263984680175781e+01
7.775634002685546875e+01 -2.126514244079589844e+01
7.973800659179687500e+01 -2.712230086326599121e-01
3.186305999755859375e+01 4.159605979919433594e+00
7.921108245849609375e+01 1.412586420774459839e-01
1.012921600341796875e+02 -5.478635787963867188e+00
8.637844848632812500e+01 -3.245231628417968750e+01
9.881864166259765625e+01 -3.232569503784179688e+01
6.689954376220703125e+01 -3.175204658508300781e+01
9.733705902099609375e+01 2.189839035272598267e-01
8.213866424560546875e+01 1.458674716949462891e+01
-3.773344802856445312e+01 2.327473258972167969e+01
3.600557327270507812e+01 1.753859519958496094e+01
4.979196548461914062e+01 -7.638127803802490234e+00
2.486016654968261719e+01 -1.279573345184326172e+01
9.529213714599609375e+01 -4.290233135223388672e+00
1.017870407104492188e+02 -1.732161521911621094e+01
-1.825926399230957031e+01 5.222420883178710938e+01
-2.126062583923339844e+01 7.186237335205078125e+01
3.232099914550781250e+01 -1.907229995727539062e+01
9.955967712402343750e+01 -3.060281372070312500e+01
1.090833435058593750e+02 -2.424444007873535156e+01
-3.702952194213867188e+01 -4.575837707519531250e+01
5.947545623779296875e+01 -1.575129318237304688e+01
8.559466552734375000e+01 -1.095255947113037109e+01
6.144258117675781250e+01 -3.515890502929687500e+01
5.741666412353515625e+01 1.200304031372070312e+00
-6.194124221801757812e+00 7.785769653320312500e+01
2.488853645324707031e+01 -5.136196136474609375e+00
5.432039642333984375e+01 -3.604897022247314453e+00
6.958150482177734375e+01 -3.277561569213867188e+01
1.006666946411132812e+02 -3.260660171508789062e+01
5.645960235595703125e+01 -2.804497146606445312e+01
2.141139602661132812e+01 6.114598083496093750e+01
8.224489593505859375e+01 -1.339410686492919922e+01
2.435528945922851562e+01 -2.180483818054199219e+00
6.203934860229492188e+01 -3.441154861450195312e+01
-2.305224227905273438e+01 5.758748245239257812e+01
4.587244093418121338e-01 6.249610137939453125e+01
1.105079116821289062e+02 -2.738127517700195312e+01
6.442133331298828125e+01 1.549829578399658203e+01
9.330505371093750000e+01 -1.124756431579589844e+01
1.005787658691406250e+02 -2.322969436645507812e+01
1.021112213134765625e+02 -9.368112564086914062e+00
3.576099777221679688e+01 -3.110561943054199219e+01
4.073614120483398438e+01 -3.211642503738403320e+00
-1.401567554473876953e+01 5.531814575195312500e+01
8.203613281250000000e+01 5.544698715209960938e+00
1.081550292968750000e+02 -2.409881210327148438e+01
1.023920745849609375e+02 -5.225471019744873047e+00
5.535406875610351562e+01 1.083374977111816406e+00
5.618477630615234375e+01 -3.992226791381835938e+01
-5.251328659057617188e+01 -1.217648124694824219e+01
9.991696929931640625e+01 5.373458862304687500e+00
7.559507751464843750e+01 1.413073253631591797e+01
8.542882537841796875e+01 -1.182718038558959961e+00
-6.387812042236328125e+01 1.488005828857421875e+01
8.023491668701171875e+01 -1.365777206420898438e+01
-5.274784851074218750e+01 6.323540210723876953e+00
3.955195236206054688e+01 2.192316818237304688e+01
1.099123077392578125e+02 -2.824347114562988281e+01
1.000870132446289062e+02 -2.754177474975585938e+01
6.912335205078125000e+01 -4.139605998992919922e+00
5.312767410278320312e+01 -1.356029129028320312e+01
7.980930328369140625e+01 3.882676124572753906e+00
3.732335281372070312e+01 -3.267820358276367188e+01
7.916366577148437500e+01 5.030604362487792969e+00
2.424417304992675781e+01 6.597979736328125000e+01
-7.147922515869140625e+01 -9.068902015686035156e+00
1.027218017578125000e+02 -3.503448724746704102e+00
3.744429945945739746e-01 7.669051361083984375e+01
1.053485183715820312e+02 -2.578278160095214844e+01
5.016507720947265625e+01 -2.154084014892578125e+01
3.031905174255371094e+01 -5.950645446777343750e+00
7.590235137939453125e+01 7.600412368774414062e+00
-3.306399583816528320e+00 -3.388249969482421875e+01
3.529230117797851562e+01 -3.947094726562500000e+01
4.302822113037109375e+01 1.868823623657226562e+01
5.597396850585937500e+01 -4.148003387451171875e+01
9.484601593017578125e+01 -2.792847061157226562e+01
4.666387939453125000e+01 6.532238006591796875e+00
7.907257080078125000e+01 1.310591220855712891e+00
7.160750579833984375e+01 -2.551113891601562500e+01
-5.712919616699218750e+01 1.629306221008300781e+01
-1.408065438270568848e+00 5.330043029785156250e+01
1.302223205566406250e+01 -2.331369590759277344e+01
7.053663635253906250e+01 -3.009347534179687500e+01
5.847859191894531250e+01 -2.797312164306640625e+01
9.666011047363281250e+01 -2.337384986877441406e+01
5.276221847534179688e+01 -3.505233383178710938e+01
9.110681915283203125e+01 -9.612186431884765625e+00
-1.316282081604003906e+01 7.089592742919921875e+01
7.770426177978515625e+01 -1.277412033081054688e+01
9.844760131835937500e+01 -1.151784062385559082e+00
-3.698617696762084961e+00 6.855551910400390625e+01
7.653085327148437500e+01 -2.728239822387695312e+01
7.592187500000000000e+01 5.962954521179199219e+00
1.248472690582275391e+00 5.833503723144531250e+01
6.105044555664062500e+01 -3.094255447387695312e+01
9.074588012695312500e+01 -1.590023708343505859e+01
8.185021209716796875e+01 -1.076067805290222168e+00
5.418847274780273438e+01 -2.277395439147949219e+01
1.035604324340820312e+02 -3.112927436828613281e+01
7.708770751953125000e+01 -6.545282840728759766e+00
6.081644439697265625e+01 -7.866132736206054688e+00
7.921622467041015625e+01 -1.721000671386718750e+01
-6.607501220703125000e+01 -3.038635444641113281e+01
1.057781143188476562e+02 -2.178919219970703125e+01
7.849984741210937500e+01 1.723524856567382812e+01
7.960856628417968750e+01 1.430861568450927734e+01
1.028980331420898438e+02 -2.286046409606933594e+01
9.423724365234375000e+01 -1.860502243041992188e+01
8.744670867919921875e+01 -5.782132744789123535e-01
1.010708312988281250e+02 6.123016834259033203e+00
-3.289234542846679688e+01 -5.655525588989257812e+01
-3.556665039062500000e+01 -1.580062294006347656e+01
-1.407167911529541016e+01 5.492848968505859375e+01
6.384138488769531250e+01 -3.638323974609375000e+01
4.404113006591796875e+01 1.292401123046875000e+01
9.008892822265625000e+01 -2.506551933288574219e+01
9.250885009765625000e+01 -5.155640602111816406e+00
9.589583587646484375e+01 -2.663380622863769531e+01
-1.329191589355468750e+01 6.390524673461914062e+01
8.047157287597656250e+01 4.773042201995849609e+00
6.365410232543945312e+01 -3.410258865356445312e+01
-5.474792098999023438e+01 -2.561765861511230469e+01
9.118442535400390625e+01 -7.634502887725830078e+00
7.454467773437500000e+01 -1.555078220367431641e+01
7.192118835449218750e+01 -4.469332396984100342e-01
7.324370574951171875e+01 -1.817757225036621094e+01
-2.721336126327514648e+00 5.726135635375976562e+01
8.956573486328125000e+01 1.515850734710693359e+01
2.288947296142578125e+01 6.662212371826171875e+01
6.185499954223632812e+01 2.123150634765625000e+01
1.089605102539062500e+02 1.670681595802307129e+00
2.645711135864257812e+01 -3.124052524566650391e+00
2.774482154846191406e+01 2.157696485519409180e+00
1.049145507812500000e+02 -1.126774024963378906e+01
6.897605133056640625e+01 -1.478040122985839844e+01
3.249538803100585938e+01 3.445042800903320312e+01
-4.859786987304687500e+01 2.596821022033691406e+01
3.821756362915039062e+01 -2.190324211120605469e+01
-6.921933746337890625e+01 1.789231109619140625e+01
2.914602470397949219e+01 3.109153366088867188e+01
5.295213317871093750e+01 -1.979276466369628906e+01
8.668377685546875000e+01 -9.907437324523925781e+00
7.284397888183593750e+01 1.422164058685302734e+01
9.791162109375000000e+01 1.846862912178039551e+00
6.734169769287109375e+01 -3.255223464965820312e+01
8.978758239746093750e+01 -2.652602577209472656e+01
2.316332244873046875e+01 5.178552150726318359e+00
-1.998628234863281250e+01 7.006287384033203125e+01
5.305414962768554688e+01 -3.394955444335937500e+01
5.238064193725585938e+01 -2.928697013854980469e+01
3.193600654602050781e+01 -2.605886077880859375e+01
9.458338928222656250e+01 -3.136869049072265625e+01
6.945523834228515625e+01 -4.526727676391601562e+00
1.060180740356445312e+02 -2.507695960998535156e+01
5.353198242187500000e+01 1.763560867309570312e+01
7.029800415039062500e+01 -3.646858596801757812e+01
-4.440550994873046875e+01 -4.860277938842773438e+01
-2.098021316528320312e+01 2.841483497619628906e+01
4.914675140380859375e+01 1.616391944885253906e+01
9.703736877441406250e+01 -1.294690132141113281e+01
2.121499300003051758e+00 4.306499481201171875e+01
5.780120086669921875e+01 -1.466306972503662109e+01
1.004207077026367188e+02 -2.915864372253417969e+01
6.215287780761718750e+01 -3.524496078491210938e+01
1.064299926757812500e+02 -2.871342849731445312e+01
-4.649228286743164062e+01 -5.199267864227294922e+00
2.560905265808105469e+01 4.761436462402343750e+00
3.208919143676757812e+01 3.693955612182617188e+01
2.183451652526855469e+01 -2.498942565917968750e+01
-1.765834617614746094e+01 2.077297592163085938e+01
8.958680725097656250e+01 -2.765301322937011719e+01
6.496349334716796875e+01 -3.086768913269042969e+01
6.345942687988281250e+01 -3.264799118041992188e+01
9.856947326660156250e+01 -6.602893352508544922e+00
9.120352172851562500e+01 1.659269332885742188e+00
-6.620956897735595703e+00 5.913311386108398438e+01
-1.353395462036132812e+01 6.678534698486328125e+01
5.128494262695312500e+01 -3.239820003509521484e+00
1.062667007446289062e+02 -1.166263580322265625e+01
4.126710891723632812e+01 -3.310109710693359375e+01
-4.807730484008789062e+01 -5.592812347412109375e+01
5.601852798461914062e+01 -3.670125961303710938e+01
4.921665573120117188e+01 -1.941296386718750000e+01
9.302419281005859375e+01 -2.853689575195312500e+01
5.418587875366210938e+01 -3.400372314453125000e+01
7.935118865966796875e+01 -1.863044166564941406e+01
7.741452026367187500e+01 -2.025571823120117188e+01
2.582263183593750000e+01 3.106912136077880859e+00
1.017889328002929688e+02 -1.284727859497070312e+01
1.014201126098632812e+02 -9.796119689941406250e+00
-1.727352142333984375e+01 7.029831695556640625e+01
5.575674533843994141e+00 5.963371276855468750e+01
4.959580612182617188e+01 1.077691555023193359e+00
-5.776700973510742188e+00 6.797707366943359375e+01
3.487662124633789062e+01 -2.984843826293945312e+01
7.937021636962890625e+01 -3.156205749511718750e+01
1.012505340576171875e+02 -2.107876396179199219e+01
3.140182793140411377e-01 5.737787246704101562e+01
6.548049163818359375e+01 -3.371351242065429688e+01
1.003922958374023438e+02 4.587177276611328125e+00
3.449275207519531250e+01 3.520694351196289062e+01
5.308829879760742188e+01 1.721391296386718750e+01
9.543634033203125000e+01 -1.854557609558105469e+01
4.391978073120117188e+01 2.137703323364257812e+01
-1.083423233032226562e+01 -4.158817672729492188e+01
9.293408203125000000e+01 -2.236949539184570312e+01
3.107486343383789062e+01 -2.480556869506835938e+01
1.065502929687500000e+02 -3.292673110961914062e+01
3.206315612792968750e+01 -2.324584007263183594e+01
1.979150962829589844e+01 5.577260589599609375e+01
-1.300098705291748047e+01 5.053567123413085938e+01
5.299148941040039062e+01 -2.563048171997070312e+01
2.251586914062500000e+01 5.115378379821777344e+00
-4.231511688232421875e+01 3.236111068725585938e+01
3.643483734130859375e+01 1.762265777587890625e+01
-6.935902404785156250e+01 -1.104848575592041016e+01
9.717905426025390625e+01 2.666771411895751953e+00
-6.098066711425781250e+01 -3.417074584960937500e+01
-8.040657806396484375e+01 -1.954968452453613281e+01
8.663419342041015625e+01 1.046816062927246094e+01
9.247827911376953125e+01 -3.051372718811035156e+01
6.470805358886718750e+01 -3.477741622924804688e+01
1.054545669555664062e+02 -1.760116767883300781e+01
-2.364221954345703125e+01 6.628920745849609375e+01
7.011446380615234375e+01 3.794755697250366211e+00
6.152709579467773438e+01 -9.534911155700683594e+00
3.523050308227539062e+01 3.423888397216796875e+01
8.025250244140625000e+01 -1.525016129016876221e-01
7.898781585693359375e+01 -6.923816680908203125e+00
9.721247863769531250e+01 -2.531175851821899414e+00
-2.505789947509765625e+01 6.169704055786132812e+01
6.383813095092773438e+01 -3.540471267700195312e+01
9.679798126220703125e+01 -2.756493377685546875e+01
5.271766662597656250e+01 -3.188204002380371094e+01
-1.602407455444335938e+01 2.576756477355957031e+01
5.248860549926757812e+01 -3.359888839721679688e+01
-5.937533378601074219e+00 -3.675293350219726562e+01
8.925947570800781250e+01 -3.378440093994140625e+01
7.633103942871093750e+01 -5.057569026947021484e+00
1.959879684448242188e+01 6.444841003417968750e+01
-4.120164394378662109e+00 7.765310668945312500e+01
5.328789520263671875e+01 -3.540127563476562500e+01
4.081665802001953125e+01 1.671971321105957031e+01
1.001272811889648438e+02 -5.918193340301513672e+00
4.964527511596679688e+01 -3.495871353149414062e+01
6.984940338134765625e+01 2.094460296630859375e+01
3.480410003662109375e+01 -3.349164962768554688e+01
3.251732635498046875e+01 -1.913146400451660156e+01
-4.794987106323242188e+01 3.650032806396484375e+01
1.004088058471679688e+02 -5.133705615997314453e+00
1.022971725463867188e+02 -6.807963371276855469e+00
9.502155303955078125e+01 -3.105851554870605469e+01
7.030377197265625000e+01 1.230792045593261719e+01
3.853810882568359375e+01 -3.675890731811523438e+01
7.483879852294921875e+01 1.854202079772949219e+01
-1.130951786041259766e+01 5.484182739257812500e+01
9.427799987792968750e+01 -2.112079429626464844e+01
9.953854370117187500e+01 -6.649155020713806152e-01
8.554058074951171875e+01 -8.846504688262939453e-01
6.998649597167968750e+01 -2.525551795959472656e+01
-6.091877746582031250e+01 1.127275657653808594e+01
8.849275970458984375e+01 -1.790416145324707031e+01
9.833145904541015625e+01 -7.102650165557861328e+00
1.123594665527343750e+02 -1.970378494262695312e+01
1.075761489868164062e+02 -2.299399566650390625e+01
1.084510345458984375e+02 -8.362376213073730469e+00
2.851472091674804688e+01 -5.844910621643066406e+00
-4.723733139038085938e+01 -1.047709941864013672e+01
-1.336514472961425781e+01 6.512164306640625000e+01
1.006254653930664062e+02 -8.119890213012695312e+00
9.934159088134765625e+01 -2.254803848266601562e+01
9.435345458984375000e+01 -3.273918533325195312e+01
5.120551681518554688e+01 -1.565873908996582031e+01
7.857735443115234375e+01 -2.293921661376953125e+01
2.517469787597656250e+01 -3.744056940078735352e+00
3.465339660644531250e+01 -3.498705673217773438e+01
5.566713333129882812e+01 -1.266799449920654297e+01
2.722872352600097656e+01 -9.801489830017089844e+00
4.404629135131835938e+01 -2.098277854919433594e+01
-2.584975814819335938e+01 3.298385238647460938e+01
7.986840820312500000e+01 5.446844100952148438e+00
3.967546844482421875e+01 1.653203964233398438e+01
9.946484375000000000e+01 -2.842963027954101562e+01
5.550616455078125000e+01 4.084318161010742188e+01
9.387029266357421875e+01 3.983243465423583984e+00
5.186838912963867188e+01 1.378309535980224609e+01
2.607668304443359375e+01 6.375282287597656250e+01
7.328880310058593750e+01 5.946580886840820312e+00
3.753727722167968750e+01 1.509397697448730469e+01
9.165342712402343750e+01 -1.656163573265075684e+00
-4.988525772094726562e+01 -3.930929183959960938e+01
2.470342826843261719e+01 2.638270616531372070e+00
9.332261657714843750e+01 5.222895145416259766e+00
2.814385986328125000e+01 1.753239393234252930e+00
7.011146545410156250e+01 -5.738697528839111328e+00
5.267500686645507812e+01 6.182239055633544922e+00
9.890787506103515625e+01 -2.673842048645019531e+01
6.022262573242187500e+01 1.943137550354003906e+01
8.356017303466796875e+01 1.329401874542236328e+01
5.038999557495117188e+01 -3.373463821411132812e+01
5.034510421752929688e+01 -2.511259078979492188e+01
5.218582534790039062e+01 -9.565525054931640625e+00
2.567805862426757812e+01 -2.477753257751464844e+01
9.042755126953125000e+01 4.657794475555419922e+00
9.273953247070312500e+01 -1.876272201538085938e+01
7.247779846191406250e+01 -2.074731254577636719e+01
1.022572326660156250e+02 7.819261074066162109e+00
6.875727081298828125e+01 -2.526300430297851562e+01
9.878279113769531250e+01 5.047203302383422852e-01
1.014905853271484375e+02 -1.924758148193359375e+01
2.423307800292968750e+01 4.480418205261230469e+00
3.920391845703125000e+01 2.023739624023437500e+01
-2.977918815612792969e+01 -3.511264801025390625e+01
-2.513610649108886719e+01 4.388444900512695312e+01
8.998866271972656250e+01 -9.709861755371093750e+00
6.274689483642578125e+01 8.626533508300781250e+00
7.338471221923828125e+01 -2.136465835571289062e+01
6.316574859619140625e+01 -2.709928321838378906e+01
3.111317825317382812e+01 -4.349260926246643066e-01
5.238268661499023438e+01 -3.577991867065429688e+01
9.736092376708984375e+01 -5.490855216979980469e+00
-6.067316055297851562e+01 -4.207675933837890625e+01
3.045236587524414062e+01 -2.260949897766113281e+01
3.810425186157226562e+01 -2.920949172973632812e+01
4.060211944580078125e+01 1.460461330413818359e+01
5.888517379760742188e+01 -1.915211319923400879e+00
7.295220947265625000e+01 -2.356371116638183594e+01
6.577621459960937500e+01 3.396774673461914062e+01
9.831499481201171875e+01 -3.002374076843261719e+01
-6.872215270996093750e+00 6.869083404541015625e+01
1.029752044677734375e+02 1.719223499298095703e+00
4.826833724975585938e+01 -2.800849914550781250e+00
-8.420989036560058594e+00 5.144576263427734375e+01
-4.064236640930175781e+00 2.427472877502441406e+01
8.660729980468750000e+01 1.897984862327575684e+00
2.307311058044433594e+01 -3.027056217193603516e+00
9.415415954589843750e+01 -1.212626647949218750e+01
-6.665808868408203125e+01 -2.784091949462890625e+01
6.488725280761718750e+01 1.890760421752929688e+01
8.530552673339843750e+01 -5.289700031280517578e+00
3.502593994140625000e+01 1.710658645629882812e+01
1.101439743041992188e+02 -1.798428916931152344e+01
6.341505813598632812e+01 -1.747954368591308594e+01
5.495016860961914062e+01 1.210138797760009766e+01
-9.196374893188476562e+00 6.482956695556640625e+01
3.486766815185546875e+01 -1.114358806610107422e+01
7.279213714599609375e+01 1.651695251464843750e+01
5.863182067871093750e+01 1.796221733093261719e+00
9.973439788818359375e+01 4.074933052062988281e+00
-3.695397567749023438e+01 -5.500622177124023438e+01
6.013857650756835938e+01 2.043396186828613281e+01
8.816781616210937500e+01 -8.968595504760742188e+00
-3.890941619873046875e+01 1.181159168481826782e-01
3.373211288452148438e+01 3.768981933593750000e+01
1.135049438476562500e+02 -1.776502609252929688e+01
2.305658721923828125e+01 6.743144989013671875e+01
-7.218116760253906250e+01 -3.060410499572753906e+01
-1.106319046020507812e+01 5.856501007080078125e+01
1.006167755126953125e+02 -1.723156547546386719e+01
-7.872397613525390625e+01 1.808091735839843750e+01
1.028611755371093750e+02 -1.183470129966735840e+00
2.821827697753906250e+01 6.669722747802734375e+01
2.089588356018066406e+01 6.479135894775390625e+01
-1.764155960083007812e+01 3.240056228637695312e+01
8.364788055419921875e+01 1.074527549743652344e+01
4.008608245849609375e+01 2.049964904785156250e+01
6.056047439575195312e+01 -3.423110580444335938e+01
-1.180550479888916016e+01 4.804876708984375000e+01
4.418105316162109375e+01 2.745865821838378906e+01
8.698636627197265625e+01 6.557481288909912109e+00
-3.875294494628906250e+01 3.966028976440429688e+01
4.410798645019531250e+01 -1.363979101181030273e+00
1.050509262084960938e+02 -2.333249092102050781e+01
-2.047174644470214844e+01 5.420446014404296875e+01
1.115918121337890625e+02 -2.080835342407226562e+01
-5.231000518798828125e+01 -4.270623779296875000e+01
4.128925323486328125e+01 1.491945552825927734e+01
9.004188537597656250e+01 -3.445407485961914062e+01
8.707678985595703125e+01 -2.860117149353027344e+01
2.260019779205322266e+00 6.994458770751953125e+01
4.258098220825195312e+01 -1.384105300903320312e+01
7.509621429443359375e+01 -1.218992042541503906e+01
2.403971290588378906e+01 -2.630923271179199219e+01
9.759671020507812500e+01 3.393011569976806641e+00
-1.462969112396240234e+01 7.153131103515625000e+01
9.751770782470703125e+01 -2.675844764709472656e+01
7.508489227294921875e+01 2.916650962829589844e+01
4.232191848754882812e+01 1.947500038146972656e+01
-1.078087997436523438e+01 -3.675018310546875000e+01
3.451662445068359375e+01 8.814529418945312500e+00
-1.327902412414550781e+01 4.709071731567382812e+01
4.263536453247070312e+01 -3.978211212158203125e+01
-5.679399490356445312e+01 -2.661885833740234375e+01
8.288247680664062500e+01 -9.780508995056152344e+00
2.004079818725585938e+01 5.515150070190429688e+01
9.720515441894531250e+01 -2.548827552795410156e+01
-4.188951492309570312e+01 9.849304199218750000e+00
9.358374023437500000e+01 -2.344021415710449219e+01
7.833049774169921875e+01 4.582284450531005859e+00
6.645561981201171875e+01 8.083758354187011719e+00
-2.482395362854003906e+01 2.729533958435058594e+01
9.009952545166015625e+01 -2.923863410949707031e+01
2.361328506469726562e+01 4.861758232116699219e+00
-6.187825775146484375e+01 -2.360539627075195312e+01
7.269407653808593750e+01 7.869222164154052734e-01
5.932557678222656250e+01 4.143604278564453125e+00
-9.679220199584960938e+00 8.165153503417968750e+01
8.908958435058593750e+01 -2.332170295715332031e+01
2.924993133544921875e+01 -1.392910480499267578e+01
-7.567298889160156250e+00 -3.077965164184570312e+01
2.386184501647949219e+01 -2.590325164794921875e+01
7.504501342773437500e+01 -9.086694717407226562e+00
7.508483886718750000e+01 2.699050903320312500e+00
7.533293914794921875e+01 3.718371152877807617e+00
9.205587768554687500e+01 -1.806181526184082031e+01
8.144564056396484375e+01 -1.251348781585693359e+01
4.766810226440429688e+01 1.874238967895507812e+01
6.200519561767578125e+01 -4.672195911407470703e+00
4.109329986572265625e+01 -3.310780334472656250e+01
7.423181915283203125e+01 2.824396324157714844e+01
4.775956726074218750e+01 -2.944285202026367188e+01
6.882210540771484375e+01 1.544029903411865234e+01
5.147800064086914062e+01 -3.407876205444335938e+01
1.463591754436492920e-01 7.323274993896484375e+01
1.050502014160156250e+02 -3.096281242370605469e+01
4.945669174194335938e+01 -3.488063049316406250e+01
9.758051300048828125e+01 -4.286990642547607422e+00
3.028581619262695312e+01 -2.405620765686035156e+01
-1.020835685729980469e+01 7.562339782714843750e+01
6.985513305664062500e+01 2.567768669128417969e+01
1.899311256408691406e+01 6.834127807617187500e+01
5.975599670410156250e+01 -3.957420730590820312e+01
4.072082901000976562e+01 -3.210625410079956055e+00
7.885173797607421875e+01 1.159493637084960938e+01
-5.298735809326171875e+01 -4.993572998046875000e+01
5.353767395019531250e+01 3.508644866943359375e+01
2.900472259521484375e+01 9.464638233184814453e-01
1.033241653442382812e+02 -9.388719797134399414e-01
-2.134537506103515625e+01 -3.085060119628906250e+01
-3.253700256347656250e+01 -2.896036148071289062e+01
4.375886154174804688e+01 -1.995212435722351074e+00
2.669189643859863281e+01 3.278986454010009766e+00
5.407400894165039062e+01 -8.597540855407714844e+00
-6.718637943267822266e-01 5.629981231689453125e+01
-5.352774810791015625e+01 -3.973035812377929688e+01
-1.938160514831542969e+01 4.370675277709960938e+01
3.342808914184570312e+01 3.599674987792968750e+01
-8.799021244049072266e-01 7.765178680419921875e+01
7.469373321533203125e+01 -2.609284782409667969e+01
8.766070556640625000e+01 -3.045897960662841797e+00
7.067977142333984375e+01 2.721726655960083008e+00
5.018313217163085938e+01 1.325485897064208984e+01
9.374403381347656250e+01 -2.772483253479003906e+01
5.270034408569335938e+01 -1.358223056793212891e+01
1.427586674690246582e+00 5.489518737792968750e+01
2.558948707580566406e+01 6.727536010742187500e+01
9.298096466064453125e+01 -1.182775402069091797e+01
-1.514293193817138672e+01 7.566859245300292969e+00
9.103920745849609375e+01 -2.864856910705566406e+01
1.005365219116210938e+02 -1.349272060394287109e+01
5.613718795776367188e+01 -3.322348785400390625e+01
1.135313949584960938e+02 -1.776557731628417969e+01
-8.427754402160644531e+00 5.540044021606445312e+01
9.235390472412109375e+01 -5.129919528961181641e+00
1.094059219360351562e+02 -2.586508178710937500e+01
-4.889044570922851562e+01 -1.393091559410095215e+00
-2.305502700805664062e+01 5.876843643188476562e+01
5.572446823120117188e+01 1.327812004089355469e+01
4.774024200439453125e+01 1.389739513397216797e+01
-3.225201416015625000e+01 -9.921644210815429688e+00
-7.841114997863769531e-01 5.029421615600585938e+01
7.108741760253906250e+01 4.604877829551696777e-01
5.483098602294921875e+01 -1.323255252838134766e+01
6.455639648437500000e+01 -2.961011505126953125e+01
4.747063827514648438e+01 1.256062126159667969e+01
2.185064315795898438e+01 -2.499407768249511719e+01
5.955986785888671875e+01 -1.843976974487304688e+01
-9.811442375183105469e+00 4.612368774414062500e+01
5.053191375732421875e+01 -3.124733352661132812e+01
-1.106667327880859375e+01 6.208230972290039062e+01
2.959197044372558594e+01 4.065675354003906250e+01
2.636354064941406250e+01 -7.518760204315185547e+00
9.566133880615234375e+01 -8.025053977966308594e+00
-7.141407012939453125e+00 4.739118194580078125e+01
2.321649551391601562e+01 9.737528562545776367e-01
5.003456497192382812e+01 2.894600331783294678e-01
-5.309096908569335938e+01 1.727501678466796875e+01
4.766021347045898438e+01 -3.287955856323242188e+01
2.790426063537597656e+01 -2.810423612594604492e+00
-6.657376098632812500e+01 -3.128776550292968750e+01
6.738170623779296875e+01 2.659276390075683594e+01
1.085585937500000000e+02 -1.184078788757324219e+01
8.986498260498046875e+01 1.572230339050292969e+01
-1.052343845367431641e+01 5.423608779907226562e+01
6.236194610595703125e+01 -3.335128402709960938e+01
4.909639739990234375e+01 -3.257501220703125000e+01
2.323154449462890625e+01 3.580321502685546875e+01
3.475036621093750000e+01 3.698410797119140625e+01
1.013479156494140625e+02 -1.935196304321289062e+01
4.200579452514648438e+01 -2.944374084472656250e+01
2.220900535583496094e+01 7.084949493408203125e+01
6.095558929443359375e+01 -3.727865219116210938e+01
-6.954035949707031250e+01 2.018349456787109375e+01
2.680414199829101562e+01 4.428564071655273438e+00
4.446028900146484375e+01 -1.207685708999633789e+00
2.611479759216308594e+01 5.859265899658203125e+01
5.285648345947265625e+01 -1.082076930999755859e+01
1.033810729980468750e+02 -2.738232231140136719e+01
-8.285188674926757812e+00 7.045446014404296875e+01
6.810891723632812500e+01 -3.764897823333740234e+00
9.863859558105468750e+01 3.352408647537231445e+00
5.628380584716796875e+01 -3.811273574829101562e+01
-6.460021209716796875e+01 1.069463729858398438e+01
9.738519287109375000e+01 -2.875348091125488281e+01
-2.693158721923828125e+01 -2.666165542602539062e+01
-3.517448902130126953e+00 6.465550231933593750e+01
7.428572845458984375e+01 1.059491252899169922e+01
-6.665729045867919922e+00 7.487411499023437500e+01
7.345207977294921875e+01 -3.211999893188476562e+01
-1.339860820770263672e+01 1.952519035339355469e+01
4.880931091308593750e+01 2.578080558776855469e+01
9.382156372070312500e+01 -1.943907737731933594e+01
3.579803085327148438e+01 7.480117321014404297e+00
6.244208908081054688e+01 5.330265045166015625e+00
-2.704909563064575195e+00 7.698437500000000000e+01
4.479104232788085938e+01 -2.542858314514160156e+01
-2.018186759948730469e+01 7.079598236083984375e+01
6.255084609985351562e+01 -1.809454536437988281e+01
8.936402130126953125e+01 -5.201892375946044922e+00
4.661890029907226562e+01 9.532174110412597656e+00
-5.827682495117187500e+00 7.137631988525390625e+01
1.055969619750976562e+02 -3.136511421203613281e+01
6.394498062133789062e+01 -5.803929328918457031e+00
4.736766433715820312e+01 2.165219879150390625e+01
4.801592440344393253e-04 -3.218337631225585938e+01
-7.125213623046875000e+01 -1.594789981842041016e+01
7.098399162292480469e+00 -2.046757888793945312e+01
6.019356536865234375e+01 -3.570714569091796875e+01
2.799644470214843750e+01 6.015977382659912109e+00
-1.564988708496093750e+01 6.432932281494140625e+01
8.392131805419921875e+01 1.148012065887451172e+01
1.980554199218750000e+01 6.239287948608398438e+01
7.047984313964843750e+01 -4.711058139801025391e+00
9.015220642089843750e+01 -2.132019233703613281e+01
7.209537506103515625e+01 5.424065113067626953e+00
1.038024444580078125e+02 -2.020205688476562500e+01
4.638401508331298828e+00 1.637770462036132812e+01
-2.594338035583496094e+01 -1.580888366699218750e+01
9.350208282470703125e+01 -2.070688056945800781e+01
3.407755661010742188e+01 -2.857386207580566406e+01
2.841469001770019531e+01 3.370733642578125000e+01
5.102425003051757812e+01 -9.193439483642578125e+00
9.225480651855468750e+01 -1.860287094116210938e+01
3.599332094192504883e+00 -2.328267288208007812e+01
-7.959769248962402344e+00 4.384520339965820312e+01
6.484709930419921875e+01 6.167193412780761719e+00
6.519274902343750000e+01 1.882237076759338379e+00
5.532031631469726562e+01 -3.098167228698730469e+01
-4.664232635498046875e+01 -5.341442108154296875e+00
2.219986534118652344e+01 4.340735912322998047e+00
9.796281433105468750e+01 -1.539445590972900391e+01
6.643006134033203125e+01 -3.750867462158203125e+01
4.484239578247070312e+01 -3.106968307495117188e+01
-2.408120918273925781e+01 2.109218025207519531e+01
4.978257751464843750e+01 -3.169130706787109375e+01
5.086725997924804688e+01 -1.069845676422119141e+00
4.951476669311523438e+01 -1.147017574310302734e+01
2.043955421447753906e+01 6.559845733642578125e+01
-6.643730926513671875e+01 2.494317293167114258e+00
5.328900909423828125e+01 3.773204421997070312e+01
9.987301635742187500e+01 -2.479321718215942383e+00
6.859124755859375000e+01 -2.705190658569335938e+01
8.269786834716796875e+01 1.010216474533081055e+00
8.092872619628906250e+01 -3.569845438003540039e+00
7.087603759765625000e+01 1.415396499633789062e+01
-8.174713134765625000e+01 2.186774444580078125e+01
9.846134948730468750e+01 -1.870426684617996216e-01
3.272911834716796875e+01 -2.395074844360351562e+01
9.862080383300781250e+01 8.977821350097656250e+00
-3.075564956665039062e+01 -3.460977935791015625e+01
2.494638061523437500e+01 3.129362487792968750e+01
3.206803131103515625e+01 1.845885467529296875e+01
1.044699783325195312e+02 -1.704751205444335938e+01
-9.301510453224182129e-01 5.893284225463867188e+01
4.733703231811523438e+01 -2.467218780517578125e+01
7.454489898681640625e+01 6.255391597747802734e+00
2.431697654724121094e+01 -2.779673957824707031e+01
9.565000915527343750e+01 -7.508588314056396484e+00
9.393366241455078125e+01 -2.170891761779785156e+01
-1.914966392517089844e+01 -5.118933868408203125e+01
5.800420379638671875e+01 1.610675621032714844e+01
3.304872512817382812e+01 -2.626230621337890625e+01
-2.999794197082519531e+01 -4.587153244018554688e+01
1.082902908325195312e+02 -3.086816787719726562e+01
4.933446502685546875e+01 -4.056118965148925781e+00
-8.463434600830078125e+01 -1.155928707122802734e+01
-1.929966545104980469e+01 5.880176544189453125e+01
5.203981399536132812e+01 1.388083994388580322e-01
7.774285125732421875e+01 -2.382223510742187500e+01
-5.714973831176757812e+01 1.629369354248046875e+01
9.554352569580078125e+01 -2.100889396667480469e+01
-7.693189620971679688e+00 -5.047509670257568359e+00
-2.555630874633789062e+01 -8.129156112670898438e+00
8.843013763427734375e+01 -2.494640731811523438e+01
1.060003662109375000e+02 -2.020038414001464844e+01
-5.082576751708984375e+00 4.828715515136718750e+01
8.023690795898437500e+01 -1.248770904541015625e+01
1.106143951416015625e+02 -2.385748291015625000e+01
-7.504506683349609375e+01 -1.100603675842285156e+01
-6.259579467773437500e+01 6.739315509796142578e+00
-2.006884574890136719e+01 6.298532485961914062e+01
5.865962982177734375e+01 -3.151451110839843750e+01
2.431454086303710938e+01 6.481703186035156250e+01
1.025840988159179688e+02 4.341197967529296875e+00
-2.802287483215332031e+01 2.044089889526367188e+01
5.248402023315429688e+01 7.629411816596984863e-01
9.328783416748046875e+01 -1.235315322875976562e+01
-1.451541328430175781e+01 -3.648547363281250000e+01
-1.725965690612792969e+01 4.904473495483398438e+01
5.213285064697265625e+01 -1.354109954833984375e+01
2.742045783996582031e+01 6.810277557373046875e+01
2.591411399841308594e+01 1.128086185455322266e+01
9.601148986816406250e+01 -9.809617996215820312e-01
4.206262969970703125e+01 -1.454189682006835938e+01
6.966323089599609375e+01 -2.015303993225097656e+01
-8.807959747314453125e+01 -3.187704801559448242e+00
7.447602081298828125e+01 1.107597064971923828e+01
1.294370841979980469e+01 -2.329634857177734375e+01
-1.283756828308105469e+01 -3.757521820068359375e+01
-1.458769798278808594e+01 6.800975036621093750e+01
-6.584020996093750000e+01 1.017859840393066406e+01
2.855866432189941406e+01 -5.898863315582275391e+00
-6.102824020385742188e+01 -2.195030021667480469e+01
-5.806619262695312500e+01 1.411819648742675781e+01
8.627014923095703125e+01 -2.209986305236816406e+01
-3.323960494995117188e+01 1.393191337585449219e+01
-1.245108413696289062e+01 6.333675384521484375e+01
4.042297744750976562e+01 1.774339675903320312e+01
-1.154401969909667969e+01 7.668196868896484375e+01
1.457318782806396484e+00 5.485105514526367188e+01
4.516533279418945312e+01 2.475271224975585938e+00
5.004193496704101562e+01 -7.986809253692626953e+00
9.726815795898437500e+01 4.517808437347412109e+00
6.898384094238281250e+01 3.468349933624267578e+00
7.906738281250000000e+01 -2.026107597351074219e+01
-5.132314682006835938e+01 2.142593574523925781e+01
6.108203887939453125e+01 8.856230974197387695e-01
7.444467926025390625e+01 -3.351497268676757812e+01
1.011584320068359375e+02 -1.821665287017822266e+00
6.640522766113281250e+01 7.853071689605712891e+00
6.682867431640625000e+01 -1.860461235046386719e+01
4.288265991210937500e+01 -2.685256958007812500e+01
4.291374969482421875e+01 -2.492905044555664062e+01
-2.371069431304931641e+00 8.171388244628906250e+01
3.439556884765625000e+01 -3.301113510131835938e+01
6.038734054565429688e+01 5.983786582946777344e+00
1.008742980957031250e+02 -2.789546489715576172e+00
2.802644348144531250e+01 -2.799386787414550781e+01
4.333082199096679688e+01 2.398514747619628906e+01
1.107780532836914062e+02 -1.923179244995117188e+01
5.315543746948242188e+01 4.036499023437500000e+01
7.501535797119140625e+01 -2.166400194168090820e+00
1.057571868896484375e+02 -5.819853782653808594e+00
2.441195678710937500e+01 1.255320262908935547e+01
-6.133860397338867188e+01 2.578823328018188477e+00
2.604641723632812500e+01 -2.658169364929199219e+01
4.830564498901367188e+01 -2.814248323440551758e+00
9.544710540771484375e+01 -1.461699390411376953e+01
5.709138870239257812e+01 1.877000427246093750e+01
2.276710510253906250e+01 4.405117988586425781e+00
4.245627975463867188e+01 -4.085383224487304688e+01
1.002433700561523438e+02 7.808170795440673828e+00
8.711415100097656250e+01 2.586309909820556641e+00
7.938393402099609375e+01 -2.302587699890136719e+01
-3.085090827941894531e+01 2.491867256164550781e+01
9.593211364746093750e+01 -2.469859695434570312e+01
1.003633041381835938e+02 -2.565233802795410156e+01
7.631560516357421875e+01 -1.130669212341308594e+01
6.080718612670898438e+01 -2.077635383605957031e+01
7.065428161621093750e+01 -4.592709541320800781e-01
1.036179428100585938e+02 -2.515165710449218750e+01
3.669116592407226562e+01 -3.507595062255859375e+01
-1.047462463378906250e+01 7.395661926269531250e+01
-1.935992813110351562e+01 -1.108498764038085938e+01
-1.316662502288818359e+01 8.196488952636718750e+01
8.428285980224609375e+01 -1.594632053375244141e+01
-8.157529830932617188e+00 5.405836486816406250e+01
-8.862530708312988281e+00 7.515474700927734375e+01
-1.202285480499267578e+01 6.665853881835937500e+01
-2.643484115600585938e+01 1.569772148132324219e+01
3.214101791381835938e+01 -2.507024955749511719e+01
9.349407958984375000e+01 -1.728296279907226562e+01
-1.597581863403320312e+01 5.164545822143554688e+01
-5.645831680297851562e+01 -3.417681503295898438e+01
8.455995941162109375e+01 1.428418636322021484e+01
-2.352753829956054688e+01 6.665798950195312500e+01
7.159886169433593750e+01 -2.002040100097656250e+01
2.437467384338378906e+01 -1.395540046691894531e+01
2.878897666931152344e+01 -1.310641765594482422e+01
-1.158400917053222656e+01 4.816070938110351562e+01
7.115618896484375000e+01 -2.922525596618652344e+01
-8.017853546142578125e+01 9.741921424865722656e+00
-6.423927307128906250e+00 8.097856903076171875e+01
2.691386604309082031e+01 1.269085884094238281e+01
6.576701354980468750e+01 -1.296152877807617188e+01
-7.742569446563720703e+00 4.982501602172851562e+01
-1.024092769622802734e+01 7.395649719238281250e+01
-2.265791893005371094e+01 -2.349974250793457031e+01
5.638172912597656250e+01 1.132932662963867188e+01
-8.643598556518554688e+00 7.515062713623046875e+01
2.678938102722167969e+01 5.787293243408203125e+01
-7.133541107177734375e+00 5.127495956420898438e+01
-1.220224475860595703e+01 4.394841003417968750e+01
2.637195014953613281e+01 4.148389101028442383e-01
4.277545547485351562e+01 -1.706784367561340332e+00
-4.362628173828125000e+01 2.913946914672851562e+01
8.459703826904296875e+01 1.433492660522460938e+00
9.764761352539062500e+01 1.354325413703918457e-01
4.589999389648437500e+01 -2.664016151428222656e+01
-4.206117630004882812e+00 -2.815483856201171875e+01
2.379115372896194458e-01 7.489150238037109375e+01
6.251843643188476562e+01 1.985345649719238281e+01
3.563447189331054688e+01 2.829476356506347656e+01
3.731518554687500000e+01 2.350749206542968750e+01
5.509745788574218750e+01 1.405839729309082031e+01
-7.254178619384765625e+01 -9.108718872070312500e+00
7.734281158447265625e+01 1.152113437652587891e+01
2.336317539215087891e+00 -1.394993877410888672e+01
-4.664950180053710938e+01 -2.593266105651855469e+01
9.479915618896484375e+01 -9.215247631072998047e-01
3.813513565063476562e+01 -3.536356353759765625e+01
7.042347717285156250e+01 -2.244884109497070312e+01
3.122620391845703125e+01 -2.806560134887695312e+01
-8.181907653808593750e+00 6.926310729980468750e+01
6.224684143066406250e+01 -2.426848793029785156e+01
-6.371342849731445312e+01 -4.536344528198242188e+01
7.122647094726562500e+01 -1.433980560302734375e+01
4.411098861694335938e+01 -3.075685799121856689e-01
-4.229555892944335938e+01 -4.182978057861328125e+01
6.480088806152343750e+01 2.163748550415039062e+01
8.499556732177734375e+01 -2.307877922058105469e+01
2.542963218688964844e+01 6.648283386230468750e+01
2.491988754272460938e+01 3.118977355957031250e+01
1.534806060791015625e+01 -1.780005645751953125e+01
-8.821545600891113281e+00 1.168903255462646484e+01
-1.372225952148437500e+01 -3.823637008666992188e+01
7.772091674804687500e+01 -2.487337684631347656e+01
4.808612060546875000e+01 2.345494079589843750e+01
2.456598091125488281e+01 6.909273529052734375e+01
1.018066024780273438e+02 -2.714294433593750000e+01
-6.941732406616210938e+00 5.984962081909179688e+01
-1.464756107330322266e+01 6.377949523925781250e+01
7.306809234619140625e+01 2.300509262084960938e+01
2.117650413513183594e+01 6.229834365844726562e+01
8.466252136230468750e+01 -5.232899188995361328e+00
-1.374171447753906250e+01 7.862953186035156250e+01
5.774298477172851562e+01 -3.280085623264312744e-01
-6.868917083740234375e+01 9.200118064880371094e+00
2.642213630676269531e+01 -7.800811529159545898e-01
8.951383209228515625e+01 -1.114778137207031250e+01
3.244561004638671875e+01 -2.763069152832031250e+01
5.257614898681640625e+01 -4.611206054687500000e-01
2.676551055908203125e+01 7.073958873748779297e+00
1.869591903686523438e+01 -2.591709136962890625e+00
-3.782895660400390625e+01 3.196737098693847656e+01
4.511849212646484375e+01 -1.561977958679199219e+01
4.694321823120117188e+01 1.211293888092041016e+01
-1.531062221527099609e+01 4.984033584594726562e+01
5.348450851440429688e+01 -1.826819229125976562e+01
2.348994827270507812e+01 -2.790120124816894531e+01
7.425342559814453125e+01 2.826840782165527344e+01
-5.964899063110351562e+01 2.756118583679199219e+01
2.353787660598754883e+00 7.307111358642578125e+01
2.938288879394531250e+01 2.158903884887695312e+01
6.117712020874023438e+01 7.000687599182128906e+00
9.262307167053222656e+00 -1.559303474426269531e+01
5.115320968627929688e+01 -1.550933551788330078e+01
4.600013351440429688e+01 1.317798900604248047e+01
8.258885955810546875e+01 -1.330844116210937500e+01
-1.001701068878173828e+01 5.296273422241210938e+01
1.383345699310302734e+01 -1.848101806640625000e+01
4.992949676513671875e+01 -7.862154483795166016e+00
-1.133953475952148438e+01 -8.322525978088378906e+00
2.320112228393554688e+01 6.552224731445312500e+01
5.001718521118164062e+01 1.364222240447998047e+01
5.847797012329101562e+01 8.493816375732421875e+00
2.151664352416992188e+01 3.635535049438476562e+01
-9.332143783569335938e+00 5.015135955810546875e+01
-1.141169929504394531e+01 -3.995507049560546875e+01
-7.613880920410156250e+01 2.333793830871582031e+01
-3.497827291488647461e+00 3.814519119262695312e+01
5.706010055541992188e+01 8.752855300903320312e+00
2.704932594299316406e+01 -8.980997085571289062e+00
6.306338500976562500e+01 3.720956802368164062e+00
4.622272109985351562e+01 -3.390186309814453125e+01
4.466262435913085938e+01 -2.176376152038574219e+01
2.941686820983886719e+01 5.540840148925781250e+00
4.556903362274169922e+00 6.526791381835937500e+01
1.012785491943359375e+02 -4.205894947052001953e+00
3.974436569213867188e+01 1.804246711730957031e+01
6.825924682617187500e+01 -8.960523605346679688e+00
-4.409418106079101562e+01 -4.260921478271484375e+00
-1.079606914520263672e+01 7.019022369384765625e+01
4.113864898681640625e+01 -1.628473281860351562e+01
-9.626800537109375000e+00 6.981712341308593750e+01
9.809637451171875000e+01 -3.247257232666015625e+01
-5.705725860595703125e+01 -2.843386077880859375e+01
-1.587374782562255859e+01 6.644324493408203125e+01
5.093688583374023438e+01 5.037615895271301270e-01
7.802025604248046875e+01 1.072810840606689453e+01
9.962043762207031250e+01 -2.552320671081542969e+01
-6.593051910400390625e+00 4.873859786987304688e+01
3.897680282592773438e+01 -3.084927749633789062e+01
4.159944534301757812e+01 2.443303108215332031e+01
-2.422250747680664062e+01 -1.845556449890136719e+01
5.081459808349609375e+01 2.134349346160888672e+00
7.594228363037109375e+01 -6.825021266937255859e+00
-4.198368072509765625e+00 7.185989379882812500e+01
4.252438735961914062e+01 1.494441795349121094e+01
-5.373565673828125000e+01 -2.751656055450439453e+00
4.462480545043945312e+01 -1.547854995727539062e+01
-5.331564712524414062e+01 -1.161243724822998047e+01
-5.224583816528320312e+01 -3.463799238204956055e+00
2.482945823669433594e+01 6.453778076171875000e+01
5.280213546752929688e+01 -5.103343963623046875e+00
2.289164352416992188e+01 6.062423706054687500e+01
3.306123733520507812e+01 2.618906974792480469e+01
7.416450500488281250e+01 1.546123027801513672e+01
-1.880038642883300781e+01 5.831684112548828125e+01
4.075839614868164062e+01 -4.026028513908386230e-02
4.666237258911132812e+01 2.762941169738769531e+01
2.420151329040527344e+01 -1.237346935272216797e+01
-9.444540977478027344e+00 -3.491485595703125000e+01
4.251243972778320312e+01 -4.106252288818359375e+01
7.046435356140136719e+00 -1.720748710632324219e+01
5.632257461547851562e+01 1.270059776306152344e+01
9.583177947998046875e+01 -2.757773160934448242e+00
-9.220925331115722656e+00 5.538570022583007812e+01
7.784270477294921875e+01 -3.811910152435302734e+00
1.015400085449218750e+02 -4.093390941619873047e+00
2.482532882690429688e+01 6.792906188964843750e+01
-1.284135627746582031e+01 -3.652492141723632812e+01
6.012325763702392578e+00 -2.381597518920898438e+01
1.086171951293945312e+02 2.048682451248168945e+00
2.449210548400878906e+01 -2.157629966735839844e+00
-8.014647483825683594e+00 6.022884368896484375e+01
2.209822845458984375e+01 6.047208404541015625e+01
5.514536666870117188e+01 4.005688858032226562e+01
-5.978182601928710938e+01 2.194834136962890625e+01
-1.827586555480957031e+01 -2.585284233093261719e+01
8.012949371337890625e+01 -2.684013557434082031e+01
2.338948249816894531e+01 3.582786560058593750e+01
-3.000419998168945312e+01 3.556526565551757812e+01
-7.451117515563964844e+00 5.328630065917968750e+01
5.780578994750976562e+01 -3.564753723144531250e+01
6.745973205566406250e+01 -9.949595451354980469e+00
3.527933883666992188e+01 2.919503593444824219e+01
2.738518714904785156e+01 -1.586482143402099609e+01
-1.318095302581787109e+01 4.949295806884765625e+01
2.636085319519042969e+01 1.159720039367675781e+01
5.430969238281250000e+01 -3.590227127075195312e+01
5.308877182006835938e+01 -1.161474037170410156e+01
6.370470809936523438e+01 -2.075511741638183594e+01
5.836626815795898438e+01 -1.616011619567871094e+01
6.367043685913085938e+01 2.049556541442871094e+01
9.285555267333984375e+01 -2.638666152954101562e+01
-2.366108322143554688e+01 1.768917274475097656e+01
-7.878573608398437500e+01 1.817054748535156250e+01
3.766828918457031250e+01 -3.533713531494140625e+01
-1.405702209472656250e+01 -3.516204071044921875e+01
5.473701858520507812e+01 -3.923003387451171875e+01
-2.726509094238281250e+00 7.854551696777343750e+01
4.222404479980468750e+01 2.638718414306640625e+01
8.837004852294921875e+01 -5.692258834838867188e+00
4.870922470092773438e+01 -1.383623981475830078e+01
-4.363774108886718750e+01 2.544733619689941406e+01
5.705310058593750000e+01 -1.650261497497558594e+01
1.005298156738281250e+02 3.514176607131958008e+00
6.538378906250000000e+01 1.331152153015136719e+01
-2.217061281204223633e+00 6.040868377685546875e+01
8.074498748779296875e+01 -2.093823242187500000e+01
-5.682628250122070312e+01 -1.317089271545410156e+01
2.438751792907714844e+01 5.605351257324218750e+01
-7.230155944824218750e+01 2.057946205139160156e+00
3.858692169189453125e+01 -1.941628074645996094e+01
7.820855712890625000e+01 -2.123905754089355469e+01
8.763159942626953125e+01 -8.241055488586425781e+00
1.186703085899353027e+00 4.895643615722656250e+01
-4.731710052490234375e+01 3.894086456298828125e+01
-4.765130519866943359e+00 7.167444610595703125e+01
9.884958648681640625e+01 2.327871799468994141e+00
-5.400514602661132812e+01 3.914218139648437500e+01
-4.330079650878906250e+01 -1.987402796745300293e+00
2.805516433715820312e+01 6.499642944335937500e+01
3.405957794189453125e+01 3.418164825439453125e+01
-1.262669467926025391e+01 6.919567108154296875e+01
8.839343070983886719e+00 -1.914975929260253906e+01
-1.368760681152343750e+01 6.186344909667968750e+01
4.454557800292968750e+01 -2.165002250671386719e+01
-7.033164024353027344e+00 7.642514801025390625e+01
9.865187835693359375e+01 4.833879947662353516e+00
5.938659667968750000e+01 -3.297795486450195312e+01
-3.272638702392578125e+01 -5.648104476928710938e+01
4.660624694824218750e+01 1.198032188415527344e+01
9.196994781494140625e+01 -1.148019409179687500e+01
-1.453750801086425781e+01 5.830219650268554688e+01
6.575215911865234375e+01 -3.689722442626953125e+01
5.041122817993164062e+01 -2.210216712951660156e+01
5.753974151611328125e+01 -5.263360023498535156e+00
-4.244019508361816406e+00 7.068677520751953125e+01
5.000722122192382812e+01 1.230222702026367188e+00
7.120810985565185547e+00 -1.872594070434570312e+01
-8.556863784790039062e+00 5.335940933227539062e+01
3.998701858520507812e+01 1.972599601745605469e+01
2.599030685424804688e+01 -1.087174701690673828e+01
-1.116387557983398438e+01 6.487400817871093750e+01
-2.079744911193847656e+01 5.098087310791015625e+01
-2.053574752807617188e+01 5.309868621826171875e+01
4.638331413269042969e+00 6.529004669189453125e+01
-1.593899726867675781e+01 6.648281097412109375e+01
5.660688781738281250e+01 4.712294101715087891e+00
3.749862670898437500e+01 -1.754332160949707031e+01
-3.274402618408203125e+00 5.491442108154296875e+01
6.072796249389648438e+01 4.033378601074218750e+00
-7.996679306030273438e+00 7.299773406982421875e+01
1.045802383422851562e+02 -2.907871246337890625e+01
7.367780303955078125e+01 5.567427158355712891e+00
-1.026786518096923828e+01 5.860738754272460938e+01
5.117906570434570312e+01 -1.178028964996337891e+01
5.056804275512695312e+01 9.386691093444824219e+00
6.153527069091796875e+01 -9.046672821044921875e+00
7.976991271972656250e+01 -1.790364646911621094e+01
-5.858346176147460938e+01 -2.273743247985839844e+01
-8.286551475524902344e+00 7.976353454589843750e+01
9.308979797363281250e+01 2.325548648834228516e+00
2.493599319458007812e+01 -9.445105552673339844e+00
-1.036361503601074219e+01 7.766902923583984375e+01
-2.158910560607910156e+01 1.852433776855468750e+01
8.694411468505859375e+01 -2.675239562988281250e+01
1.587412643432617188e+01 -1.764753532409667969e+01
-4.189380264282226562e+01 3.747208404541015625e+01
-9.592488288879394531e+00 1.915549468994140625e+01
-1.395361995697021484e+01 1.167985725402832031e+01
-2.584546470642089844e+01 -2.347685241699218750e+01
-4.255487060546875000e+01 3.619626998901367188e+01
-1.876839995384216309e+00 6.644241333007812500e+01
2.654076576232910156e+01 2.028694152832031250e+00
2.828454971313476562e+01 -9.885689735412597656e+00
-3.412859344482421875e+01 6.423365116119384766e+00
-6.024075698852539062e+01 -2.684985160827636719e+01
4.272199153900146484e+00 1.626114082336425781e+01
-7.726899623870849609e+00 -8.955821990966796875e+00
-2.239603042602539062e+01 3.364881753921508789e+00
9.627699279785156250e+01 -2.855884361267089844e+01
-3.783057403564453125e+01 3.196327209472656250e+01
5.784814834594726562e+01 -5.069350719451904297e+00
7.878449249267578125e+01 -2.048587036132812500e+01
-5.499804496765136719e+00 7.576235961914062500e+01
7.925968933105468750e+01 1.791293334960937500e+01
5.736026763916015625e+01 -3.233207702636718750e+01
4.220088195800781250e+01 -4.001331329345703125e+01
-3.812326049804687500e+01 3.150112152099609375e+01
-1.240295886993408203e+01 7.648584747314453125e+01
-1.528296184539794922e+01 4.947994995117187500e+01
5.082173156738281250e+01 1.992973518371582031e+01
4.569639968872070312e+01 -1.046158218383789062e+01
-1.485165405273437500e+01 -8.512239456176757812e+00
-2.226750946044921875e+01 5.391769790649414062e+01
7.566243743896484375e+01 -1.780900573730468750e+01
4.657847976684570312e+01 1.462618350982666016e+01
6.297398376464843750e+01 7.972229719161987305e-01
7.649963378906250000e+01 -2.211392879486083984e+00
-6.827925109863281250e+01 2.300565910339355469e+01
-3.785614013671875000e+00 6.116558456420898438e+01
-9.201202392578125000e+00 5.995929241180419922e+00
4.390035629272460938e+01 3.715974092483520508e+00
5.745732879638671875e+01 1.334779167175292969e+01
3.632854843139648438e+01 -3.269522857666015625e+01
5.788708114624023438e+01 -2.819775390625000000e+01
2.418798828125000000e+01 -2.416665840148925781e+01
4.440509414672851562e+01 1.501588821411132812e+01
5.410535049438476562e+01 6.625484228134155273e-01
5.263254165649414062e+01 2.237867832183837891e+00
5.460072326660156250e+01 -9.835158348083496094e+00
6.138874435424804688e+01 -7.620584964752197266e+00
1.744146728515625000e+01 -4.357443332672119141e+00
2.218988609313964844e+01 -6.575213909149169922e+00
6.908717346191406250e+01 1.357458496093750000e+01
6.993888854980468750e+01 -3.208803176879882812e+01
-1.266028761863708496e+00 -9.369794845581054688e+00
7.262199401855468750e+01 1.178342342376708984e+01
-5.418325424194335938e+01 1.716171073913574219e+01
2.528166961669921875e+01 -2.756875610351562500e+01
-1.224679279327392578e+01 7.521113586425781250e+01
-3.987593078613281250e+01 -1.687580490112304688e+01
-1.833967971801757812e+01 4.746295166015625000e+01
1.089531784057617188e+02 -2.128612327575683594e+01
-4.976211071014404297e+00 4.813029861450195312e+01
9.646608734130859375e+01 -2.058801651000976562e+01
1.046945419311523438e+02 -2.102735519409179688e+01
3.838621139526367188e+01 -7.955890178680419922e+00
5.901300048828125000e+01 1.159458923339843750e+01
1.017969512939453125e+02 -2.517492103576660156e+01
5.956643676757812500e+01 -2.953127861022949219e+01
-2.932983207702636719e+01 2.653957557678222656e+01
7.314994049072265625e+01 6.975710868835449219e+00
6.622039031982421875e+01 1.194464492797851562e+01
-3.491440200805664062e+01 2.155524826049804688e+01
6.763865661621093750e+01 4.368762016296386719e+00
-1.478500270843505859e+01 4.162945938110351562e+01
2.309779739379882812e+01 6.337982559204101562e+01
-1.644734764099121094e+01 5.463953399658203125e+01
2.666259765625000000e+01 1.566157436370849609e+01
2.507733345031738281e+01 -1.261401748657226562e+01
-7.574551391601562500e+01 -2.749103927612304688e+01
-4.518959808349609375e+01 -1.263397789001464844e+01
5.617710494995117188e+01 1.284924793243408203e+01
-4.151122570037841797e+00 6.324187469482421875e+01
5.612334442138671875e+01 4.024555683135986328e+00
-1.132267856597900391e+01 7.198651123046875000e+01
-1.454332828521728516e+01 1.262717056274414062e+01
-5.610311126708984375e+01 2.361723518371582031e+01
7.538237762451171875e+01 1.245106029510498047e+01
7.842457580566406250e+01 8.430985450744628906e+00
-6.087376785278320312e+01 3.104362487792968750e+01
-1.515656757354736328e+01 7.341612243652343750e+01
2.186680221557617188e+01 6.348694229125976562e+01
8.131382751464843750e+01 6.202786445617675781e+00
3.121264457702636719e+01 3.082439231872558594e+01
-5.303462219238281250e+01 -1.529156112670898438e+01
4.356937026977539062e+01 -2.422649860382080078e+00
4.034933090209960938e+01 -1.618896675109863281e+01
7.075918579101562500e+01 -2.950100660324096680e+00
3.060572052001953125e+01 2.948214912414550781e+01
1.042582244873046875e+02 -2.768509101867675781e+01
8.020762634277343750e+01 1.174849224090576172e+01
-5.927783203125000000e+01 5.753427505493164062e+00
-1.116798591613769531e+01 -3.176456451416015625e+01
1.043297348022460938e+02 -2.661420822143554688e+01
5.134717941284179688e+01 3.638087463378906250e+01
8.539032745361328125e+01 -1.871714591979980469e+01
-1.026260375976562500e+01 5.134775924682617188e+01
5.605638885498046875e+01 1.924287414550781250e+01
6.751826477050781250e+01 1.544314575195312500e+01
1.046323471069335938e+02 -3.044496536254882812e+01
-1.110110282897949219e+01 6.764067840576171875e+01
-1.304418277740478516e+01 -5.596632003784179688e+00
2.510161590576171875e+01 -9.338345527648925781e+00
2.040779876708984375e+01 6.080776596069335938e+01
-2.694090652465820312e+01 -2.669553947448730469e+01
2.334754467010498047e+00 6.995198059082031250e+01
3.419441604614257812e+01 -1.085271930694580078e+01
1.010970230102539062e+02 1.833096027374267578e+00
-1.754718017578125000e+01 7.398740386962890625e+01
6.908249664306640625e+01 1.760293388366699219e+01
4.209654235839843750e+01 1.351505661010742188e+01
5.754246902465820312e+01 2.004580736160278320e+00
5.171266174316406250e+01 2.701446914672851562e+01
1.956179291009902954e-01 7.957112884521484375e+01
8.361808776855468750e+01 9.533129692077636719e+00
5.675822448730468750e+01 4.037197113037109375e+01
-1.394998836517333984e+01 5.258579254150390625e+01
7.670523834228515625e+01 -2.048125648498535156e+01
4.721481704711914062e+01 -3.433223342895507812e+01
9.401911926269531250e+01 -2.964903259277343750e+01
-8.847434043884277344e+00 1.174455070495605469e+01
3.562850189208984375e+01 3.077617073059082031e+01
-1.612943267822265625e+01 4.043519592285156250e+01
2.988750457763671875e+00 -2.043851661682128906e+01
2.220156860351562500e+01 7.093035888671875000e+01
6.825556945800781250e+01 1.753797149658203125e+01
-3.356219482421875000e+01 -1.945557975769042969e+01
7.596241760253906250e+01 -3.780721902847290039e+00
3.430441665649414062e+01 -2.524490737915039062e+01
-8.937870979309082031e+00 7.399890136718750000e+01
9.830471038818359375e+01 -2.263772010803222656e+01
6.124098968505859375e+01 9.215780258178710938e+00
3.071710777282714844e+01 -1.892955780029296875e+01
6.629840850830078125e+00 -1.457507991790771484e+01
1.011115570068359375e+02 1.982417106628417969e+00
-1.263687515258789062e+01 8.458418273925781250e+01
-1.283175849914550781e+01 7.901081085205078125e+01
-6.026824188232421875e+01 -1.281370162963867188e+01
5.389253234863281250e+01 -1.297700309753417969e+01
1.417652249336242676e+00 6.318095016479492188e+01
-1.601621627807617188e+01 3.591769027709960938e+01
7.007258605957031250e+01 -2.075022315979003906e+01
-6.024734020233154297e+00 7.069338989257812500e+01
-1.504176998138427734e+01 -3.579255676269531250e+01
6.819456481933593750e+01 -1.205772399902343750e+01
2.316281127929687500e+01 6.261259460449218750e+01
-1.919747924804687500e+01 -3.903923034667968750e+01
-3.077586650848388672e+00 -2.312741470336914062e+01
-1.376668739318847656e+01 -3.913706588745117188e+01
-1.176520919799804688e+01 5.774854660034179688e+01
4.633522033691406250e+01 -7.573947310447692871e-02
2.933900117874145508e+00 7.341086578369140625e+01
8.872499084472656250e+01 -1.911484146118164062e+01
-3.805201053619384766e+00 7.577992248535156250e+01
7.144618225097656250e+01 -7.041197299957275391e+00
7.090437316894531250e+01 -1.316054725646972656e+01
3.460930252075195312e+01 -3.483703994750976562e+01
-2.373643302917480469e+01 2.516022682189941406e+01
-1.085877513885498047e+01 7.646234130859375000e+01
5.991736221313476562e+01 6.119306087493896484e+00
1.114284973144531250e+02 -2.275214576721191406e+01
-4.662816047668457031e+00 5.710713195800781250e+01
-3.775532171130180359e-02 6.761483001708984375e+01
7.738769531250000000e+01 1.037235450744628906e+01
6.622949981689453125e+01 -3.408641052246093750e+01
6.592737579345703125e+01 -5.484876632690429688e-01
6.672453308105468750e+01 -1.324354767799377441e+00
4.276969146728515625e+01 -4.184326171875000000e+01
-6.490961074829101562e+00 6.207445144653320312e+01
2.738155555725097656e+01 3.127409934997558594e+01
6.667383575439453125e+01 1.637998962402343750e+01
1.806037521362304688e+01 6.071368789672851562e+01
5.747413253784179688e+01 1.838234710693359375e+01
8.121502685546875000e+01 -2.378987312316894531e+00
5.086700439453125000e+01 9.345395088195800781e+00
-4.563957214355468750e+01 7.916650295257568359e+00
9.516356587409973145e-01 -2.292253112792968750e+01
4.282912063598632812e+01 1.451675224304199219e+01
3.754413986206054688e+01 1.508567047119140625e+01
-2.298728179931640625e+01 5.753721618652343750e+01
-4.406473636627197266e+00 5.843606567382812500e+01
2.488693428039550781e+01 -5.270125865936279297e+00
-1.550806236267089844e+01 6.240516662597656250e+01
-1.542076969146728516e+01 5.211166381835937500e+01
-1.597416973114013672e+01 5.777924346923828125e+01
-5.893676280975341797e+00 7.888550567626953125e+01
6.011323165893554688e+01 2.789418792724609375e+01
4.792799377441406250e+01 -3.058441734313964844e+01
-1.400034141540527344e+01 -3.753231048583984375e+01
4.207528305053710938e+01 1.525009346008300781e+01
-1.049408435821533203e+01 6.758242797851562500e+01
2.418586158752441406e+01 6.692145538330078125e+01
-2.052298927307128906e+01 7.130992126464843750e+01
1.300763130187988281e+01 -2.331035804748535156e+01
-1.517412567138671875e+01 7.862819671630859375e+01
7.007056427001953125e+01 8.413059234619140625e+00
-5.213493347167968750e+01 -8.334800720214843750e+00
6.760384368896484375e+01 1.390738391876220703e+01
5.560138320922851562e+01 4.177402877807617188e+01
-7.713820934295654297e+00 8.340913391113281250e+01
-6.523525238037109375e+01 2.729167938232421875e+01
5.193672943115234375e+01 2.697411155700683594e+01
-2.284388351440429688e+01 4.815875244140625000e+01
5.764715957641601562e+01 -3.567406845092773438e+01
-1.771431159973144531e+01 6.395428085327148438e+01
-2.183792304992675781e+01 5.166413497924804688e+01
-8.635569572448730469e+00 5.103304672241210938e+01
1.016295547485351562e+02 -2.546471023559570312e+01
4.079955291748046875e+01 2.791333961486816406e+01
-4.964108657836914062e+01 1.626494979858398438e+01
-1.253911876678466797e+01 7.303455352783203125e+01
-1.377860450744628906e+01 4.802157592773437500e+01
6.291186523437500000e+01 8.910993576049804688e+00
-1.286955070495605469e+01 5.077444839477539062e+01
-3.400921821594238281e+00 5.960713958740234375e+01
8.554806518554687500e+01 1.632218599319458008e+00
6.361029052734375000e+01 1.821092987060546875e+01
5.786852645874023438e+01 -1.569232940673828125e+01
-5.389349365234375000e+01 2.242770195007324219e+01
-5.097867202758789062e+01 2.413813400268554688e+01
-8.553618621826171875e+01 1.817674636840820312e+01
9.179483795166015625e+01 -2.730947494506835938e+01
8.328537750244140625e+01 -4.591504096984863281e+00
8.883386230468750000e+01 -1.183552837371826172e+01
6.743022918701171875e+01 -1.881434249877929688e+01
-8.087630462646484375e+01 -1.651615142822265625e+01
7.555693817138671875e+01 5.944238901138305664e-01
3.844917678833007812e+01 -2.599288368225097656e+01
3.806982040405273438e+00 6.026049804687500000e+01
6.673924922943115234e-01 6.587950897216796875e+01
5.842228317260742188e+01 -3.817269897460937500e+01
5.224442672729492188e+01 -5.117092132568359375e+00
4.709619522094726562e+01 2.458503341674804688e+01
3.814955139160156250e+01 -2.916066741943359375e+01
-1.009097003936767578e+01 8.038630676269531250e+01
3.892141723632812500e+01 -8.409054756164550781e+00
-1.838540077209472656e+01 4.970250701904296875e+01
6.760338306427001953e+00 -2.178330421447753906e+01
2.632197952270507812e+01 2.624193382263183594e+01
3.048691749572753906e+01 -1.179533481597900391e+01
4.463830947875976562e+01 2.901366233825683594e+01
-1.392163181304931641e+01 7.059679412841796875e+01
4.578186035156250000e+01 -2.969827842712402344e+01
-5.014949035644531250e+01 -9.404096603393554688e+00
7.026308441162109375e+01 -4.668827533721923828e+00
1.011912460327148438e+02 -1.175918006896972656e+01
-1.729410362243652344e+01 6.454447937011718750e+01
1.439765453338623047e+00 6.673600769042968750e+01
1.076010131835937500e+02 -2.619269561767578125e+01
-2.010551261901855469e+01 6.478398895263671875e+01
-3.748735427856445312e+00 6.739392852783203125e+01
-7.947859191894531250e+01 1.086116600036621094e+01
-7.768408203125000000e+01 -2.205101013183593750e+01
1.823036193847656250e+01 6.419276428222656250e+01
-1.445601177215576172e+01 3.851307392120361328e+00
5.255002593994140625e+01 1.287804603576660156e+01
1.389136433601379395e+00 7.490626525878906250e+01
4.661958694458007812e+01 2.964944267272949219e+01
-4.373805522918701172e+00 7.809441375732421875e+01
-2.912158775329589844e+01 5.435586547851562500e+01
9.193162536621093750e+01 -2.584494590759277344e+01
4.617924499511718750e+01 -2.226097297668457031e+01
-4.816330909729003906e+00 6.471713256835937500e+01
6.276485824584960938e+01 2.378777503967285156e+01
6.042747879028320312e+01 -3.358280944824218750e+01
6.510426330566406250e+01 -1.408908081054687500e+01
6.491883850097656250e+01 2.267428970336914062e+01
-1.540684413909912109e+01 5.267991256713867188e+01
-6.625189304351806641e+00 7.745436096191406250e+01
-3.772656250000000000e+01 -2.774625205993652344e+01
-9.179789543151855469e+00 4.785336685180664062e+01
2.976383781433105469e+01 -2.574728012084960938e+01
7.226279449462890625e+01 1.115829372406005859e+01
6.468949127197265625e+01 2.316610527038574219e+01
6.288143920898437500e+01 2.207818412780761719e+01
4.256192016601562500e+01 -3.976021194458007812e+01
2.504616928100585938e+01 6.670455932617187500e+00
1.865692853927612305e+00 5.607934951782226562e+01
8.038523864746093750e+01 1.759750175476074219e+01
3.965668106079101562e+01 3.071793365478515625e+01
-1.424465560913085938e+01 5.855185317993164062e+01
7.897154235839843750e+01 9.443552970886230469e+00
1.012115097045898438e+02 -1.231781768798828125e+01
-3.165927886962890625e+01 -3.936849975585937500e+01
-2.493103027343750000e+01 3.848207092285156250e+01
1.357092708349227905e-01 7.977098846435546875e+01
6.065375137329101562e+01 -1.089151000976562500e+01
1.025408706665039062e+02 -3.320567703247070312e+01
-9.685324668884277344e+00 7.292214965820312500e+01
-5.575118255615234375e+01 -9.970081329345703125e+00
8.940181732177734375e+01 -1.322229671478271484e+01
-1.096048355102539062e+01 -3.835861206054687500e+01
1.124212341308593750e+02 -2.238508033752441406e+01
-1.898438644409179688e+01 6.411929321289062500e+01
6.321585464477539062e+01 1.452428245544433594e+01
-2.872273826599121094e+01 -1.493106651306152344e+01
4.815819168090820312e+01 2.904095649719238281e+00
-4.456021881103515625e+01 1.093501663208007812e+01
3.822671508789062500e+01 1.706924819946289062e+01
6.105588150024414062e+01 9.417960166931152344e+00
-1.657741355895996094e+01 4.519277572631835938e+01
7.434996795654296875e+01 -2.547735691070556641e+00
8.963289642333984375e+01 1.443714237213134766e+01
6.586366271972656250e+01 -1.029896068572998047e+01
7.670796203613281250e+01 -8.573666572570800781e+00
4.572994232177734375e+01 -1.454334449768066406e+01
7.134689331054687500e+01 -9.940859794616699219e+00
-2.047870635986328125e+01 5.020719146728515625e+01
-2.550873947143554688e+01 -3.021662139892578125e+01
-3.601396179199218750e+01 -1.965153312683105469e+01
6.422223663330078125e+01 1.509002017974853516e+01
9.674445343017578125e+01 -2.471634101867675781e+01
2.382234096527099609e+00 6.554129791259765625e+01
-1.548558521270751953e+01 -3.757664871215820312e+01
6.240723419189453125e+01 -2.628947639465332031e+01
-4.209543704986572266e+00 -1.527199459075927734e+01
5.374356842041015625e+01 3.506616210937500000e+01
8.119254302978515625e+01 6.974007606506347656e+00
2.085831642150878906e+01 6.355589294433593750e+01
-1.897901535034179688e+01 5.275547027587890625e+01
-9.405123710632324219e+00 7.914801788330078125e+01
2.566591072082519531e+01 6.046186828613281250e+01
5.447632217407226562e+01 3.675978469848632812e+01
-4.166391372680664062e+00 6.306393814086914062e+01
2.667309379577636719e+01 2.868781280517578125e+01
5.397734642028808594e-01 6.556404113769531250e+01
-1.586143207550048828e+01 8.229618072509765625e+01
2.901417732238769531e+00 -1.181855869293212891e+01
-8.191138505935668945e-01 5.696741485595703125e+01
8.423931884765625000e+01 -1.697385025024414062e+01
6.007734680175781250e+01 2.796637916564941406e+01
-9.517250061035156250e+00 6.287275314331054688e+01
4.017284393310546875e+00 5.968770599365234375e+01
4.093033981323242188e+01 1.028314590454101562e+01
5.466786956787109375e+01 4.210998153686523438e+01
3.797102355957031250e+01 -2.278180694580078125e+01
3.986750793457031250e+01 1.217298030853271484e+01
-2.533870315551757812e+01 4.739101409912109375e+01
8.348436737060546875e+01 -2.448938608169555664e+00
4.636589813232421875e+01 -2.429550743103027344e+01
2.120002746582031250e+01 6.649407196044921875e+01
-4.818772506713867188e+01 3.215205383300781250e+01
-1.845423698425292969e+01 6.217475891113281250e+01
4.373855209350585938e+01 3.208711624145507812e+01
2.513070106506347656e+01 2.022259235382080078e+00
-7.270886230468750000e+01 2.329704666137695312e+01
-4.852241516113281250e+01 1.384954166412353516e+01
7.781221771240234375e+01 -6.344325065612792969e+00
-2.339070892333984375e+01 -2.637417078018188477e+00
-1.832474517822265625e+01 6.833896636962890625e+01
-3.703137969970703125e+01 1.024708366394042969e+01
-1.217392802238464355e+00 -2.821821928024291992e+00
-2.125274276733398438e+01 -2.452891349792480469e+01
-2.299212074279785156e+01 5.452914810180664062e+01
-2.061776542663574219e+01 1.824502944946289062e+01
-3.779526901245117188e+01 -1.540296459197998047e+01
-3.593058776855468750e+01 -1.956133270263671875e+01
3.477073287963867188e+01 -6.947556018829345703e+00
4.368649673461914062e+01 -3.371558487415313721e-01
2.642559051513671875e+01 -3.098305702209472656e+01
4.355796432495117188e+01 3.548532426357269287e-01
-1.184868240356445312e+01 6.126341629028320312e+01
-1.077824783325195312e+01 6.121530151367187500e+01
4.502782344818115234e+00 -2.229477310180664062e+01
4.960981369018554688e+01 3.581885147094726562e+01
7.946409606933593750e+01 -2.011052846908569336e+00
4.618465423583984375e+01 -1.579898595809936523e+00
3.843225479125976562e+01 2.495306777954101562e+01
6.239765930175781250e+01 3.762917327880859375e+01
3.796392059326171875e+01 -3.423396682739257812e+01
-1.791943740844726562e+01 7.627014160156250000e+01
7.174121093750000000e+01 1.608664321899414062e+01
2.620122909545898438e+01 8.322812080383300781e+00
9.327662658691406250e+01 -1.619869995117187500e+01
2.660432243347167969e+01 -2.992958259582519531e+01
-3.882236480712890625e+01 1.881614685058593750e+01
2.681738281250000000e+01 6.598681640625000000e+01
1.972723197937011719e+01 -3.735676288604736328e+00
1.354373359680175781e+01 -9.999759674072265625e+00
-1.098013997077941895e+00 7.343704223632812500e+01
3.577823638916015625e+01 -2.474653244018554688e+01
-5.097872257232666016e+00 6.086239624023437500e+01
-4.941419982910156250e+01 2.139324760437011719e+01
2.463006019592285156e+00 1.551058292388916016e+01
4.492529296875000000e+01 -2.528464317321777344e+01
4.765711593627929688e+01 1.872003936767578125e+01
8.593142700195312500e+01 5.462460517883300781e+00
6.205235671997070312e+01 1.270532894134521484e+01
-1.060407733917236328e+01 4.317921066284179688e+01
2.901550292968750000e+01 -1.207858276367187500e+01
-4.825266647338867188e+01 -2.057852745056152344e+01
2.963761138916015625e+01 2.676016807556152344e+01
4.947493362426757812e+01 2.186199569702148438e+01
8.525384521484375000e+01 -1.507190418243408203e+01
-7.754815101623535156e+00 6.710127258300781250e+01
2.689329338073730469e+01 -1.210858440399169922e+01
3.865276718139648438e+01 -2.373699569702148438e+01
2.803285837173461914e+00 -2.279318046569824219e+01
7.294490051269531250e+01 -2.431500053405761719e+01
-1.782486534118652344e+01 6.877041625976562500e+01
9.866643524169921875e+01 9.124693870544433594e+00
4.822462081909179688e+01 2.914912414550781250e+01
-2.409175491333007812e+01 -1.403563022613525391e+01
-8.988689422607421875e+00 7.100437164306640625e+01
4.719767761230468750e+01 7.912296772003173828e+00
1.327836155891418457e+00 6.320072555541992188e+01
-1.687854003906250000e+01 7.909069824218750000e+01
1.049753723144531250e+02 -2.930918312072753906e+01
9.196384429931640625e+01 -2.221021270751953125e+01
-2.992715597152709961e+00 7.325599670410156250e+01
9.049752807617187500e+01 -2.359779167175292969e+01
-1.726151466369628906e+01 4.667803573608398438e+01
2.607019233703613281e+01 6.511079406738281250e+01
6.908214092254638672e+00 7.127886199951171875e+01
5.725897216796875000e+01 1.706021547317504883e+00
8.808990478515625000e+01 -1.455475902557373047e+01
-1.521369838714599609e+01 -3.909288406372070312e+01
-1.440301322937011719e+01 -3.213291549682617188e+01
-6.302641677856445312e+01 2.097745513916015625e+01
8.557221221923828125e+01 -1.996675682067871094e+01
-3.912232208251953125e+01 1.669238090515136719e+01
4.410314941406250000e+01 3.441978216171264648e+00
4.504692077636718750e+01 1.783071517944335938e+01
5.786727523803710938e+01 -3.876602554321289062e+01
2.434270286560058594e+01 -2.528558921813964844e+01
5.447237396240234375e+01 3.969988250732421875e+01
-3.496124267578125000e+01 1.829430770874023438e+01
6.691566467285156250e+01 -1.153367519378662109e+01
-1.856900787353515625e+01 -2.383369255065917969e+01
4.327247619628906250e+01 2.399674987792968750e+01
4.429065704345703125e+01 1.498063755035400391e+01
4.093997192382812500e+01 2.684445190429687500e+01
-2.981467247009277344e+01 -1.649355125427246094e+01
-1.834677505493164062e+01 1.599559211730957031e+01
3.798192977905273438e+01 2.690855598449707031e+01
-1.089181613922119141e+01 4.378492355346679688e+01
2.675022125244140625e+01 1.163995456695556641e+01
-5.894882583618164062e+01 1.949466323852539062e+01
6.841339111328125000e+01 9.768165588378906250e+00
-7.750127315521240234e+00 4.034069061279296875e+01
-1.191052818298339844e+01 6.251948547363281250e+01
4.241325259208679199e-01 6.397452545166015625e+01
1.808407211303710938e+01 -9.326096534729003906e+00
4.160240173339843750e+01 4.403452396392822266e+00
3.325364685058593750e+01 3.851906204223632812e+01
-2.228640794754028320e+00 5.771696472167968750e+01
-9.179291725158691406e+00 4.783485794067382812e+01
-1.785554504394531250e+01 6.380064010620117188e+01
4.178083419799804688e+01 -4.309775531291961670e-01
5.104923629760742188e+01 3.753670501708984375e+01
-2.258166503906250000e+01 4.985354995727539062e+01
2.416837120056152344e+01 3.557080841064453125e+01
-6.649056434631347656e+00 7.386404418945312500e+01
4.390474700927734375e+01 3.755361795425415039e+00
-1.380833625793457031e+01 7.659840393066406250e+01
5.935985946655273438e+01 -2.165632963180541992e+00
-1.697616195678710938e+01 4.293451309204101562e+01
-1.757025527954101562e+01 4.304219055175781250e+01
7.485614013671875000e+01 -7.367887020111083984e+00
3.774241638183593750e+01 -2.553832817077636719e+01
-9.973220825195312500e+00 -3.703773880004882812e+01
2.608663177490234375e+01 1.415168762207031250e+01
9.055538177490234375e+01 -2.163861513137817383e+00
-1.595695686340332031e+01 6.002462387084960938e+01
2.884621429443359375e+01 6.658981323242187500e+01
6.623639678955078125e+01 2.662235641479492188e+01
3.710333633422851562e+01 3.704573059082031250e+01
9.652847290039062500e+01 1.755656003952026367e+00
2.323585891723632812e+01 6.410269165039062500e+01
-6.162025451660156250e+00 6.685981750488281250e+01
-5.223479270935058594e+00 -8.430170059204101562e+00
8.838979339599609375e+01 -1.438122367858886719e+01
2.934615135192871094e+00 -2.266296386718750000e+01
4.666725158691406250e+01 -3.231227493286132812e+01
5.752574539184570312e+01 -2.696793365478515625e+01
-6.881198883056640625e+01 1.577156734466552734e+01
-3.526822662353515625e+01 -3.073307800292968750e+01
4.782846069335937500e+01 -1.036410927772521973e+00
3.350365447998046875e+01 3.525794601440429688e+01
-4.965345001220703125e+01 2.731968641281127930e+00
-1.305498600006103516e+01 1.993918776512145996e+00
2.521406364440917969e+01 6.618358612060546875e+01
-1.095378684997558594e+01 7.622419738769531250e+01
3.702878570556640625e+01 1.993579101562500000e+01
1.043105621337890625e+02 -1.359524345397949219e+01
4.525964355468750000e+01 -1.737499618530273438e+01
-3.383855056762695312e+01 -4.968031311035156250e+01
-3.997059106826782227e+00 5.281593799591064453e+00
-2.042661857604980469e+01 1.584643745422363281e+01
9.566800689697265625e+01 3.333711326122283936e-01
-4.148065447807312012e-01 6.989585113525390625e+01
4.614193916320800781e+00 6.528819274902343750e+01
-7.283793449401855469e+00 7.647019195556640625e+01
-4.088702392578125000e+01 1.732180595397949219e+01
2.915523910522460938e+01 2.767234992980957031e+01
1.055839385986328125e+02 -2.435600852966308594e+01
-1.611730694770812988e+00 7.661003875732421875e+01
-2.068708419799804688e+01 8.776051521301269531e+00
4.098929214477539062e+01 4.639565944671630859e+00
6.741712951660156250e+01 2.659216499328613281e+01
5.676873779296875000e+01 1.841456985473632812e+01
2.521992111206054688e+01 6.178412628173828125e+01
9.770167541503906250e+01 -2.433118057250976562e+01
-1.120008563995361328e+01 6.487245941162109375e+01
4.870178985595703125e+01 -3.459029388427734375e+01
-1.391876125335693359e+01 6.283005523681640625e+01
3.035179138183593750e+01 2.653560066223144531e+01
9.435118865966796875e+01 -2.897559928894042969e+01
6.557907867431640625e+01 1.156570243835449219e+01
3.589390182495117188e+01 3.348748397827148438e+01
-7.771839141845703125e+01 -3.817266082763671875e+01
-1.460757160186767578e+01 7.544689941406250000e+01
1.104795150756835938e+02 -1.957173156738281250e+01
6.316041564941406250e+01 7.318174839019775391e-02
4.312781143188476562e+01 -2.057348060607910156e+01
-2.826593971252441406e+01 2.778428459167480469e+01
1.059492568969726562e+02 -2.700798797607421875e+01
7.525852203369140625e+01 -1.024896430969238281e+01
-1.414600276947021484e+01 -8.202889442443847656e+00
-8.918939590454101562e+00 6.031525039672851562e+01
-9.576129317283630371e-01 7.223689270019531250e+01
-1.627325057983398438e+01 5.086443710327148438e+01
-2.004448699951171875e+01 -3.788494348526000977e+00
6.246168518066406250e+01 3.755839920043945312e+01
-5.157604694366455078e+00 -3.059047126770019531e+01
-2.786609458923339844e+01 1.272097492218017578e+01
6.562075042724609375e+01 -8.306532859802246094e+00
2.034841537475585938e+01 6.759321594238281250e+01
4.133736133575439453e+00 -1.835204696655273438e+01
2.077416801452636719e+01 6.886449432373046875e+01
-1.548607730865478516e+01 -1.683705520629882812e+01
9.179689788818359375e+01 2.879988908767700195e+00
-1.363262653350830078e+00 5.561114501953125000e+01
6.097567749023437500e+01 1.075666522979736328e+01
3.295560836791992188e+01 -2.702595710754394531e+01
8.956311035156250000e+01 -1.285647583007812500e+01
-3.522807598114013672e+00 8.051908874511718750e+01
2.552537345886230469e+01 -2.883796501159667969e+01
4.263051605224609375e+01 4.084870147705078125e+01
5.062866210937500000e+01 -4.751081943511962891e+00
-2.991130113601684570e+00 -2.049257087707519531e+01
-6.088359832763671875e+00 5.409523010253906250e+01
2.069879150390625000e+01 6.340555572509765625e+01
-5.103076171875000000e+01 -1.133328080177307129e+00
-2.788546371459960938e+01 2.953467750549316406e+01
9.586781311035156250e+01 6.506195068359375000e+00
-1.993264389038085938e+01 3.774461364746093750e+01
6.970228576660156250e+01 1.618072891235351562e+01
6.113024139404296875e+01 3.117775201797485352e+00
-7.253852844238281250e+01 -1.197341442108154297e+01
8.743837738037109375e+01 9.637965202331542969e+00
8.144728088378906250e+01 1.483264636993408203e+01
4.170314025878906250e+01 1.825106430053710938e+01
-4.140936279296875000e+01 -4.317700386047363281e+00
-2.028485107421875000e+01 4.288991165161132812e+01
2.619379425048828125e+01 6.595249176025390625e+01
2.958573532104492188e+01 4.065484619140625000e+01
2.279617881774902344e+01 6.480028533935546875e+01
-6.692282867431640625e+01 4.901154339313507080e-01
9.182578086853027344e+00 -1.180701851844787598e+00
-5.765334606170654297e+00 8.086916351318359375e+01
-1.495391273498535156e+01 4.234238052368164062e+01
4.923797607421875000e+01 -1.929571342468261719e+01
5.225935745239257812e+01 1.469435214996337891e+00
-7.327838134765625000e+01 3.067350769042968750e+01
7.481568908691406250e+01 -3.219405889511108398e+00
-1.596250343322753906e+01 5.999991989135742188e+01
3.537133407592773438e+01 -2.653153991699218750e+01
4.573933029174804688e+01 2.807504653930664062e+01
-2.338890647888183594e+01 2.108678579330444336e+00
-2.977351188659667969e+01 2.305914115905761719e+01
4.310366439819335938e+01 3.556180572509765625e+01
2.623004150390625000e+01 2.618297386169433594e+01
3.870392227172851562e+01 3.620498657226562500e+01
5.849065017700195312e+01 -3.074712181091308594e+01
7.088092041015625000e+01 -2.259675407409667969e+01
3.118761062622070312e+01 3.224740982055664062e+01
4.410096740722656250e+01 2.990142822265625000e+01
5.067960739135742188e+01 2.177063751220703125e+01
4.213730239868164062e+01 -2.305227661132812500e+01
-4.615663528442382812e+00 7.453888702392578125e+01
5.976611328125000000e+01 2.288003540039062500e+01
6.180434799194335938e+01 2.194825553894042969e+01
8.290159606933593750e+01 1.533066511154174805e+00
9.629496765136718750e+01 -1.769452285766601562e+01
3.952603912353515625e+01 2.472363281250000000e+01
4.318976211547851562e+01 3.555752182006835938e+01
-5.591129302978515625e+01 3.058674240112304688e+01
2.846877098083496094e+01 3.148573875427246094e+01
8.360916137695312500e+01 -7.855156421661376953e+00
3.873251724243164062e+01 -1.865706062316894531e+01
4.066859054565429688e+01 -2.023892784118652344e+01
1.961104011535644531e+01 6.951969146728515625e+01
-5.548036956787109375e+01 -7.968814849853515625e+00
7.290021514892578125e+01 -6.974674224853515625e+00
-1.237612438201904297e+01 -2.595613670349121094e+01
1.933170509338378906e+01 6.561608886718750000e+01
3.617909622192382812e+01 8.542890548706054688e+00
-3.986663818359375000e+00 7.469284820556640625e+01
8.821216583251953125e+01 -2.094692993164062500e+01
4.934804153442382812e+01 2.315035247802734375e+01
4.218561935424804688e+01 1.681121253967285156e+01
5.846141433715820312e+01 1.287835311889648438e+01
2.657721710205078125e+01 6.918142700195312500e+01
6.912373352050781250e+01 -2.033528709411621094e+01
-2.014338493347167969e+00 6.339355850219726562e+01
-3.453893899917602539e+00 7.141318511962890625e+01
-5.621578693389892578e-01 5.368746948242187500e+01
1.017132034301757812e+02 4.269870758056640625e+00
-6.180594635009765625e+01 2.127891159057617188e+01
5.488438796997070312e+01 -1.052697062492370605e+00
-8.113506317138671875e+00 4.902907943725585938e+01
4.819462966918945312e+01 -8.524276733398437500e+00
4.542291259765625000e+01 2.912639808654785156e+01
-7.058793640136718750e+01 3.252887725830078125e+01
1.026095809936523438e+02 -2.924510955810546875e+01
1.046216812133789062e+02 -5.878021240234375000e+00
-2.414446067810058594e+01 4.729396057128906250e+01
1.018105220794677734e+01 -2.082614707946777344e+01
-1.635139274597167969e+01 5.311982345581054688e+01
7.483594512939453125e+01 6.758641719818115234e+00
3.679388046264648438e+01 3.522864913940429688e+01
2.898946380615234375e+01 -1.010068225860595703e+01
-1.179019451141357422e+01 4.567358016967773438e+01
5.240207672119140625e+01 -7.552532196044921875e+00
-1.577700710296630859e+01 4.826408004760742188e+01
3.416440963745117188e+01 1.258130073547363281e+01
5.451078414916992188e+01 3.891289901733398438e+01
-5.780006885528564453e+00 5.518273162841796875e+01
-5.260310745239257812e+01 -5.938836574554443359e+00
-1.787862205505371094e+01 5.355266952514648438e+01
-1.148041439056396484e+01 -2.591700077056884766e+00
-3.614004611968994141e+00 6.440312194824218750e+01
-6.692683410644531250e+01 1.655223655700683594e+01
-8.678335189819335938e+00 6.272782516479492188e+01
3.872889328002929688e+01 1.835050392150878906e+01
-5.028619384765625000e+01 2.236775970458984375e+01
2.750086784362792969e+01 -1.404141998291015625e+01
4.242120361328125000e+01 -2.338091278076171875e+01
-6.000630569458007812e+01 1.799678230285644531e+01
-1.897736740112304688e+01 6.413837432861328125e+01
-5.999694347381591797e+00 6.637385559082031250e+01
9.248791503906250000e+01 2.742570400238037109e+00
-2.108421325683593750e+00 7.223800659179687500e+01
2.223011207580566406e+01 6.555158233642578125e+01
-1.037302684783935547e+01 7.993442535400390625e+01
-8.133333587646484375e+01 -1.375463867187500000e+01
-6.857463073730468750e+01 -1.733854675292968750e+01
6.451383209228515625e+01 2.932389974594116211e+00
8.816643524169921875e+01 -3.017789077758789062e+01
-5.973460674285888672e+00 7.634674835205078125e+01
-2.933442115783691406e+01 -6.364976406097412109e+00
5.366396331787109375e+01 7.330838203430175781e+00
1.055303192138671875e+02 3.445972919464111328e+00
3.768564987182617188e+01 9.513601303100585938e+00
8.866912841796875000e+01 1.720352745056152344e+01
4.724671173095703125e+01 -3.221170043945312500e+01
4.125191879272460938e+01 -1.819715309143066406e+01
3.688533401489257812e+01 -2.168070030212402344e+01
-1.445761442184448242e+00 6.924707031250000000e+01
-3.923972845077514648e+00 5.910177993774414062e+01
-1.355109786987304688e+01 7.439604187011718750e+01
3.591446685791015625e+01 3.826965713500976562e+01
-5.761696338653564453e+00 5.845159149169921875e+01
1.046711273193359375e+02 2.563212394714355469e+00
8.868202972412109375e+01 -2.802744102478027344e+01
8.750254821777343750e+01 -2.726099777221679688e+01
5.954791259765625000e+01 1.627143287658691406e+01
7.244284820556640625e+01 1.310796356201171875e+01
-1.716971778869628906e+01 6.066704940795898438e+01
-2.963296699523925781e+01 3.616159057617187500e+01
-1.197364521026611328e+01 7.746962738037109375e+01
-1.327823734283447266e+01 2.941982078552246094e+01
-1.322967338562011719e+01 2.967378044128417969e+01
-1.150318241119384766e+01 -6.617882251739501953e+00
-3.801242065429687500e+01 1.384645938873291016e+01
-1.261572933197021484e+01 8.454621124267578125e+01
2.833803176879882812e+01 4.370104312896728516e+00
-6.004545974731445312e+01 -3.099406433105468750e+01
-3.850824737548828125e+01 4.968522071838378906e+00
-5.549037170410156250e+01 -1.411728858947753906e+01
5.363135147094726562e+01 7.643177986145019531e+00
-5.433163452148437500e+01 -3.234828948974609375e+01
-1.293467617034912109e+01 2.554997062683105469e+01
3.626205444335937500e+01 -2.231957244873046875e+01
4.676353073120117188e+01 -2.584104919433593750e+01
-1.167130374908447266e+01 6.974444580078125000e+01
-6.562706756591796875e+01 1.352607536315917969e+01
7.414172363281250000e+01 -9.888257026672363281e+00
4.621755218505859375e+01 2.371403121948242188e+01
-1.703333282470703125e+01 3.203224563598632812e+01
1.067420349121093750e+02 -2.952124214172363281e+01
-1.183569240570068359e+01 -3.569563674926757812e+01
4.519238281250000000e+01 -1.240570831298828125e+01
6.705377197265625000e+01 -3.126468086242675781e+01
-2.391237497329711914e+00 7.975707244873046875e+01
-1.617047882080078125e+01 6.931095123291015625e+01
-6.577787017822265625e+01 2.651879310607910156e+01
4.892904281616210938e+01 2.228817939758300781e+01
2.983606147766113281e+01 3.072655105590820312e+01
4.075566482543945312e+01 2.538495254516601562e+01
1.199375033378601074e+00 4.901045608520507812e+01
-7.492171478271484375e+01 2.178561019897460938e+01
6.652041625976562500e+01 2.033786582946777344e+01
2.541473007202148438e+01 1.528216648101806641e+01
3.837588882446289062e+01 3.278578567504882812e+01
5.514463043212890625e+01 4.085514831542968750e+01
5.110776519775390625e+01 -6.502483844757080078e+00
-1.211250686645507812e+01 -6.586636543273925781e+00
5.960771179199218750e+01 2.180221748352050781e+01
4.525296020507812500e+01 -3.258289718627929688e+01
-2.180279541015625000e+01 6.081832122802734375e+01
4.086266708374023438e+01 9.779616355895996094e+00
3.732395553588867188e+01 2.971978187561035156e+01
7.062503814697265625e+01 5.904051303863525391e+00
-5.832153701782226562e+01 -2.501758193969726562e+01
4.606602859497070312e+01 -3.543780136108398438e+01
7.298371124267578125e+01 1.864912033081054688e+01
-5.762430953979492188e+01 -4.639415740966796875e+01
4.801940155029296875e+01 3.305335998535156250e+01
5.870044708251953125e+01 4.062672138214111328e+00
4.824351119995117188e+01 1.388515758514404297e+01
4.005094528198242188e+01 3.396136093139648438e+01
7.101258850097656250e+01 1.778520011901855469e+01
3.386633300781250000e+01 -8.348549842834472656e+00
6.793489837646484375e+01 -7.014613747596740723e-01
4.091468048095703125e+01 3.244038391113281250e+01
-4.915312194824218750e+01 2.094008064270019531e+01
3.910092544555664062e+01 -1.412940883636474609e+01
-4.471818161010742188e+01 1.080665016174316406e+01
-5.468034744262695312e+00 5.097991943359375000e+01
-7.001277923583984375e+01 -5.184980773925781250e+01
3.072482109069824219e+01 4.391737461090087891e+00
2.176868629455566406e+01 6.467448425292968750e+01
9.982596635818481445e-01 7.844161987304687500e+01
4.126477813720703125e+01 2.778170967102050781e+01
1.002468185424804688e+02 -9.966671943664550781e+00
9.338831329345703125e+01 -2.521737861633300781e+01
-3.318880081176757812e+01 1.392279529571533203e+01
3.930204772949218750e+01 -1.528727531433105469e+01
8.454152679443359375e+01 -1.752461051940917969e+01
4.263303756713867188e+01 4.084566497802734375e+01
-8.831513404846191406e+00 4.816603469848632812e+01
3.643837738037109375e+01 3.283560562133789062e+01
6.521257019042968750e+01 -2.937209892272949219e+01
-2.117373704910278320e+00 5.853172683715820312e+01
3.611751937866210938e+01 -2.286614799499511719e+01
6.897854614257812500e+01 -1.470941925048828125e+01
5.846713638305664062e+01 6.936393737792968750e+00
3.701573562622070312e+01 3.258735275268554688e+01
9.960087585449218750e+01 -1.992169952392578125e+01
2.672621726989746094e+01 6.681199645996093750e+01
-4.191858673095703125e+01 3.742414855957031250e+01
1.736233901977539062e+01 6.678907012939453125e+01
-2.325330018997192383e+00 6.644854736328125000e+01
4.082107543945312500e+01 -2.516427803039550781e+01
5.637022018432617188e+01 6.198647499084472656e+00
4.388439178466796875e+01 -1.562158107757568359e+01
4.113904190063476562e+01 1.544806671142578125e+01
2.270004463195800781e+01 -5.763837337493896484e+00
5.871474838256835938e+01 5.940212249755859375e+00
7.612350463867187500e+01 1.363068771362304688e+01
6.104657363891601562e+01 1.572837352752685547e+01
-2.080861282348632812e+01 3.463134169578552246e-01
-9.222437858581542969e+00 -1.765181541442871094e+00
2.341717720031738281e+01 3.177693939208984375e+01
2.621858978271484375e+01 -1.527206897735595703e+00
2.652758789062500000e+01 -2.803410339355468750e+01
2.899834871292114258e+00 -1.180980873107910156e+01
-1.347167372703552246e+00 7.435075378417968750e+01
-4.081257247924804688e+01 2.328449821472167969e+01
3.266540145874023438e+01 3.068866539001464844e+01
3.804231643676757812e+01 3.167051315307617188e+01
4.712603378295898438e+01 -5.888284683227539062e+00
3.334540176391601562e+01 -9.450632095336914062e+00
8.088426971435546875e+01 4.353421211242675781e+00
-1.350556373596191406e+01 6.036706924438476562e+01
-3.377113342285156250e+01 -8.045701026916503906e+00
5.932087707519531250e+01 -1.085576438903808594e+01
6.556895446777343750e+01 2.261451721191406250e+01
8.104767608642578125e+01 -1.851020622253417969e+01
-4.560815811157226562e+01 -5.229945778846740723e-01
5.980502319335937500e+01 1.523845577239990234e+01
2.446590995788574219e+01 6.346244812011718750e+01
5.057447910308837891e+00 7.459186553955078125e+01
-2.867723226547241211e+00 6.884984588623046875e+01
-2.355091571807861328e+00 7.082945251464843750e+01
9.568597412109375000e+01 -2.265472602844238281e+01
4.030906200408935547e+00 5.901303863525390625e+01
6.786721801757812500e+01 4.330306053161621094e+00
-3.919831466674804688e+01 1.288271236419677734e+01
4.733672714233398438e+01 -4.591066360473632812e+00
9.499730682373046875e+01 -2.280646705627441406e+01
4.813232421875000000e+01 -1.244492244720458984e+01
6.494172668457031250e+01 1.668697166442871094e+01
-1.680382728576660156e+01 6.730731964111328125e+01
-3.649111557006835938e+01 1.937195587158203125e+01
-1.160160660743713379e+00 -3.484617233276367188e+01
4.761188888549804688e+01 1.673582649230957031e+01
-3.608025074005126953e+00 8.092649078369140625e+01
5.968322372436523438e+01 2.077038955688476562e+01
-4.925877761840820312e+01 1.101323509216308594e+01
2.666741561889648438e+01 6.919609069824218750e+01
8.217220306396484375e+01 -2.440249681472778320e+00
1.124277877807617188e+02 -1.831412124633789062e+01
5.968474960327148438e+01 -2.723062515258789062e+01
-5.248859786987304688e+01 1.301999282836914062e+01
-6.487346649169921875e+01 3.559555435180664062e+01
2.709495353698730469e+01 -3.197548484802246094e+01
3.736574935913085938e+01 1.974530792236328125e+01
-5.266970062255859375e+01 2.207091450691223145e-01
2.723791313171386719e+01 -1.322479629516601562e+01
-5.857301712036132812e+01 2.455928039550781250e+01
6.223094177246093750e+01 -1.019617199897766113e+00
2.692417335510253906e+01 -2.557224655151367188e+01
8.082920837402343750e+01 -1.745023846626281738e+00
1.447400927543640137e+00 7.043426513671875000e+01
5.691473007202148438e+01 1.843244171142578125e+01
3.318267059326171875e+01 -3.007814025878906250e+01
-3.353081047534942627e-01 6.109225463867187500e+01
-1.391733455657958984e+01 3.237147521972656250e+01
3.803705215454101562e+01 3.651533126831054688e+01
6.119173049926757812e+01 2.362468719482421875e+01
5.440784835815429688e+01 2.246115493774414062e+01
4.637539672851562500e+01 -1.719433021545410156e+01
3.464971923828125000e+01 2.924926567077636719e+01
6.299724197387695312e+01 2.023772621154785156e+01
-2.025422668457031250e+01 2.045047569274902344e+01
5.330472564697265625e+01 4.140824794769287109e+00
6.413133239746093750e+01 3.535688018798828125e+01
