9.528302764892578125e+01 -3.342334747314453125e+01
2.163453865051269531e+01 8.753710746765136719e+00
3.602102279663085938e+01 -1.348165607452392578e+01
8.125054168701171875e+01 -2.019368171691894531e+01
-8.227207183837890625e+01 -5.463078022003173828e+00
1.033259048461914062e+02 -2.089811134338378906e+01
9.514095306396484375e+01 -3.278683090209960938e+01
6.928755187988281250e+01 -1.868829536437988281e+01
1.031492080688476562e+02 -2.501971244812011719e+01
8.748815155029296875e+01 -3.992403411865234375e+01
7.175695037841796875e+01 -2.258369636535644531e+01
4.173907089233398438e+01 -3.671353530883789062e+01
-4.756250762939453125e+01 -2.957545852661132812e+01
7.903649139404296875e+01 -4.068374633789062500e+01
5.606858062744140625e+01 -1.498755073547363281e+01
2.788962936401367188e+01 -1.304511165618896484e+01
-2.725636959075927734e+00 4.961395263671875000e+01
9.524043273925781250e+01 -3.336749649047851562e+01
-4.263003540039062500e+01 -3.834621810913085938e+01
7.637876892089843750e+01 -3.599235916137695312e+01
3.390894317626953125e+01 -1.216121578216552734e+01
7.605544281005859375e+01 -2.596879959106445312e+01
1.033910369873046875e+02 -2.309293174743652344e+01
7.561335754394531250e+01 -2.484408187866210938e+01
-8.965254974365234375e+01 -2.586405515670776367e+00
4.793719863891601562e+01 -2.280668830871582031e+01
8.483984375000000000e+01 -3.994868087768554688e+01
-7.794518947601318359e+00 4.733780288696289062e+01
6.598311614990234375e+01 1.780718612670898438e+01
9.199404144287109375e+01 -2.356713294982910156e+01
2.904375076293945312e+01 -1.510849094390869141e+01
6.519735717773437500e+01 1.828531265258789062e+01
9.506618499755859375e+01 -3.255682373046875000e+01
9.365643501281738281e+00 7.387456512451171875e+01
7.455540466308593750e+01 -4.016909408569335938e+01
8.347110748291015625e+01 -3.443622207641601562e+01
7.655453491210937500e+01 -4.306188583374023438e+01
1.032393722534179688e+02 -2.160158348083496094e+01
5.922849655151367188e+00 8.259944152832031250e+01
6.562430572509765625e+01 -2.290161895751953125e+01
3.951650619506835938e+01 -1.797036409378051758e+00
-2.920994186401367188e+01 -2.456282043457031250e+01
4.147047424316406250e+01 -3.141059494018554688e+01
7.593885803222656250e+01 -2.615102577209472656e+01
9.397207641601562500e+01 -1.900175666809082031e+01
8.162153625488281250e+01 -8.935904502868652344e+00
1.012746734619140625e+02 -2.230583572387695312e+01
1.019236831665039062e+02 -2.292635345458984375e+01
4.295833206176757812e+01 1.952600860595703125e+01
8.151528167724609375e+01 -4.080080795288085938e+01
-8.508259057998657227e-02 -7.385955333709716797e+00
5.965854644775390625e+01 -3.272231292724609375e+01
1.036004333496093750e+02 -2.212273025512695312e+01
5.516813278198242188e+01 1.361984157562255859e+01
7.730052185058593750e+01 -4.259160614013671875e+01
-3.271356201171875000e+01 5.031882598996162415e-02
3.864327239990234375e+01 -1.765626716613769531e+01
-8.417842864990234375e+00 4.789168548583984375e+01
7.243131256103515625e+01 -2.167925834655761719e+01
1.019721755981445312e+02 -1.910370635986328125e+01
-1.320843815803527832e+00 4.991793060302734375e+01
5.771031188964843750e+01 -1.072727394104003906e+01
-6.648183441162109375e+01 -3.001986122131347656e+01
7.887783050537109375e+01 -4.209339904785156250e+01
5.886416625976562500e+01 -3.376296615600585938e+01
-4.857026290893554688e+01 -4.402638626098632812e+01
4.652229309082031250e+00 5.602719879150390625e+01
-4.993213653564453125e+01 2.732815551757812500e+01
7.229623413085937500e+01 1.147828388214111328e+01
7.779701232910156250e+01 -4.204458236694335938e+01
9.899637603759765625e+01 -1.900687599182128906e+01
7.818090057373046875e+01 -4.083403396606445312e+01
9.471193695068359375e+01 -1.648487854003906250e+01
6.317585754394531250e+01 1.694398498535156250e+01
4.990295028686523438e+01 6.364778995513916016e+00
9.671253967285156250e+01 -1.534438514709472656e+01
-3.636769294738769531e+00 3.682607650756835938e+01
1.009272155761718750e+02 -1.719499206542968750e+01
1.190329360961914062e+01 6.076496887207031250e+01
8.759709167480468750e+01 -3.544839859008789062e+01
4.722473621368408203e+00 4.458996582031250000e+01
6.494989776611328125e+01 -2.871556854248046875e+01
-8.138935089111328125e+00 4.300047683715820312e+01
-4.952204513549804688e+01 1.212297534942626953e+01
-5.706604766845703125e+01 -3.977019882202148438e+01
3.697525787353515625e+01 -3.057790756225585938e+01
3.384367752075195312e+01 6.721475982666015625e+01
6.110896682739257812e+01 -1.000214672088623047e+01
8.537550354003906250e+01 -2.937084388732910156e+01
8.647908782958984375e+01 -3.293255996704101562e+01
-3.554574966430664062e+01 -9.765496253967285156e+00
4.456085968017578125e+01 -2.824044799804687500e+01
4.101545333862304688e+01 -2.074427032470703125e+01
7.395786285400390625e+01 -3.089155006408691406e+01
3.831964492797851562e+01 -2.288228797912597656e+01
9.177347564697265625e+01 -1.845679473876953125e+01
-6.046517848968505859e+00 7.641545104980468750e+01
7.281448364257812500e+01 -4.050464248657226562e+01
4.437172698974609375e+01 1.251565456390380859e+01
6.942339324951171875e+01 -3.344306182861328125e+01
3.730535507202148438e+01 -2.959634590148925781e+01
3.680559539794921875e+01 -2.799269104003906250e+01
-3.750669860839843750e+01 4.511263370513916016e+00
7.238533782958984375e+01 -2.823003196716308594e+01
8.351589202880859375e+01 -1.545730590820312500e+01
6.751452636718750000e+01 -3.342556762695312500e+01
9.845570373535156250e+01 -2.200112915039062500e+01
-1.856075096130371094e+01 2.087877845764160156e+01
-6.170480346679687500e+01 -4.304073333740234375e+01
9.349459075927734375e+01 -1.781164932250976562e+01
8.224315643310546875e+01 -2.795817947387695312e+01
1.014195861816406250e+02 -2.309918212890625000e+01
5.120600128173828125e+01 -2.705964088439941406e+01
9.303674316406250000e+01 -1.498620319366455078e+01
8.546984100341796875e+01 -3.897874069213867188e+01
3.370906066894531250e+01 6.666323089599609375e+01
-2.935078430175781250e+01 2.485593986511230469e+01
7.218630981445312500e+01 -1.143187046051025391e+01
-6.923781585693359375e+01 -2.886135578155517578e+00
1.361643981933593750e+01 7.499929046630859375e+01
4.220602416992187500e+01 -3.622939682006835938e+01
4.950741577148437500e+01 2.637087249755859375e+01
3.105257511138916016e+00 5.539081573486328125e+01
-6.404505157470703125e+01 -2.953251075744628906e+01
3.959098052978515625e+01 -5.350166797637939453e+00
9.761729431152343750e+01 -1.918346977233886719e+01
1.027820892333984375e+02 -1.945934867858886719e+01
7.079969024658203125e+01 -2.186339569091796875e+01
9.202336120605468750e+01 -2.603395652770996094e+01
7.900321960449218750e+01 -1.835341453552246094e+01
-4.474169158935546875e+01 -2.329385757446289062e+01
-1.256053829193115234e+01 9.536594390869140625e+00
7.059754180908203125e+01 -3.579637527465820312e+01
7.736070251464843750e+01 -2.960027933120727539e+00
1.024229583740234375e+02 -2.516293334960937500e+01
8.462919616699218750e+01 -3.582677078247070312e+01
-5.551791381835937500e+01 -3.448027038574218750e+01
-3.481851959228515625e+01 1.522791028022766113e+00
-4.210194396972656250e+01 -7.147427558898925781e+00
9.836657714843750000e+01 -1.692217445373535156e+01
8.569348144531250000e+01 -3.393711853027343750e+01
9.027270507812500000e+01 -1.507293224334716797e+01
-5.652888298034667969e+00 6.922322082519531250e+01
-5.328454971313476562e+01 1.877847099304199219e+01
7.647728729248046875e+01 -2.571478271484375000e+01
9.007354736328125000e+01 -1.489217948913574219e+01
7.603595733642578125e+01 -2.931887054443359375e+01
8.762024688720703125e+01 -3.765398406982421875e+01
3.516808700561523438e+01 -5.953404903411865234e+00
3.974050140380859375e+01 8.101017951965332031e+00
2.732991981506347656e+01 7.254735565185546875e+01
5.887879562377929688e+01 -3.069813919067382812e+01
1.006860275268554688e+02 -2.021897697448730469e+01
9.390084075927734375e+01 -1.609362030029296875e+01
8.227452087402343750e+01 -3.562496185302734375e+01
7.626983642578125000e+01 -1.903374862670898438e+01
8.293268585205078125e+01 -2.153589820861816406e+01
7.541010284423828125e+01 -3.260125350952148438e+01
5.245907592773437500e+01 -2.759549140930175781e+01
9.616387176513671875e+01 -1.816321372985839844e+01
4.612908935546875000e+01 -2.847877883911132812e+01
7.149170684814453125e+01 -2.628576469421386719e+01
9.933343505859375000e+01 -2.731051063537597656e+01
-5.959687042236328125e+01 -5.524018287658691406e+00
5.735843276977539062e+01 1.501289272308349609e+01
4.188586425781250000e+01 -1.366149306297302246e+00
4.813392257690429688e+01 -3.008716773986816406e+01
5.976799392700195312e+01 -9.345442771911621094e+00
9.866883850097656250e+01 -2.044022178649902344e+01
-7.934821605682373047e+00 5.070587158203125000e+01
-8.254276275634765625e+00 7.848919677734375000e+01
3.947508621215820312e+01 -6.440999984741210938e+00
8.714282226562500000e+01 -3.894152450561523438e+01
1.032674255371093750e+02 -2.227176666259765625e+01
-6.442755126953125000e+01 1.375322532653808594e+01
3.720111846923828125e+01 2.459588348865509033e-01
7.117469787597656250e+01 -3.172100830078125000e+01
5.671378326416015625e+01 -3.328566741943359375e+01
4.879064941406250000e+01 1.720667839050292969e+01
-2.996295213699340820e+00 7.866868591308593750e+01
-4.232088088989257812e+00 1.730424880981445312e+01
6.263325119018554688e+01 -3.422908306121826172e+00
5.611562347412109375e+01 -3.292168426513671875e+01
1.023194885253906250e+02 -2.178955459594726562e+01
4.961000442504882812e+01 -3.510656356811523438e+01
2.902890205383300781e+01 7.354608917236328125e+01
6.528462219238281250e+01 -3.095782470703125000e+01
4.441545867919921875e+01 -1.964344596862792969e+01
5.400843811035156250e+01 -3.157388877868652344e+01
-3.163751840591430664e+00 6.829278564453125000e+01
1.696411323547363281e+01 7.311947631835937500e+01
8.387696075439453125e+01 -3.888535308837890625e+01
8.058356475830078125e+01 -1.659621620178222656e+01
8.110330963134765625e+01 -2.354654693603515625e+01
1.018951492309570312e+02 -1.866412544250488281e+01
9.538973236083984375e+01 -1.609141159057617188e+01
2.331229972839355469e+01 -1.257132244110107422e+01
2.608062553405761719e+01 -8.065647482872009277e-01
-6.470921039581298828e+00 4.953761672973632812e+01
6.852779388427734375e+01 -3.238080596923828125e+01
8.430189514160156250e+01 -3.898077011108398438e+01
7.644690704345703125e+01 -3.212326431274414062e+01
7.226560974121093750e+01 9.280184745788574219e+00
4.506737136840820312e+01 -2.320877647399902344e+01
-4.893356704711914062e+01 -1.856971549987792969e+01
6.319409179687500000e+01 8.712862968444824219e+00
5.988906097412109375e+01 -3.416170883178710938e+01
5.851758956909179688e+01 -2.986989212036132812e+01
-6.417700195312500000e+01 -1.249838352203369141e+01
6.511027526855468750e+01 -3.405183029174804688e+01
-8.045046997070312500e+01 5.604398250579833984e+00
6.417740631103515625e+01 1.625459480285644531e+01
7.464492797851562500e+01 -3.836566543579101562e+01
7.277501678466796875e+01 1.221889305114746094e+01
7.296051788330078125e+01 -2.975958633422851562e+01
3.426314544677734375e+01 9.199748039245605469e-01
6.416080474853515625e+01 -8.753762245178222656e+00
5.181172561645507812e+01 2.792096710205078125e+01
6.946836090087890625e+01 -1.088534450531005859e+01
3.376059722900390625e+01 6.972832489013671875e+01
-6.258995437622070312e+01 9.475702047348022461e-01
7.502890777587890625e+01 -1.206419849395751953e+01
1.711397933959960938e+01 7.926965332031250000e+01
7.434054565429687500e+01 -3.862357711791992188e+01
3.204532241821289062e+01 -1.096322250366210938e+01
2.518670463562011719e+01 -1.227111148834228516e+01
2.605563163757324219e+01 3.872871160507202148e+00
3.203031539916992188e+01 -2.545070266723632812e+01
-1.181833553314208984e+01 -1.044261741638183594e+01
6.575466918945312500e+01 1.560681819915771484e+01
4.837550735473632812e+01 -2.818225669860839844e+01
3.206933975219726562e+01 -1.212629508972167969e+01
4.863748931884765625e+01 -2.169541549682617188e+01
1.003669052124023438e+02 -2.612426757812500000e+01
5.957359313964843750e+01 -3.347888183593750000e+01
1.259412574768066406e+01 5.275863647460937500e+01
-7.771236896514892578e+00 4.923023223876953125e+01
3.185699272155761719e+01 9.128486514091491699e-01
5.354783630371093750e+01 -9.340744972229003906e+00
-2.153033065795898438e+01 5.247592926025390625e+00
8.436310577392578125e+01 -3.997198486328125000e+01
4.331452560424804688e+01 -2.857535552978515625e+01
9.553213500976562500e+01 -2.282934570312500000e+01
2.655518531799316406e+00 8.083230590820312500e+01
9.032867431640625000e+01 -2.776100921630859375e+01
8.482273101806640625e+01 -2.748348236083984375e+01
8.747264862060546875e+00 5.879961395263671875e+01
3.049166870117187500e+01 -2.534715843200683594e+01
1.014878692626953125e+02 -2.638981246948242188e+01
2.622104167938232422e+00 5.891933822631835938e+01
4.464130783081054688e+01 -2.838823318481445312e+01
9.795507049560546875e+01 -2.151915168762207031e+01
1.017365570068359375e+02 -2.139263153076171875e+01
3.053556823730468750e+01 -1.251041221618652344e+01
8.402836608886718750e+01 -3.790515899658203125e+01
7.144402313232421875e+01 8.005855560302734375e+00
6.095647811889648438e+01 -1.526208114624023438e+01
8.332426452636718750e+01 -1.362357711791992188e+01
-3.437287902832031250e+01 -1.146754360198974609e+01
1.031423645019531250e+02 -2.374077796936035156e+01
6.637759399414062500e+01 -2.085819244384765625e+01
6.114608001708984375e+01 -3.321269989013671875e+01
8.656004333496093750e+01 -3.849838256835937500e+01
3.976248931884765625e+01 -2.756679534912109375e+01
7.616712951660156250e+01 -4.120228576660156250e+01
9.487234497070312500e+01 -1.770010757446289062e+01
-5.724579620361328125e+01 3.451794052124023438e+01
-5.655378341674804688e+01 -3.812207221984863281e+00
-8.910432815551757812e+00 4.841626358032226562e+01
5.410394287109375000e+01 -2.948037147521972656e+01
7.426977539062500000e+01 -9.567993164062500000e+00
8.316271972656250000e+01 -3.237987899780273438e+01
7.420714569091796875e+01 -2.746413803100585938e+01
7.619879150390625000e+01 -3.956566619873046875e+01
-9.715853333473205566e-01 6.836717224121093750e+01
6.687283325195312500e+01 -3.070120620727539062e+01
4.417925262451171875e+01 -3.023463439941406250e+01
-6.202628326416015625e+01 -2.564971351623535156e+01
8.554472351074218750e+01 -3.554162979125976562e+01
9.217014312744140625e+01 -1.638109588623046875e+01
7.546823883056640625e+01 -3.215282821655273438e+01
9.286067199707031250e+01 -1.639821243286132812e+01
-1.891159892082214355e+00 5.252495574951171875e+01
1.025268707275390625e+02 -2.262039947509765625e+01
3.507521057128906250e+01 7.227873229980468750e+01
6.145156860351562500e+01 3.933247804641723633e+00
1.019189605712890625e+02 -2.066019630432128906e+01
-3.785544586181640625e+01 -2.272887039184570312e+01
4.652534866333007812e+01 -1.478157329559326172e+01
8.534974670410156250e+01 -2.966529464721679688e+01
7.506194305419921875e+01 -3.099904441833496094e+01
4.052908325195312500e+01 2.755085754394531250e+01
-1.751093482971191406e+01 -2.915371131896972656e+01
2.691126060485839844e+01 -7.651822566986083984e+00
-6.781667327880859375e+01 -1.224607658386230469e+01
1.269743061065673828e+01 5.910646820068359375e+01
3.257317352294921875e+01 -1.313288211822509766e+01
9.296388244628906250e+01 -2.118849182128906250e+01
5.873666000366210938e+01 -3.551731872558593750e+01
7.445352172851562500e+01 -2.007494354248046875e+01
4.507218933105468750e+01 -2.628184509277343750e+01
7.511466217041015625e+01 -4.143802261352539062e+01
4.561849975585937500e+01 2.383189773559570312e+01
-5.451708793640136719e+00 7.796498870849609375e+01
4.683304214477539062e+01 -2.876497077941894531e+01
4.555101776123046875e+01 -2.715555000305175781e+01
2.437913513183593750e+01 -9.606387138366699219e+00
9.390295410156250000e+01 -2.726081466674804688e+01
6.592793273925781250e+01 -7.853266239166259766e+00
8.985259246826171875e+01 -2.836395835876464844e+01
6.940456390380859375e+01 2.525110960006713867e+00
1.000815277099609375e+02 -2.488680648803710938e+01
-8.148451232910156250e+01 1.242712211608886719e+01
-1.187238883972167969e+01 1.318726825714111328e+01
6.787921905517578125e+01 1.226499557495117188e+01
7.335851287841796875e+01 -3.121172904968261719e+01
4.820327281951904297e+00 5.809365844726562500e+01
4.236671447753906250e+01 3.759357690811157227e+00
7.515647888183593750e+01 -4.268600082397460938e+01
5.247083663940429688e+01 -2.897310066223144531e+01
6.179257202148437500e+01 -2.565197372436523438e+01
5.305592060089111328e+00 6.238336944580078125e+01
-4.710584640502929688e+00 9.025154113769531250e+00
4.782505798339843750e+01 2.831379318237304688e+01
2.267349433898925781e+01 -1.198514223098754883e+00
-1.347904109954833984e+01 1.492794418334960938e+01
8.665778350830078125e+01 -3.684453201293945312e+01
5.917233657836914062e+01 -3.166125679016113281e+01
4.624995422363281250e+01 5.674320220947265625e+00
7.836921691894531250e+01 -2.145003509521484375e+01
9.417119598388671875e+01 -1.659880638122558594e+01
-8.151499748229980469e+00 6.258650207519531250e+01
1.724466681480407715e+00 7.448890686035156250e+01
4.726970291137695312e+01 -6.058867931365966797e+00
7.123297882080078125e+01 -2.687078666687011719e+01
4.503203582763671875e+01 -3.154490661621093750e+01
-1.597027587890625000e+01 2.592334747314453125e+01
4.184973907470703125e+01 -8.678574562072753906e+00
3.574553680419921875e+01 -8.539146423339843750e+00
7.079943084716796875e+01 -2.468307113647460938e+01
4.402429199218750000e+01 -2.502603340148925781e+01
3.199491882324218750e+01 -2.646909332275390625e+01
8.310839080810546875e+01 -3.024746894836425781e+01
4.552285385131835938e+01 -1.471417617797851562e+01
7.742555236816406250e+01 -3.808660507202148438e+01
9.020204162597656250e+01 -1.682021522521972656e+01
-4.285882472991943359e+00 7.712131500244140625e+01
-4.341268062591552734e+00 6.096856307983398438e+01
6.094942092895507812e+01 -8.274799346923828125e+00
2.327277421951293945e+00 8.224138641357421875e+01
2.067783164978027344e+01 -1.049739265441894531e+01
6.598754119873046875e+01 -3.276681137084960938e+01
6.027896499633789062e+01 -1.918451881408691406e+01
-1.427493572235107422e+00 5.586837768554687500e+01
4.809672546386718750e+01 -3.060660743713378906e+01
5.481935501098632812e+01 3.067753028869628906e+01
4.762583160400390625e+01 2.624115180969238281e+01
3.811383438110351562e+01 -2.515189361572265625e+01
9.872655487060546875e+01 -1.958096885681152344e+01
5.410697174072265625e+01 2.378002357482910156e+01
-4.430267333984375000e+01 -7.635050296783447266e+00
1.016620101928710938e+02 -1.977914619445800781e+01
3.141865539550781250e+01 -7.059034347534179688e+00
9.993547058105468750e+01 -1.964615821838378906e+01
3.255321121215820312e+01 -8.410736083984375000e+00
3.855030298233032227e+00 4.334875106811523438e+01
-6.044195652008056641e+00 4.423423004150390625e+01
5.198954010009765625e+01 -3.420277023315429688e+01
4.643198013305664062e+01 2.165306663513183594e+01
-4.515224838256835938e+01 4.804631233215332031e+00
3.125466346740722656e+01 -1.601294517517089844e+01
-7.243531799316406250e+01 -2.999182128906250000e+01
8.169861602783203125e+01 -2.621504592895507812e+01
-9.435099029541015625e+01 2.567998409271240234e+00
-4.922234344482421875e+01 -6.473903656005859375e-01
4.804689407348632812e+01 2.984220504760742188e+01
7.736280822753906250e+01 -4.099388504028320312e+01
5.227892684936523438e+01 -2.539658737182617188e+01
7.773668670654296875e+01 -3.968594741821289062e+01
-1.931629061698913574e+00 8.369453430175781250e+01
5.158168029785156250e+01 -6.687098741531372070e-01
-3.041197013854980469e+01 -2.368386077880859375e+01
4.658401107788085938e+01 3.046198463439941406e+01
8.272740936279296875e+01 -2.148150253295898438e+01
7.628462219238281250e+01 -2.135024261474609375e+01
7.689797210693359375e+01 -2.196376037597656250e+01
-1.752381706237792969e+01 3.131321525573730469e+01
5.477357482910156250e+01 -2.905776023864746094e+01
8.554206848144531250e+01 -3.686642456054687500e+01
5.745154953002929688e+01 -3.502153015136718750e+01
6.072519779205322266e+00 -3.322073698043823242e+00
4.643489074707031250e+01 -3.009147453308105469e+01
3.033025550842285156e+01 -2.674586677551269531e+01
6.906774902343750000e+01 -3.334597015380859375e+01
1.436195468902587891e+01 -5.039107799530029297e-01
3.020546531677246094e+01 6.950250244140625000e+01
8.845495223999023438e+00 7.816639709472656250e+01
5.222010040283203125e+01 -1.663139343261718750e+01
5.256256866455078125e+01 1.772997856140136719e+01
7.652428436279296875e+01 -2.093691253662109375e+01
4.317993164062500000e+01 1.400637245178222656e+01
4.932613754272460938e+01 2.158144474029541016e+00
1.730598449707031250e+01 -1.164955139160156250e+01
3.955207443237304688e+01 -5.936224937438964844e+00
-4.070685577392578125e+01 -1.377981781959533691e+00
9.701577758789062500e+01 -1.765355491638183594e+01
5.932474899291992188e+01 -1.651640129089355469e+01
9.875259399414062500e+01 -1.863561439514160156e+01
5.784878158569335938e+01 5.176372528076171875e-01
-6.001584053039550781e+00 -5.683449745178222656e+00
6.815580749511718750e+01 -1.319084262847900391e+01
-5.617196655273437500e+01 1.432162857055664062e+01
9.736471557617187500e+01 -2.063689041137695312e+01
6.738307189941406250e+01 -1.612761688232421875e+01
9.229119110107421875e+01 -2.165440750122070312e+01
5.277785110473632812e+01 -1.525129127502441406e+01
-2.131828117370605469e+01 -3.453327560424804688e+01
5.042980194091796875e+01 -2.484332275390625000e+01
7.134572601318359375e+01 1.072472000122070312e+01
7.329621124267578125e+01 -3.861305236816406250e+01
9.474682617187500000e+01 -1.481252861022949219e+01
4.469192886352539062e+01 2.135133552551269531e+01
4.355964279174804688e+01 -2.285983467102050781e+01
-4.267508316040039062e+01 -2.100615024566650391e+00
-9.367962837219238281e+00 7.132916259765625000e+01
9.661914062500000000e+01 -1.641760063171386719e+01
7.600759887695312500e+01 -4.121055603027343750e+01
4.215753936767578125e+01 -3.101404762268066406e+01
3.877064895629882812e+01 9.753332138061523438e-01
7.551982116699218750e+01 -3.158805656433105469e+01
4.322349166870117188e+01 -2.360418319702148438e+01
1.753353118896484375e+01 -1.252646446228027344e+01
3.878643417358398438e+01 -3.151068389415740967e-01
4.189878082275390625e+01 -1.942050743103027344e+01
4.775318908691406250e+01 7.365167617797851562e+00
-3.435983276367187500e+01 -2.101374244689941406e+01
6.876844787597656250e+01 -3.166949844360351562e+01
5.121564483642578125e+01 2.281819534301757812e+01
1.011376113891601562e+02 -1.954195976257324219e+01
6.953636932373046875e+01 -3.846911191940307617e+00
9.151165771484375000e+01 -1.641707229614257812e+01
7.780677795410156250e+01 -2.548992156982421875e+01
3.428126525878906250e+01 6.893587493896484375e+01
5.157115936279296875e+01 -2.042623710632324219e+01
5.819209289550781250e+01 1.374919033050537109e+01
7.576882171630859375e+01 -2.994138526916503906e+01
-8.174227905273437500e+01 6.749262332916259766e+00
-2.132286643981933594e+01 1.880738258361816406e+01
7.705657196044921875e+01 -2.095380973815917969e+01
4.823846817016601562e+01 -1.637512207031250000e+01
6.981536102294921875e+01 -2.378375816345214844e+01
3.161911773681640625e+01 -1.741196632385253906e+00
7.686973571777343750e+01 -4.210523223876953125e+01
7.133663177490234375e+01 2.505673885345458984e+00
9.632952880859375000e+01 -2.735889053344726562e+01
3.636359405517578125e+01 -1.729708290100097656e+01
3.502106857299804688e+01 -2.001787376403808594e+01
3.886899566650390625e+01 -2.022524833679199219e+00
3.684277343750000000e+01 -1.525664997100830078e+01
9.456359863281250000e+01 -1.580000686645507812e+01
9.742533874511718750e+01 -2.198314476013183594e+01
4.337280273437500000e+01 -1.400103187561035156e+01
7.483122253417968750e+01 -1.069278717041015625e+01
5.276402664184570312e+01 -1.420999813079833984e+01
7.508991241455078125e+01 -2.955945205688476562e+01
7.571483612060546875e+01 -4.071705245971679688e+01
4.600775909423828125e+01 -1.412867069244384766e+01
5.955482864379882812e+01 2.057121086120605469e+01
-5.305196762084960938e+01 2.359923934936523438e+01
3.037672996520996094e+00 4.016645812988281250e+01
8.454776763916015625e+01 -3.729208755493164062e+01
4.698773956298828125e+01 -2.135505294799804688e+01
7.342633056640625000e+01 -2.515655326843261719e+01
5.510197830200195312e+01 -3.001794815063476562e+01
4.269419479370117188e+01 -1.697964286804199219e+01
4.637401580810546875e+01 -2.775058555603027344e+01
1.008799362182617188e+02 -2.543830680847167969e+01
-7.851369476318359375e+01 -6.014710903167724609e+00
4.165408706665039062e+01 1.942833662033081055e+00
-5.401043319702148438e+01 2.354883003234863281e+01
5.900437164306640625e+01 1.656646156311035156e+01
3.313022994995117188e+01 -1.986698150634765625e+01
3.420383453369140625e+01 -5.474090576171875000e+00
4.829530334472656250e+01 6.696816921234130859e+00
7.885562896728515625e+01 -3.957159423828125000e+01
4.678764820098876953e+00 7.658489990234375000e+01
7.521195220947265625e+01 -2.842555236816406250e+01
5.765711975097656250e+01 -1.659506559371948242e+00
-5.964568614959716797e+00 4.582800674438476562e+01
-5.983274459838867188e+00 -1.919028472900390625e+01
-3.868359375000000000e+01 -2.113404083251953125e+01
9.214682006835937500e+01 -2.650309371948242188e+01
7.790122985839843750e+01 -3.843214035034179688e+01
-8.454661560058593750e+01 4.026150703430175781e+00
6.604958343505859375e+01 -2.686933994293212891e+00
9.886130523681640625e+01 -2.565366363525390625e+01
5.969730377197265625e+01 1.512972545623779297e+01
7.802272796630859375e+01 -4.020900726318359375e+01
4.924054336547851562e+01 -2.553571319580078125e+01
5.060836410522460938e+01 -3.309982299804687500e+01
-7.278660297393798828e+00 7.142814636230468750e+01
3.781075286865234375e+01 -2.128256988525390625e+01
7.576635742187500000e+01 -3.987419128417968750e+01
-2.717852830886840820e+00 1.587385535240173340e+00
7.383063507080078125e+01 -1.398977375030517578e+01
-9.480715179443359375e+01 -1.605273365974426270e+00
5.112853050231933594e+00 4.139157295227050781e+00
8.096017456054687500e+01 -2.866206169128417969e+01
-3.901322174072265625e+01 2.418842124938964844e+01
4.483324432373046875e+01 2.987828063964843750e+01
9.995431518554687500e+01 -2.391595268249511719e+01
3.633924102783203125e+01 7.459561157226562500e+01
-7.440483093261718750e+01 -7.031393051147460938e+00
-8.903774261474609375e+00 6.771258544921875000e+01
5.998624420166015625e+01 -2.740036773681640625e+01
-7.303592681884765625e+01 -1.611142539978027344e+01
7.184458923339843750e+01 1.115925693511962891e+01
3.890594100952148438e+01 7.225620269775390625e+01
3.561268234252929688e+01 6.907057952880859375e+01
2.867080307006835938e+01 7.039978790283203125e+01
8.117662048339843750e+01 -7.912332534790039062e+00
6.455949401855468750e+01 1.721772384643554688e+01
2.118900680541992188e+01 -1.649289131164550781e+01
-6.717696189880371094e+00 5.375173568725585938e+01
4.131507873535156250e+00 1.969581246376037598e+00
6.371408462524414062e+01 -2.863697624206542969e+01
-4.678123092651367188e+01 7.023498535156250000e+00
5.949551391601562500e+01 -3.110683441162109375e+00
7.306755065917968750e+01 -1.757107925415039062e+01
-5.528240203857421875e+00 5.116450881958007812e+01
8.125931549072265625e+01 -3.539131927490234375e+01
-6.199240112304687500e+01 -3.493001556396484375e+01
5.016351699829101562e+01 2.047164154052734375e+01
6.148974990844726562e+01 -3.407098388671875000e+01
8.532900238037109375e+01 -3.754976654052734375e+01
8.862329483032226562e+00 8.210735321044921875e+01
3.672804260253906250e+01 6.936402916908264160e-01
7.071460723876953125e+01 1.139348316192626953e+01
1.977002334594726562e+01 -4.650662422180175781e+00
8.461074066162109375e+01 -2.646683883666992188e+01
-9.569763541221618652e-01 8.113450622558593750e+01
7.740364837646484375e+01 -4.168991088867187500e+01
7.270750427246093750e+01 1.502701950073242188e+01
6.563964843750000000e+01 1.486977291107177734e+01
3.339821243286132812e+01 -2.259138107299804688e+01
1.475528621673583984e+01 5.590733718872070312e+01
-9.459665417671203613e-01 4.727890014648437500e+01
1.681912803649902344e+01 -1.086764430999755859e+01
-5.308574676513671875e+01 7.332533359527587891e+00
7.990665435791015625e+01 -1.597632026672363281e+01
6.466843128204345703e+00 5.752622985839843750e+01
7.611476898193359375e+01 -3.736006164550781250e+01
-4.124236297607421875e+01 1.895309829711914062e+01
7.713033294677734375e+01 -4.024239730834960938e+01
6.948847961425781250e+01 -1.076379871368408203e+01
6.398693466186523438e+01 1.336301994323730469e+01
6.796881198883056641e+00 5.538541793823242188e+01
2.163335227966308594e+01 -2.539669609069824219e+01
4.479555892944335938e+01 -1.388731479644775391e+01
-3.707441711425781250e+01 -7.752001762390136719e+00
7.474062347412109375e+01 -1.519495964050292969e+01
5.665811920166015625e+01 2.782919311523437500e+01
1.161744403839111328e+01 7.701975250244140625e+01
8.997979736328125000e+01 -2.197772979736328125e+01
-6.136301040649414062e+01 -8.181382179260253906e+00
-6.467790985107421875e+01 -5.707282066345214844e+00
2.743524742126464844e+01 -2.388598203659057617e+00
8.082746887207031250e+01 -1.356412601470947266e+01
8.311645507812500000e+01 -1.458462142944335938e+01
6.795009613037109375e+01 -3.215487670898437500e+01
8.678151702880859375e+01 -3.743877792358398438e+01
3.773566055297851562e+01 -2.602957344055175781e+01
4.930815124511718750e+01 2.487767028808593750e+01
6.379183197021484375e+01 -1.562259006500244141e+01
3.953227233886718750e+01 -2.480315971374511719e+01
6.461209106445312500e+01 1.534090423583984375e+01
4.797884750366210938e+01 -3.231285476684570312e+01
5.206751251220703125e+01 -2.285161972045898438e+01
4.920596313476562500e+01 -2.779819297790527344e+01
1.331540298461914062e+01 7.285797119140625000e+01
1.007960433959960938e+02 -2.444505500793457031e+01
4.236421203613281250e+01 -3.509696578979492188e+01
6.548628234863281250e+01 -1.204369831085205078e+01
3.596089935302734375e+01 -6.296608448028564453e-01
-6.278762340545654297e+00 7.450807189941406250e+01
7.143477630615234375e+01 -9.165611267089843750e+00
3.547403335571289062e+01 6.832629394531250000e+01
4.071203994750976562e+01 -8.030256271362304688e+00
2.609815216064453125e+01 -8.068385720252990723e-01
6.842068481445312500e+01 -1.685741043090820312e+01
-6.434661102294921875e+01 3.077049493789672852e+00
6.483734893798828125e+01 -2.415105819702148438e+01
-3.247151565551757812e+01 -2.524567222595214844e+01
8.982929229736328125e+01 -1.670383644104003906e+01
-1.453470611572265625e+01 -3.666404485702514648e+00
-5.489749908447265625e+01 -2.098002624511718750e+01
6.034522628784179688e+01 -2.518504858016967773e+00
3.767880249023437500e+01 1.738389968872070312e+01
6.560250854492187500e+01 -1.427535533905029297e+01
-9.534050941467285156e+00 5.459969711303710938e+01
-8.602873992919921875e+01 5.473222732543945312e+00
-6.960690498352050781e+00 4.534891891479492188e+01
4.672380447387695312e+01 2.523798370361328125e+01
1.491189384460449219e+01 8.418977355957031250e+01
6.508052062988281250e+01 -3.235917663574218750e+01
4.581715774536132812e+01 1.968212699890136719e+01
6.818553161621093750e+01 -1.070540142059326172e+01
7.086784362792968750e+01 -7.056294918060302734e+00
7.561299896240234375e+01 -3.506953048706054688e+01
3.333481979370117188e+01 5.236389636993408203e-01
-8.262160301208496094e+00 5.630377578735351562e+01
3.520415878295898438e+01 6.979027557373046875e+01
7.693552398681640625e+01 -3.897422790527343750e+01
-2.495948982238769531e+01 -6.584067821502685547e+00
8.578861236572265625e+01 -3.809490966796875000e+01
7.356580352783203125e+01 -3.906065750122070312e+01
5.539012145996093750e+01 -2.977098846435546875e+01
1.008163986206054688e+02 -2.321643066406250000e+01
-5.274368762969970703e+00 5.835799026489257812e+01
9.019909667968750000e+01 -2.232281875610351562e+01
2.362509155273437500e+01 -2.637599754333496094e+01
1.426764202117919922e+01 6.836524200439453125e+01
-3.058840751647949219e+00 7.520074462890625000e+01
4.571223831176757812e+01 -3.876785039901733398e+00
6.681461334228515625e+01 1.296204853057861328e+01
-1.208963990211486816e+00 -7.167097091674804688e+00
-1.118299388885498047e+01 5.458799743652343750e+01
4.897221374511718750e+01 2.384587287902832031e+01
3.795627593994140625e+01 -4.407436847686767578e-01
3.422924423217773438e+01 -1.440453910827636719e+01
7.270062255859375000e+01 1.505638980865478516e+01
2.272815704345703125e+01 -1.243650197982788086e+00
4.108244323730468750e+01 -2.270999908447265625e+01
-5.070526599884033203e+00 5.396072006225585938e+01
2.053698539733886719e+01 -1.554653644561767578e+01
-1.006505680084228516e+01 7.311450195312500000e+01
4.232214355468750000e+01 2.171272277832031250e+01
4.113171005249023438e+01 -1.706128120422363281e+01
7.952080535888671875e+01 -1.491099357604980469e+01
-4.340951919555664062e+00 5.532135009765625000e+01
4.468008804321289062e+01 -1.306598567962646484e+01
5.988811874389648438e+01 -7.982540130615234375e+00
-6.313543319702148438e+01 -3.950383377075195312e+01
5.086134719848632812e+01 -3.089373970031738281e+01
3.407054519653320312e+01 6.233610153198242188e+01
-3.389852523803710938e+01 -1.108403205871582031e+01
6.173718261718750000e+01 1.196013164520263672e+01
7.124146270751953125e+01 -2.872753906250000000e+01
6.683116912841796875e+01 -2.842858505249023438e+01
3.119168043136596680e+00 6.635846710205078125e+01
4.692740631103515625e+01 -2.844499778747558594e+01
2.031217002868652344e+01 -1.524500846862792969e+01
-7.558476179838180542e-02 4.442501449584960938e+01
4.763237380981445312e+01 3.065053367614746094e+01
7.559950256347656250e+01 -4.215226364135742188e+01
3.099984741210937500e+01 -1.296198558807373047e+01
3.460273361206054688e+01 7.319316101074218750e+01
4.751100921630859375e+01 -2.773672485351562500e+01
-3.707075500488281250e+01 -2.403388404846191406e+01
4.512875366210937500e+01 -1.485178089141845703e+01
5.962875747680664062e+01 -2.997721910476684570e+00
4.922200393676757812e+01 3.510238647460937500e+01
6.362810134887695312e+01 -1.309906482696533203e+01
9.762480163574218750e+01 -2.066698646545410156e+01
4.352882862091064453e+00 7.952071380615234375e+01
6.808261871337890625e+01 -7.180266380310058594e+00
7.744432067871093750e+01 -2.080258750915527344e+01
4.312718582153320312e+01 2.727957725524902344e+01
-4.997954368591308594e+00 4.351567077636718750e+01
8.208700561523437500e+01 -3.175917434692382812e+01
1.088616561889648438e+01 5.400522994995117188e+01
7.065372467041015625e+00 6.998199462890625000e+01
5.824638366699218750e+01 -5.753370285034179688e+00
-2.146463155746459961e+00 7.763391876220703125e+01
6.145157241821289062e+01 -3.117835760116577148e+00
-1.648696517944335938e+01 -5.357782363891601562e+00
2.883895874023437500e+01 -4.313968181610107422e+00
3.771999740600585938e+01 -2.831451416015625000e+01
5.514472961425781250e+01 -6.193977832794189453e+00
4.519868469238281250e+01 2.480223083496093750e+01
6.855587959289550781e+00 8.055174255371093750e+01
2.908781242370605469e+01 -1.161406707763671875e+01
-7.669964790344238281e+00 7.799501037597656250e+01
3.140634155273437500e+01 -1.284575557708740234e+01
7.697516632080078125e+01 -3.754817247390747070e+00
4.381016159057617188e+01 -7.276360511779785156e+00
3.220587968826293945e+00 8.010856628417968750e+01
7.246693420410156250e+01 -3.807815170288085938e+01
5.282843780517578125e+01 -2.799128723144531250e+01
5.925761413574218750e+01 -8.926103115081787109e-01
2.736737060546875000e+01 -2.241409111022949219e+01
-6.825270843505859375e+01 -2.787732887268066406e+01
-1.087232398986816406e+01 -1.060341739654541016e+01
2.216539001464843750e+01 -1.755373573303222656e+01
4.667074584960937500e+01 -1.308337116241455078e+01
-8.587120056152343750e+00 7.283972167968750000e+01
5.006625747680664062e+01 2.423455429077148438e+01
3.047836494445800781e+01 7.294658660888671875e+01
6.609558868408203125e+01 -6.647400379180908203e+00
8.334383392333984375e+01 -3.214249801635742188e+01
6.899121093750000000e+01 -9.851184844970703125e+00
6.969919586181640625e+01 -3.156424713134765625e+01
-2.706758689880371094e+01 2.537477684020996094e+01
-3.104800033569335938e+01 2.362113475799560547e+00
3.662634658813476562e+01 -4.098504543304443359e+00
-7.563798904418945312e+00 3.568661928176879883e+00
9.377461433410644531e+00 6.881365203857421875e+01
4.196960067749023438e+01 2.801002979278564453e+00
8.236663818359375000e+01 -2.930503273010253906e+01
1.884892654418945312e+01 -5.896318435668945312e+00
-7.039963722229003906e+00 7.402425384521484375e+01
5.066645050048828125e+01 -1.020316123962402344e+01
6.413674163818359375e+01 1.046827411651611328e+01
5.257680892944335938e+01 -2.607981872558593750e+01
-4.728350067138671875e+01 -1.001700496673583984e+01
4.611448287963867188e+01 -1.370730209350585938e+01
7.440197753906250000e+01 -2.287001800537109375e+01
1.157768917083740234e+01 -7.739247322082519531e+00
1.775603103637695312e+01 -7.794348239898681641e+00
4.091773509979248047e+00 5.095359802246093750e+01
2.121182823181152344e+01 -1.434833717346191406e+01
7.416879272460937500e+01 -2.846027565002441406e+01
3.878655242919921875e+01 1.424813866615295410e+00
3.192206001281738281e+01 6.845774841308593750e+01
-6.358300781250000000e+01 -1.263005542755126953e+01
4.956210708618164062e+01 1.795570945739746094e+01
-4.075012588500976562e+01 -2.225726127624511719e+01
5.262466049194335938e+01 -1.490839385986328125e+01
6.823735046386718750e+01 7.874092578887939453e+00
5.572950363159179688e+01 -3.723421096801757812e+00
7.297734832763671875e+01 -3.086267089843750000e+01
-5.119761657714843750e+01 1.697637748718261719e+01
7.358527374267578125e+01 -1.138433551788330078e+01
2.511028671264648438e+01 -1.167575836181640625e+01
4.832449722290039062e+01 -1.387983417510986328e+01
-1.592075347900390625e+01 -1.575480270385742188e+01
1.906347084045410156e+01 -3.324037790298461914e-01
5.517124176025390625e+01 1.362002563476562500e+01
7.063703155517578125e+01 -2.993249511718750000e+01
-1.015086174011230469e+01 5.465167999267578125e+01
2.875666809082031250e+01 -8.253590583801269531e+00
5.826562500000000000e+01 2.727421188354492188e+01
2.484180450439453125e+01 -7.982108592987060547e+00
9.537020111083984375e+01 -1.687337303161621094e+01
9.632846069335937500e+01 -2.349787521362304688e+01
-1.922852134704589844e+01 -2.152814674377441406e+01
6.955258178710937500e+01 2.978987395763397217e-01
-9.564661026000976562e+00 5.217123794555664062e+01
-5.525943374633789062e+01 1.219509792327880859e+01
7.532852935791015625e+01 -3.630391311645507812e+01
6.217079925537109375e+01 -7.427300453186035156e+00
-5.417110061645507812e+01 -1.450899887084960938e+01
-1.806661128997802734e+00 6.042670059204101562e+01
5.155962371826171875e+01 1.161107444763183594e+01
7.804605865478515625e+01 -1.686746025085449219e+01
-8.050473213195800781e+00 6.317076873779296875e+01
5.633943557739257812e+01 -1.803083610534667969e+01
-4.648154830932617188e+01 -3.644796371459960938e+01
-6.546976470947265625e+01 -7.350221157073974609e+00
4.100507354736328125e+01 -2.675257873535156250e+01
9.753457641601562500e+01 -2.568964576721191406e+01
-1.270323038101196289e+00 5.731898880004882812e+01
7.608651733398437500e+01 -1.681018829345703125e+01
1.014028778076171875e+02 -2.423847770690917969e+01
-9.079879760742187500e+01 1.063633203506469727e+00
-3.663971710205078125e+01 -3.576193237304687500e+01
3.134845161437988281e+01 6.964309692382812500e+01
3.342376327514648438e+01 -1.639550209045410156e+01
3.310982513427734375e+01 6.771041107177734375e+01
7.575400543212890625e+01 -1.017808055877685547e+01
-2.531171607971191406e+01 -1.383533191680908203e+01
3.055591964721679688e+01 -3.290633916854858398e+00
7.031332397460937500e+01 -1.664143753051757812e+01
-8.249273300170898438e+00 1.083832454681396484e+01
-6.380324840545654297e+00 4.235377883911132812e+01
-2.568543243408203125e+01 1.350795626640319824e+00
3.697800445556640625e+01 7.375484466552734375e+01
3.699388504028320312e+01 1.403996276855468750e+01
4.798507308959960938e+01 2.558452224731445312e+01
3.358465576171875000e+01 -1.045731830596923828e+01
6.147040939331054688e+01 -1.730304908752441406e+01
-9.298274993896484375e+01 -1.168873119354248047e+01
5.173752593994140625e+01 -6.700585365295410156e+00
3.176753044128417969e+01 6.852412223815917969e-01
2.960453796386718750e+01 -2.117226409912109375e+01
-5.674869060516357422e+00 7.932980346679687500e+01
-4.542878150939941406e+00 7.089903259277343750e+01
4.336808776855468750e+01 -2.287934494018554688e+01
-4.577779388427734375e+01 -7.657402992248535156e+00
-6.136267852783203125e+01 -8.171288490295410156e+00
8.064002227783203125e+01 -2.954661941528320312e+01
-4.108950424194335938e+01 3.352379608154296875e+01
-6.285892486572265625e+00 7.016065216064453125e+01
5.267991638183593750e+01 2.166104507446289062e+01
2.380671024322509766e+00 7.906926727294921875e+01
-8.846848487854003906e+00 5.603123855590820312e+01
6.395365524291992188e+01 -1.629529595375061035e+00
4.278314590454101562e+01 -2.113895416259765625e+00
7.514604187011718750e+01 -1.122151851654052734e+01
7.483954620361328125e+01 -6.742730617523193359e+00
7.831912994384765625e+01 -1.531426048278808594e+01
-2.080583763122558594e+01 -2.657448196411132812e+01
6.074925994873046875e+01 9.116579055786132812e+00
7.969559478759765625e+01 -2.615577888488769531e+01
7.379395294189453125e+01 -2.948430633544921875e+01
5.970645141601562500e+01 8.593374252319335938e+00
5.364037704467773438e+01 -1.051269435882568359e+01
3.134201431274414062e+01 -1.835900497436523438e+01
4.351400375366210938e+01 -4.457776069641113281e+00
1.512640666961669922e+01 8.121227264404296875e+01
2.040304756164550781e+01 -9.729847908020019531e+00
4.907840728759765625e+01 3.484106779098510742e+00
4.574604797363281250e+01 2.483490371704101562e+01
2.120019912719726562e+01 -8.715050697326660156e+00
6.194535446166992188e+01 1.954519081115722656e+01
9.464724731445312500e+01 -2.631221199035644531e+01
4.966819381713867188e+01 1.340543365478515625e+01
7.812575531005859375e+01 -1.230400943756103516e+01
9.517335510253906250e+01 -2.617588615417480469e+01
3.637310791015625000e+01 1.720698547363281250e+01
-4.227842330932617188e+01 -3.212874603271484375e+01
2.720645141601562500e+01 -1.550436687469482422e+01
6.096511840820312500e+01 -5.277685165405273438e+00
8.177798461914062500e+01 -2.895846557617187500e+01
6.871236419677734375e+01 1.035183620452880859e+01
4.666511917114257812e+01 -1.397717189788818359e+01
1.011529922485351562e+01 5.810356140136718750e+01
7.180020141601562500e+01 1.237838649749755859e+01
5.750462341308593750e+01 -9.725159645080566406e+00
7.206835174560546875e+01 -7.212684154510498047e+00
-1.590033721923828125e+01 1.278705120086669922e+01
7.299897766113281250e+01 -3.420773315429687500e+01
6.901180267333984375e+01 -2.661618232727050781e+01
4.700639724731445312e+01 2.495082092285156250e+01
2.397370910644531250e+01 -2.627586174011230469e+01
4.442332077026367188e+01 8.155419230461120605e-01
8.318386077880859375e+01 -4.014660644531250000e+01
2.963695907592773438e+01 -9.987415313720703125e+00
3.120560884475708008e+00 6.533749389648437500e+01
-5.709391021728515625e+01 1.517743968963623047e+01
9.361598014831542969e+00 7.093047332763671875e+01
7.267827606201171875e+01 -1.959168624877929688e+01
-5.119294166564941406e+00 6.159654617309570312e+01
1.425928354263305664e+00 7.656108093261718750e+01
-5.881563663482666016e+00 7.160054779052734375e+01
-3.781927108764648438e+01 6.761773109436035156e+00
-3.044340133666992188e+00 -4.469320297241210938e+00
8.355130004882812500e+01 -2.911446952819824219e+01
-6.265673637390136719e+00 4.786725997924804688e+01
-7.676944732666015625e+01 -2.745851039886474609e+00
3.777145004272460938e+01 -2.811455535888671875e+01
-1.883046984672546387e+00 8.363601684570312500e+01
6.105269241333007812e+01 -1.677844238281250000e+01
3.857317733764648438e+01 -1.763659286499023438e+01
3.544364166259765625e+01 -1.436130809783935547e+01
8.716884255409240723e-01 5.249445724487304688e+01
6.303133773803710938e+01 -1.163898086547851562e+01
1.253216552734375000e+01 8.432795715332031250e+01
7.585979461669921875e+00 7.609771728515625000e+01
1.327810478210449219e+01 5.636093902587890625e+01
4.984880828857421875e+01 -8.613346099853515625e+00
-3.228723049163818359e+00 4.509811782836914062e+01
7.238899707794189453e+00 7.532635498046875000e+01
9.533676147460937500e+00 5.354544067382812500e+01
4.477874374389648438e+01 -3.789094924926757812e+00
1.170761585235595703e+00 7.683551025390625000e+01
5.796191215515136719e+00 5.819728469848632812e+01
-5.863672256469726562e+00 5.490998840332031250e+01
8.814012527465820312e+00 8.422215270996093750e+01
4.317058181762695312e+01 -1.593196868896484375e+01
6.141584014892578125e+01 -6.227838516235351562e+00
-4.506647109985351562e+01 -4.333998680114746094e+00
8.046173858642578125e+01 -2.259471511840820312e+01
7.324516296386718750e+01 -1.703719520568847656e+01
2.163151168823242188e+01 -1.062262535095214844e+01
-2.543235123157501221e-01 6.217934799194335938e+01
1.222560310363769531e+01 8.061009216308593750e+01
-4.594343948364257812e+01 -1.618630981445312500e+01
4.816154479980468750e+01 3.332217025756835938e+01
5.043808746337890625e+01 2.190654945373535156e+01
-5.285577297210693359e+00 1.202565908432006836e+00
-5.059440612792968750e+01 -1.746252250671386719e+01
6.593045043945312500e+01 -1.991764640808105469e+01
1.340177822113037109e+01 6.580735445022583008e-01
-3.271660614013671875e+01 1.596639060974121094e+01
6.316416549682617188e+01 8.090372085571289062e+00
1.689185905456542969e+01 -1.206280326843261719e+01
6.559393310546875000e+01 -1.774181938171386719e+01
-2.797226524353027344e+01 -1.911952972412109375e+01
7.238337039947509766e+00 8.275917816162109375e+01
7.099938201904296875e+01 -2.390247154235839844e+01
-5.389395523071289062e+01 2.442888498306274414e+00
9.455639648437500000e+01 -1.748215675354003906e+01
6.017387390136718750e+01 -1.662693142890930176e+00
-7.294604492187500000e+01 5.245179176330566406e+00
4.944353866577148438e+01 3.318529510498046875e+01
8.194152832031250000e+01 -2.980935287475585938e+01
3.572466659545898438e+01 7.101023101806640625e+01
1.931982231140136719e+01 4.575340077280998230e-02
7.981186866760253906e+00 4.392744445800781250e+01
7.918658733367919922e+00 5.382114791870117188e+01
3.245956802368164062e+01 -2.231857109069824219e+01
6.075454711914062500e+01 5.215569496154785156e+00
6.888222503662109375e+01 1.501240921020507812e+01
3.219490051269531250e+01 7.507986450195312500e+01
9.801578521728515625e+01 -2.688941955566406250e+01
-7.873804569244384766e+00 6.336938858032226562e+01
-8.153809547424316406e+00 7.326354217529296875e+01
5.891863632202148438e+01 9.225854873657226562e+00
3.336550521850585938e+01 7.234350585937500000e+01
6.360417556762695312e+01 -2.233152008056640625e+01
3.854595184326171875e+00 8.401430511474609375e+01
2.808613204956054688e+01 -6.899010658264160156e+00
-7.003485870361328125e+01 -7.423358440399169922e+00
3.251324081420898438e+01 -1.503391456604003906e+01
7.975249481201171875e+01 -2.784234046936035156e+01
1.920067214965820312e+01 -1.164659500122070312e+01
5.271508407592773438e+01 -3.830252408981323242e+00
4.684196853637695312e+01 -1.320931148529052734e+01
6.847578430175781250e+01 -2.191177940368652344e+01
7.140643119812011719e+00 7.774061584472656250e+01
1.467216777801513672e+01 5.800173950195312500e+01
6.271666336059570312e+01 1.502235698699951172e+01
-6.389532566070556641e+00 4.559205627441406250e+01
5.203197860717773438e+01 -6.862434387207031250e+00
3.376055955886840820e+00 5.751504898071289062e+01
6.464784240722656250e+01 1.520220947265625000e+01
-4.062957382202148438e+01 -3.061148834228515625e+01
1.380841827392578125e+01 7.794346618652343750e+01
4.572138214111328125e+01 -1.207688236236572266e+01
5.692965698242187500e+01 2.813831806182861328e+00
1.600532341003417969e+01 1.380793690681457520e+00
2.394125747680664062e+01 -1.717266464233398438e+01
6.247526931762695312e+01 1.405037975311279297e+01
8.641110229492187500e+01 -3.566094207763671875e+01
8.596378326416015625e+00 5.610503005981445312e+01
4.804333114624023438e+01 -3.271800231933593750e+01
4.290630340576171875e+01 -2.090948820114135742e+00
-3.760834121704101562e+01 1.723122787475585938e+01
3.434205245971679688e+01 7.035788726806640625e+01
6.667086029052734375e+01 1.750845336914062500e+01
5.560470199584960938e+01 1.483528375625610352e+00
3.177426338195800781e+01 6.397484970092773438e+01
-5.852293968200683594e+00 5.653222274780273438e+01
3.179831314086914062e+01 -2.474721527099609375e+01
-6.830338287353515625e+01 -1.442502403259277344e+01
-1.358296871185302734e+00 4.994948196411132812e+01
2.674513578414916992e+00 -2.041074991226196289e+00
4.322895431518554688e+01 -1.992187881469726562e+01
5.419725036621093750e+01 8.544688224792480469e+00
2.163118743896484375e+01 8.745410919189453125e+00
4.781526565551757812e+01 7.557534694671630859e+00
3.956595230102539062e+01 -1.280706119537353516e+01
6.008249282836914062e+00 8.660128784179687500e+01
7.536954498291015625e+01 -3.019651603698730469e+01
6.049852752685546875e+01 1.907988739013671875e+01
5.555112457275390625e+01 2.824071884155273438e+01
-4.790484619140625000e+01 -2.240997886657714844e+01
5.421995639801025391e+00 8.553009796142578125e+01
3.608497619628906250e+01 -1.164366054534912109e+01
6.127291679382324219e+00 7.945229339599609375e+01
8.492615509033203125e+01 -3.693559646606445312e+01
5.435043811798095703e+00 6.243680191040039062e+01
-4.186467647552490234e+00 7.597403717041015625e+01
-2.918168067932128906e+01 -1.982784271240234375e+01
6.982604217529296875e+01 -8.260809898376464844e+00
7.689038848876953125e+01 -4.042706680297851562e+01
-6.636185646057128906e+00 5.553491973876953125e+01
1.917828369140625000e+01 -1.064172363281250000e+01
3.947853469848632812e+01 2.756663560867309570e+00
-3.391719818115234375e+01 8.295562744140625000e+00
7.481295776367187500e+01 -1.415223884582519531e+01
7.233596801757812500e+01 9.165345191955566406e+00
9.917414665222167969e+00 8.328739929199218750e+01
4.900910568237304688e+01 2.020853996276855469e+01
-5.523134231567382812e+01 -2.821983575820922852e+00
5.228729248046875000e+01 3.037286567687988281e+01
-4.224205398559570312e+01 -2.451802635192871094e+01
-7.480101013183593750e+01 -2.368852043151855469e+01
3.118225288391113281e+01 6.855069732666015625e+01
4.795923995971679688e+01 2.324840927124023438e+01
2.869971847534179688e+01 6.884296417236328125e+01
-3.717605972290039062e+01 -2.504469299316406250e+01
6.698735046386718750e+01 -1.294307804107666016e+01
-6.844904422760009766e+00 5.770092773437500000e+01
1.496841239929199219e+01 2.861669063568115234e-01
6.079711914062500000e+01 4.216255664825439453e+00
4.666308975219726562e+01 -2.532742309570312500e+01
-4.036820983886718750e+01 -1.471324062347412109e+01
-3.836794376373291016e+00 5.754511642456054688e+01
-6.144058227539062500e+00 -9.829016685485839844e+00
4.989566802978515625e+00 -2.985771656036376953e+00
5.950106811523437500e+01 -1.136496639251708984e+01
-6.857609272003173828e+00 5.720751571655273438e+01
5.136387634277343750e+01 -3.043279886245727539e+00
7.131032562255859375e+01 1.046436595916748047e+01
3.566876220703125000e+01 7.369110870361328125e+01
-6.023154830932617188e+01 1.308652877807617188e+01
-3.347364187240600586e+00 4.282641220092773438e+01
9.558400726318359375e+01 -2.530417633056640625e+01
4.433793258666992188e+01 -1.968418693542480469e+01
-8.150722503662109375e+00 6.089933395385742188e+01
2.851727485656738281e+01 7.466485595703125000e+01
6.954575347900390625e+01 -3.855245351791381836e+00
-1.652504158020019531e+01 1.592370891571044922e+01
-1.812607795000076294e-01 7.135605621337890625e+01
2.821013927459716797e+00 -8.890247344970703125e-01
1.073660135269165039e+00 4.400907516479492188e+01
3.864016056060791016e+00 5.178858184814453125e+01
-6.235609054565429688e+00 5.733673095703125000e+01
2.171113395690917969e+01 -1.704110336303710938e+01
6.909779357910156250e+01 -2.346742439270019531e+01
3.457104492187500000e+01 1.053851413726806641e+01
1.232146167755126953e+01 -3.945864200592041016e+00
-6.201963424682617188e+00 5.586602783203125000e+01
3.700914764404296875e+01 1.408066082000732422e+01
2.001761054992675781e+01 -1.854890060424804688e+01
2.588161277770996094e+01 -6.928645133972167969e+00
7.671880340576171875e+01 -3.050955581665039062e+01
3.865680313110351562e+01 -1.561480879783630371e+00
7.929519653320312500e+01 -1.485277938842773438e+01
6.980736541748046875e+01 -2.947908401489257812e+01
-5.015464782714843750e+01 1.973724555969238281e+01
-6.758921813964843750e+01 -1.273407363891601562e+01
1.750335693359375000e+01 -1.368392753601074219e+01
2.014643096923828125e+01 -8.780408859252929688e+00
3.652452087402343750e+01 -2.034641265869140625e+01
-1.546824812889099121e+00 7.657913208007812500e+01
5.207580566406250000e+01 2.229864501953125000e+01
6.180955886840820312e+01 -1.983303642272949219e+01
3.841484069824218750e+01 4.024119377136230469e+00
-1.042410850524902344e+01 3.693476200103759766e+00
-2.526198005676269531e+01 -1.951080703735351562e+01
3.429351043701171875e+01 -5.491788387298583984e+00
6.703527832031250000e+01 -1.422334575653076172e+01
1.402410125732421875e+01 7.266728973388671875e+01
6.424609375000000000e+01 -2.657085227966308594e+01
-6.152771377563476562e+01 -2.164204406738281250e+01
2.744589805603027344e+01 6.343248748779296875e+01
-8.523637390136718750e+01 -1.069918727874755859e+01
-1.518851184844970703e+01 -3.604786098003387451e-02
6.451091003417968750e+01 -3.819752502441406250e+01
6.750764465332031250e+01 -2.896127700805664062e+01
2.281543254852294922e+00 7.183679962158203125e+01
-8.097820281982421875e+00 4.475325775146484375e+01
1.279650020599365234e+01 8.341674041748046875e+01
7.701287841796875000e+01 -1.437376213073730469e+01
4.470819473266601562e+00 6.556198120117187500e+01
1.266154098510742188e+01 5.382009506225585938e+01
3.765073776245117188e+01 7.041744232177734375e+01
3.030576705932617188e-01 5.833846282958984375e+01
-1.013228654861450195e+00 8.020635223388671875e+01
1.604510688781738281e+01 8.571524173021316528e-02
-1.125543880462646484e+01 6.958390045166015625e+01
3.928034973144531250e+01 2.480661392211914062e+01
-1.208994269371032715e+00 6.987525939941406250e+01
7.356451416015625000e+01 -1.424562549591064453e+01
3.029493522644042969e+01 -1.568204116821289062e+01
-5.724731063842773438e+01 3.451996231079101562e+01
7.332329559326171875e+01 -1.029674339294433594e+01
6.952603912353515625e+01 -1.605063629150390625e+01
-8.263450622558593750e+00 7.158704376220703125e+01
4.865649032592773438e+01 2.944788169860839844e+01
3.086992263793945312e+01 -1.035369586944580078e+01
6.449510955810546875e+01 -1.134362316131591797e+01
7.627569675445556641e+00 7.201289367675781250e+01
6.052301788330078125e+01 -8.244188308715820312e+00
3.800522232055664062e+01 -7.668612480163574219e+00
5.225597381591796875e+00 5.516852569580078125e+01
5.623905563354492188e+01 1.822580528259277344e+01
2.031594657897949219e+01 -1.086436939239501953e+01
-1.075154972076416016e+01 7.102669525146484375e+01
5.783052444458007812e+00 5.716995620727539062e+01
3.998506307601928711e+00 5.722469329833984375e+01
6.189204216003417969e+00 8.837438201904296875e+01
-3.585484743118286133e+00 7.395452117919921875e+01
1.080503082275390625e+01 6.636633300781250000e+01
2.868447875976562500e+01 -1.460963487625122070e+00
1.386645126342773438e+01 5.460781097412109375e+01
4.915082550048828125e+01 5.162264347076416016e+00
-1.021568059921264648e+00 5.405864334106445312e+01
6.731003570556640625e+01 -2.979245376586914062e+01
5.507284545898437500e+01 -8.475287437438964844e+00
4.166166782379150391e+00 7.524163055419921875e+01
3.775297546386718750e+01 1.632730603218078613e+00
7.232665252685546875e+01 -3.029251098632812500e+01
4.888668441772460938e+01 2.347428894042968750e+01
6.720257568359375000e+01 -9.771666526794433594e+00
-3.928296279907226562e+01 -1.789358901977539062e+01
9.023406028747558594e+00 8.023229217529296875e+01
5.125902938842773438e+01 2.391967582702636719e+01
4.351395416259765625e+01 2.849065208435058594e+01
6.245326042175292969e+00 7.863681793212890625e+01
-1.086752223968505859e+01 1.357282638549804688e+00
9.377523040771484375e+01 -2.307384300231933594e+01
5.953461074829101562e+01 1.776088714599609375e+01
-4.925553131103515625e+01 9.804172515869140625e+00
3.880421638488769531e+00 5.321321105957031250e+01
-4.518584311008453369e-01 1.410346984863281250e+01
-6.435607910156250000e+01 -1.809836268424987793e+00
2.660948514938354492e+00 5.166512298583984375e+01
1.270643138885498047e+01 7.275987243652343750e+01
4.353281021118164062e+01 -1.590488624572753906e+01
3.433274459838867188e+01 -1.924811935424804688e+01
5.183851242065429688e+00 7.798503112792968750e+01
-7.108712005615234375e+01 1.334848999977111816e+00
-2.612513160705566406e+01 2.550054931640625000e+01
-1.715989685058593750e+01 6.353518009185791016e+00
-3.267376708984375000e+01 6.716202259063720703e+00
1.006684112548828125e+02 -2.052717971801757812e+01
-3.397772073745727539e+00 6.612988281250000000e+01
7.271537017822265625e+01 -1.521574115753173828e+01
6.448497772216796875e+01 -3.821380615234375000e+01
-2.105519056320190430e+00 7.643363189697265625e+01
7.162763214111328125e+01 -2.713429212570190430e+00
4.496068572998046875e+01 -3.003668212890625000e+01
-3.858257532119750977e+00 5.758723449707031250e+01
1.153081035614013672e+01 7.805640411376953125e+01
4.062872409820556641e+00 7.689640808105468750e+01
7.746719360351562500e+00 5.656175231933593750e+01
5.511559677124023438e+01 -1.799463152885437012e+00
2.235913085937500000e+01 -9.497426986694335938e+00
-4.123769760131835938e+01 7.487593173980712891e+00
-5.599685668945312500e+00 7.593659210205078125e+01
5.842701339721679688e+01 -2.569566726684570312e+01
6.565176391601562500e+01 1.612026977539062500e+01
5.419654846191406250e+01 7.172561645507812500e+00
8.101741790771484375e+01 -7.446947097778320312e+00
-6.812218475341796875e+01 -1.482838821411132812e+01
-1.050696086883544922e+01 7.201519489288330078e+00
-4.334955596923828125e+01 9.937103271484375000e+00
5.131986618041992188e+01 -4.836203575134277344e+00
7.099038696289062500e+01 -1.839473366737365723e+00
1.274641799926757812e+01 -8.222384452819824219e+00
4.831049728393554688e+01 -3.419656753540039062e+01
2.798676109313964844e+01 -1.599450016021728516e+01
5.270182800292968750e+01 2.269941902160644531e+01
3.190447807312011719e+01 -2.396364212036132812e+01
2.800142669677734375e+01 -2.219937562942504883e+00
1.023553490638732910e+00 7.218958854675292969e+00
3.117264509201049805e+00 1.779236435890197754e+00
5.075854873657226562e+01 -1.241427993774414062e+01
-4.253368759155273438e+01 -1.232125186920166016e+01
7.013333892822265625e+01 1.759576439857482910e+00
4.794645690917968750e+01 -2.219066238403320312e+01
-6.966972351074218750e+01 -2.496548461914062500e+01
6.990924835205078125e+01 -8.896335601806640625e+00
-3.174104499816894531e+01 1.591720485687255859e+01
2.486988639831542969e+01 -6.341629028320312500e+00
8.178010940551757812e+00 6.905461120605468750e+01
-8.014979553222656250e+01 -2.631936264038085938e+01
-1.659927248954772949e+00 6.036383056640625000e+01
8.474519348144531250e+01 -3.483734130859375000e+01
-2.921529197692871094e+01 1.560752391815185547e+01
9.471649169921875000e+01 -2.394173049926757812e+01
7.499437713623046875e+01 -3.657665634155273438e+01
5.104288864135742188e+01 2.643300819396972656e+01
-7.005234241485595703e+00 6.973162078857421875e+01
7.912646484375000000e+01 -1.038440036773681641e+01
1.901103210449218750e+01 -1.903901290893554688e+01
-1.838976860046386719e+01 1.657786369323730469e+01
5.234671401977539062e+01 -1.522383022308349609e+01
2.755992507934570312e+01 -1.025305938720703125e+01
3.119114875793457031e+01 6.742277526855468750e+01
5.292046356201171875e+01 -1.514567136764526367e+00
-3.401796340942382812e+00 5.209678649902343750e+01
3.321311569213867188e+01 7.053859710693359375e+01
-8.934258222579956055e-01 7.399608612060546875e+01
2.210380363464355469e+01 2.033392429351806641e+00
3.893040847778320312e+01 -1.417839336395263672e+01
-5.599110412597656250e+01 4.429293632507324219e+00
-4.089054489135742188e+01 -2.017889022827148438e+01
4.594201660156250000e+01 -3.562915325164794922e+00
7.424484252929687500e+00 6.815358734130859375e+01
6.380484390258789062e+01 -2.407342433929443359e+00
5.485436916351318359e+00 7.709779357910156250e+01
-3.022907257080078125e+01 -4.516068458557128906e+00
-2.003136825561523438e+01 -1.643800735473632812e+00
7.974719238281250000e+01 -2.622558021545410156e+01
4.826132965087890625e+01 -1.482115077972412109e+01
-4.681201457977294922e+00 9.139334678649902344e+00
4.165099143981933594e+00 8.183136749267578125e+01
3.445612716674804688e+01 7.151624298095703125e+01
6.469203948974609375e+01 -2.578984832763671875e+01
3.072447013854980469e+01 2.178632766008377075e-01
4.290524959564208984e+00 5.258998489379882812e+01
6.093511199951171875e+01 -5.054759502410888672e+00
-6.279747009277343750e+00 4.492135047912597656e+00
6.966414642333984375e+01 -9.546147346496582031e+00
-1.406383800506591797e+01 1.597777009010314941e+00
8.486293029785156250e+01 -3.476203918457031250e+01
6.353952026367187500e+01 -3.891696214675903320e+00
-4.267593383789062500e+01 -2.541382789611816406e+01
1.568358993530273438e+01 -5.956418991088867188e+00
9.508557891845703125e+01 -2.457291984558105469e+01
4.876609039306640625e+01 6.513986110687255859e+00
6.611891174316406250e+01 -1.477944946289062500e+01
1.234406566619873047e+01 7.696283721923828125e+01
6.718082427978515625e+01 9.444890022277832031e+00
6.859183502197265625e+01 2.093755900859832764e-01
6.738345336914062500e+01 -2.805525779724121094e+01
1.396742105484008789e+00 7.366557312011718750e+01
-5.948686599731445312e+01 2.920054817199707031e+01
1.915592765808105469e+01 -7.246938705444335938e+00
3.067259216308593750e+01 7.079893493652343750e+01
8.973511695861816406e+00 5.215991210937500000e+01
8.928992271423339844e+00 8.207746124267578125e+01
3.797975158691406250e+01 -2.148568725585937500e+01
7.469072723388671875e+01 -2.959348487854003906e+01
1.029556083679199219e+01 5.686774063110351562e+01
6.722116851806640625e+01 -1.356621360778808594e+01
6.203253173828125000e+01 1.570316028594970703e+01
-4.902835845947265625e+00 4.653791427612304688e+00
4.832334518432617188e+01 4.021303653717041016e+00
1.352288055419921875e+01 7.981788635253906250e+01
8.131661224365234375e+01 -8.728438377380371094e+00
4.909893417358398438e+01 -6.193737030029296875e+00
-2.722143173217773438e+00 7.267397308349609375e+01
4.953314590454101562e+01 -3.503876495361328125e+01
4.446450424194335938e+01 -3.360170745849609375e+01
7.353231048583984375e+01 -3.448076629638671875e+01
7.965283393859863281e+00 6.007400894165039062e+01
4.928350830078125000e+01 2.208453178405761719e+01
1.267236590385437012e+00 6.751769256591796875e+01
1.717309379577636719e+01 -6.441303253173828125e+00
3.286958312988281250e+01 7.355279541015625000e+01
6.788341522216796875e+01 2.484007358551025391e+00
5.717670440673828125e+00 6.582210540771484375e+01
5.467743301391601562e+01 -3.128702640533447266e+00
1.169723415374755859e+01 5.874090957641601562e+01
-8.544260859489440918e-01 7.848848724365234375e+01
9.558556365966796875e+01 -2.048274993896484375e+01
-3.706190347671508789e+00 7.181256294250488281e+00
6.122752380371093750e+01 -3.154328536987304688e+01
1.152188110351562500e+01 5.194284057617187500e+01
-2.883617162704467773e+00 5.699188709259033203e+00
1.124886798858642578e+01 7.297715759277343750e+01
6.910826683044433594e+00 7.545980834960937500e+01
-5.671243667602539062e+01 -3.344508743286132812e+01
3.889575576782226562e+01 2.354116439819335938e+00
2.575194740295410156e+01 7.109228515625000000e+01
-1.375797748565673828e+00 3.940858459472656250e+01
4.964546966552734375e+01 6.037793636322021484e+00
-4.571907997131347656e+00 7.895861816406250000e+01
-3.243341827392578125e+01 1.618164181709289551e+00
-8.753984832763671875e+01 -2.657092857360839844e+01
2.984004783630371094e+01 7.199024963378906250e+01
-6.322245788574218750e+01 1.736170578002929688e+01
-8.978957176208496094e+00 1.358575725555419922e+01
3.283680343627929688e+01 -2.268108749389648438e+01
-1.403906154632568359e+01 1.179594707489013672e+01
5.944400405883789062e+01 3.682989120483398438e+00
3.390005493164062500e+01 7.482933044433593750e+01
2.592587471008300781e+01 -5.498551368713378906e+00
1.824058532714843750e+01 7.824469757080078125e+01
9.782883453369140625e+01 -2.436966323852539062e+01
5.206560516357421875e+01 3.254178619384765625e+01
1.841633605957031250e+01 -1.237962913513183594e+01
4.613288116455078125e+01 2.746467351913452148e+00
2.570273399353027344e+00 7.925136566162109375e+01
4.875381469726562500e+01 3.621050596237182617e+00
9.832218170166015625e+01 -2.567636680603027344e+01
-1.769097089767456055e+00 7.226646423339843750e+01
-8.973159193992614746e-01 7.281086730957031250e+01
8.092767333984375000e+01 -9.325624465942382812e+00
2.125268745422363281e+01 -1.165334224700927734e+01
5.289045333862304688e+01 -1.066627597808837891e+01
4.742946243286132812e+01 2.288998031616210938e+01
4.210216522216796875e+01 -3.624930572509765625e+01
-5.056166172027587891e+00 7.363339996337890625e+01
1.829324913024902344e+01 8.790350556373596191e-01
6.780155944824218750e+01 4.211823344230651855e-01
3.263121032714843750e+01 6.916761779785156250e+01
6.780321502685546875e+01 9.952083587646484375e+00
8.025958251953125000e+01 -1.473181819915771484e+01
6.664837646484375000e+01 -6.019507884979248047e+00
1.227769470214843750e+01 5.394493865966796875e+01
-7.952693176269531250e+01 1.611699104309082031e+01
6.087585830688476562e+01 1.741306114196777344e+01
5.825085449218750000e+01 1.391701030731201172e+01
4.494043827056884766e+00 7.278736877441406250e+01
-2.329140186309814453e+00 7.340888977050781250e+01
-4.512566089630126953e+00 1.713808822631835938e+01
-2.407644748687744141e+00 7.084933471679687500e+01
-2.025002717971801758e+00 5.458743286132812500e+01
-2.688227176666259766e+00 4.727062606811523438e+01
2.378046035766601562e+00 8.453234863281250000e+01
1.875388717651367188e+01 4.707597732543945312e+00
2.717427015304565430e+00 7.437032318115234375e+01
-4.231464767456054688e+01 -1.797949028015136719e+01
5.818297576904296875e+01 1.371516513824462891e+01
-7.811503887176513672e+00 7.196302795410156250e+01
3.208910369873046875e+01 6.993504333496093750e+01
-7.188741207122802734e+00 7.824588012695312500e+01
3.177307128906250000e+01 8.146721124649047852e-01
7.556041717529296875e+00 7.420182800292968750e+01
5.361935424804687500e+01 -7.891413211822509766e+00
-3.742203521728515625e+01 -6.064982891082763672e+00
2.076478385925292969e+01 -9.998348236083984375e+00
4.665212631225585938e+01 1.189571285247802734e+01
1.180543994903564453e+01 8.522559356689453125e+01
-1.821032714843750000e+01 7.410724163055419922e+00
4.842383575439453125e+01 4.059401512145996094e+00
9.796729087829589844e-01 7.208876037597656250e+01
2.844815826416015625e+01 -1.259712505340576172e+01
2.245388507843017578e+00 6.946784210205078125e+01
-6.781450748443603516e+00 4.222992706298828125e+01
-5.395918369293212891e+00 5.620531463623046875e+01
5.624528884887695312e+01 -2.123381996154785156e+01
4.783886337280273438e+01 -1.182388019561767578e+01
-1.258374214172363281e+01 -1.359232902526855469e+01
8.179868698120117188e+00 7.857135009765625000e+01
2.739987850189208984e+00 7.612024688720703125e+01
6.749709320068359375e+01 -2.673632860183715820e+00
-5.942082405090332031e+00 4.424267959594726562e+01
-1.096087169647216797e+01 7.038551330566406250e+01
2.094741582870483398e+00 1.464063405990600586e+00
6.771178436279296875e+01 1.698258018493652344e+01
-3.738093185424804688e+01 -1.173785018920898438e+01
-2.482350158691406250e+01 -8.710381507873535156e+00
4.370098590850830078e+00 7.385521697998046875e+01
-3.867334365844726562e+01 -2.814881515502929688e+01
6.979632568359375000e+01 -2.795352554321289062e+01
4.642740631103515625e+01 2.709739685058593750e+01
7.037792968750000000e+01 -1.675308227539062500e+01
5.263717269897460938e+01 -9.984786987304687500e+00
-4.837060546875000000e+01 -2.991694211959838867e+00
6.823667144775390625e+01 -8.700302124023437500e+00
4.148886871337890625e+01 1.214029788970947266e+00
3.325250387191772461e+00 7.067806243896484375e+01
1.222256088256835938e+01 8.207638549804687500e+01
2.968793106079101562e+01 -1.747991561889648438e+01
6.306616973876953125e+01 -1.235226058959960938e+01
5.404841613769531250e+01 -5.840397357940673828e+00
1.969006729125976562e+01 -9.892634391784667969e+00
8.553284645080566406e+00 7.211167907714843750e+01
4.603237533569335938e+01 1.098588943481445312e+01
-3.952927589416503906e+00 5.002186965942382812e+01
1.007445907592773438e+01 5.517290115356445312e+01
1.621724128723144531e+01 5.713892745971679688e+01
-3.484892272949218750e+01 -4.859232330322265625e+01
5.266330337524414062e+01 2.039781188964843750e+01
1.077234864234924316e+00 8.352954864501953125e+01
1.709729957580566406e+01 -2.429567337036132812e+00
-4.527752304077148438e+01 -2.180371475219726562e+01
6.801203918457031250e+01 -8.268111228942871094e+00
7.319474792480468750e+01 -3.666020584106445312e+01
1.462072491645812988e+00 6.928514862060546875e+01
-3.011158943176269531e+00 6.893229675292968750e+01
9.710884094238281250e+01 -2.527952957153320312e+01
-1.535617160797119141e+01 7.648575305938720703e+00
1.023189067840576172e+00 5.479465484619140625e+01
-3.964141845703125000e+01 -1.695999336242675781e+01
-7.024343109130859375e+01 -3.150010490417480469e+01
2.628180503845214844e+01 6.930052185058593750e+01
3.501305389404296875e+01 8.395940780639648438e+00
6.355359268188476562e+01 -1.038395214080810547e+01
-2.989981174468994141e+00 7.220581817626953125e+01
4.583544158935546875e+01 -4.847871780395507812e+00
1.147870445251464844e+01 7.989028930664062500e+01
1.102223277091979980e+00 8.102889251708984375e+01
4.935839843750000000e+01 -2.119973945617675781e+01
4.402301406860351562e+01 2.634558677673339844e+01
6.572622299194335938e+00 7.153492736816406250e+01
6.890635681152343750e+01 5.071097850799560547e+00
1.943308639526367188e+01 -1.890303039550781250e+01
3.041650009155273438e+01 -7.466449737548828125e+00
5.693457412719726562e+01 -9.165263175964355469e+00
-4.595991134643554688e+00 5.077005386352539062e+01
8.961466789245605469e+00 7.266622161865234375e+01
-7.716551971435546875e+01 9.581107139587402344e+00
1.119245910644531250e+01 5.799308013916015625e+01
2.947102737426757812e+01 -7.000929355621337891e+00
4.636436843872070312e+01 2.308678817749023438e+01
5.040348815917968750e+01 2.821020507812500000e+01
6.890623474121093750e+01 5.139784336090087891e+00
1.681980705261230469e+01 -1.067827606201171875e+01
4.831734466552734375e+01 -1.535542201995849609e+01
6.334539890289306641e+00 7.584285736083984375e+01
6.582116699218750000e+01 -1.948965454101562500e+01
1.956432151794433594e+01 -1.257584857940673828e+01
-1.794047355651855469e+00 6.948741912841796875e+01
6.095562362670898438e+01 9.085152149200439453e-01
5.155743789672851562e+01 3.978395760059356689e-01
-5.283359146118164062e+01 -1.569994986057281494e-01
-3.336979293823242188e+01 3.297902679443359375e+01
-3.320916295051574707e-01 7.549430084228515625e+01
4.686465072631835938e+01 2.176937103271484375e+00
7.089281463623046875e+01 9.468177795410156250e+00
8.310071945190429688e+00 6.947452545166015625e+01
1.102407836914062500e+01 5.161194610595703125e+01
6.915184783935546875e+01 -2.247347831726074219e+01
4.142094421386718750e+01 -2.634575271606445312e+01
8.464521789550781250e+01 -3.435298919677734375e+01
5.707934856414794922e+00 7.393978118896484375e+01
6.561619567871093750e+01 1.083353805541992188e+01
-4.159174728393554688e+01 -1.159903144836425781e+01
6.672134399414062500e+01 1.171585083007812500e+01
-5.298456954956054688e+01 -1.019690322875976562e+01
5.751863098144531250e+01 1.812553787231445312e+01
5.659696960449218750e+01 -1.974606323242187500e+01
-7.804821014404296875e+00 4.100457382202148438e+01
7.124246215820312500e+01 2.696514129638671875e-01
5.838047409057617188e+01 -2.780478715896606445e+00
6.564047241210937500e+01 -1.780849266052246094e+01
6.666067504882812500e+01 8.002930641174316406e+00
4.757176589965820312e+01 1.905206322669982910e+00
3.081841278076171875e+01 6.961081176996231079e-02
-1.965978145599365234e+00 4.326046752929687500e+01
-1.339663124084472656e+01 -5.550187110900878906e+00
9.007228851318359375e+00 5.320415115356445312e+01
6.914711761474609375e+01 2.011930704116821289e+00
7.370690155029296875e+01 -3.548375701904296875e+01
-9.304662704467773438e+00 7.513142395019531250e+01
-7.143279266357421875e+01 6.086799502372741699e-01
5.044272613525390625e+01 -3.351547241210937500e+01
3.608956909179687500e+01 3.823070526123046875e+00
6.718941497802734375e+01 -2.635611915588378906e+01
5.630786895751953125e+01 -9.050345420837402344e-01
3.488935852050781250e+01 7.167192077636718750e+01
1.054448223114013672e+01 6.986438751220703125e+01
9.947301864624023438e+00 7.987381744384765625e+01
3.720748519897460938e+01 7.270620727539062500e+01
-3.931373596191406250e+01 -1.212661457061767578e+01
6.719803333282470703e+00 7.081645202636718750e+01
1.204193687438964844e+01 5.690087890625000000e+01
1.215934753417968750e+01 8.248913574218750000e+01
3.374576330184936523e+00 7.805849456787109375e+01
-8.615642547607421875e+00 -1.416286945343017578e+01
1.074348926544189453e+01 7.574452972412109375e+01
8.903611755371093750e+01 -2.200745391845703125e+01
1.872997856140136719e+01 4.714021205902099609e+00
-7.764996051788330078e+00 6.882030487060546875e+01
-4.702803611755371094e+00 6.102439498901367188e+01
5.827117156982421875e+01 2.006161308288574219e+01
4.606637573242187500e+01 1.244306278228759766e+01
-4.684814453125000000e+00 -1.281995296478271484e+00
6.304706192016601562e+01 1.536410903930664062e+01
1.793929219245910645e+00 4.184428691864013672e+00
9.548892974853515625e+01 -2.805074310302734375e+01
6.106705093383789062e+01 -2.905034255981445312e+01
3.416922378540039062e+01 7.251808929443359375e+01
1.280947113037109375e+01 6.851495361328125000e+01
-1.340087890625000000e+00 6.353355789184570312e+01
5.099257278442382812e+01 1.205756950378417969e+01
8.327451705932617188e+00 6.264713287353515625e+01
-6.416467285156250000e+01 -1.769981002807617188e+01
-3.695251846313476562e+01 -3.669112396240234375e+01
5.605560684204101562e+01 -5.146193981170654297e+00
-4.222707366943359375e+01 7.125156402587890625e+00
-6.158568382263183594e+00 7.491329193115234375e+01
-4.125195312500000000e+01 3.490828990936279297e+00
6.946644186973571777e-01 9.106236100196838379e-01
1.241316509246826172e+01 8.429838562011718750e+01
8.272722244262695312e+00 5.643942260742187500e+01
-1.160232925415039062e+01 9.802700281143188477e-01
-2.669597053527832031e+01 -1.940917587280273438e+01
-2.924650764465332031e+01 3.592779874801635742e+00
2.567178010940551758e+00 6.217366695404052734e+00
6.056901168823242188e+01 -1.896236419677734375e+00
1.354593086242675781e+01 5.555261230468750000e+01
1.467237567901611328e+01 1.479361295700073242e+00
9.335571289062500000e+00 6.065206909179687500e+01
-1.071282100677490234e+01 7.332982635498046875e+01
1.783905792236328125e+01 -4.818361282348632812e+00
4.365257644653320312e+01 3.199160194396972656e+01
6.916613769531250000e+01 -2.868533897399902344e+01
5.712742614746093750e+01 -7.362343311309814453e+00
5.358222579956054688e+01 2.520476531982421875e+01
4.395845794677734375e+01 1.429319286346435547e+01
1.986632537841796875e+01 -1.368803596496582031e+01
-2.341025352478027344e+00 5.425066757202148438e+01
9.430760192871093750e+01 -2.172270965576171875e+01
3.968842697143554688e+01 -1.296631813049316406e+01
7.545700073242187500e+01 -1.709846687316894531e+01
1.910365295410156250e+01 -1.250483226776123047e+01
-2.642604064941406250e+01 1.541494274139404297e+01
2.703980064392089844e+01 6.893415069580078125e+01
5.103594207763671875e+01 -8.248946189880371094e+00
3.736311721801757812e+01 6.892595672607421875e+01
1.331543254852294922e+01 8.320854949951171875e+01
1.255976867675781250e+01 -4.033243179321289062e+00
8.282400369644165039e-01 6.540693664550781250e+01
-8.375373840332031250e+00 -1.417955040931701660e+00
-2.752514457702636719e+01 2.636644744873046875e+01
2.902255439758300781e+01 -1.135896492004394531e+01
3.390290069580078125e+01 6.284481811523437500e+01
7.209590911865234375e+01 -3.748024749755859375e+01
5.466150283813476562e+01 2.538852214813232422e+00
-1.413456058502197266e+01 -4.450656414031982422e+00
3.568543243408203125e+01 -1.449810791015625000e+01
-1.346727466583251953e+01 2.197990989685058594e+01
-5.178466320037841797e+00 6.914124011993408203e+00
-3.890718841552734375e+01 1.052652478218078613e+00
-3.189463996887207031e+01 -2.179362869262695312e+01
2.781405258178710938e+01 7.025795745849609375e+01
3.478225326538085938e+01 -1.340756320953369141e+01
3.285741567611694336e+00 4.957940673828125000e+01
1.347335726022720337e-01 6.945780944824218750e+01
6.196367645263671875e+01 -1.240810203552246094e+01
-3.182878732681274414e+00 7.632210540771484375e+01
4.797668075561523438e+01 -1.417511749267578125e+01
-3.502326202392578125e+01 2.906618833541870117e+00
-6.819216918945312500e+01 7.379972934722900391e-01
4.973378181457519531e+00 6.997356414794921875e+01
5.804302978515625000e+01 -5.192316532135009766e+00
2.757651209831237793e-01 7.254604339599609375e+01
8.524594306945800781e+00 7.607563018798828125e+01
7.760160827636718750e+01 -3.514636230468750000e+01
5.907620620727539062e+01 3.285390472412109375e+01
9.196695327758789062e+00 7.691316223144531250e+01
5.801647567749023438e+01 -1.964777374267578125e+01
-1.789612007141113281e+01 1.229650688171386719e+01
3.558058929443359375e+01 7.245806121826171875e+01
2.772198677062988281e+01 7.199356079101562500e+01
6.742426300048828125e+01 1.286325740814208984e+01
4.349395751953125000e+01 1.007377719879150391e+01
3.313936233520507812e+01 -2.296008300781250000e+01
3.245359420776367188e+01 -1.811372184753417969e+01
-4.437360763549804688e+01 -1.380929660797119141e+01
5.488331985473632812e+01 -2.089755821228027344e+01
-3.491708338260650635e-01 3.801700210571289062e+01
6.952059936523437500e+01 1.299437713623046875e+01
6.439155578613281250e+01 1.526324558258056641e+01
4.110873031616210938e+01 -7.453601837158203125e+00
4.276715469360351562e+01 2.260883331298828125e+01
6.816842651367187500e+01 -1.760099053382873535e+00
-3.057911300659179688e+01 1.608005142211914062e+01
4.501449584960937500e+01 2.612259864807128906e+01
4.282695770263671875e+00 6.062343597412109375e+01
5.929888153076171875e+01 1.907616043090820312e+01
5.834922409057617188e+01 1.968034744262695312e+01
6.066382598876953125e+01 1.676808547973632812e+01
1.136183261871337891e+01 5.554114532470703125e+01
-1.752474212646484375e+01 4.358732223510742188e+00
4.932220077514648438e+01 3.269609832763671875e+01
1.998239457607269287e-01 7.434496307373046875e+01
-2.695062398910522461e+00 9.281018257141113281e+00
-1.962120056152343750e+01 6.432811260223388672e+00
6.552655029296875000e+01 1.238294887542724609e+01
-3.755571365356445312e+01 3.846479654312133789e+00
-2.825661659240722656e+00 4.647483444213867188e+01
-5.038021802902221680e-01 6.289387893676757812e+01
3.072718238830566406e+01 -2.373629188537597656e+01
-2.546808719635009766e+00 6.762347412109375000e+01
1.143882751464843750e+01 5.497558593750000000e+01
1.008754158020019531e+01 5.625433731079101562e+01
-2.862377405166625977e+00 5.621603775024414062e+01
3.317529439926147461e+00 6.979167175292968750e+01
1.472941398620605469e+01 1.420394539833068848e+00
4.871507644653320312e+01 5.692538261413574219e+00
-1.433804607391357422e+01 9.490781784057617188e+00
5.600836944580078125e+01 1.775991821289062500e+01
8.503472328186035156e+00 7.504293060302734375e+01
6.942441558837890625e+01 1.293914127349853516e+01
1.297469854354858398e+00 8.447727966308593750e+01
4.676134490966796875e+01 -8.565876007080078125e+00
7.779726505279541016e+00 5.536574172973632812e+01
-1.577382850646972656e+01 8.307014465332031250e+00
7.756536865234375000e+01 -1.649736785888671875e+01
2.854044342041015625e+01 -6.674801349639892578e+00
-3.538010406494140625e+01 -2.394902038574218750e+01
1.749018907546997070e+00 5.688517761230468750e+01
5.723781967163085938e+01 -2.225044059753417969e+01
-6.424626827239990234e+00 6.811624145507812500e+01
3.338766098022460938e+01 7.159558105468750000e+01
6.453902244567871094e+00 2.108664751052856445e+00
1.004713916778564453e+01 5.904877471923828125e+01
-1.560482883453369141e+01 -8.888147354125976562e+00
3.173861503601074219e+01 7.078129577636718750e+01
6.543159008026123047e+00 7.239080047607421875e+01
-3.944730377197265625e+01 -1.957482910156250000e+01
9.376040649414062500e+01 -2.513268089294433594e+01
8.016391754150390625e+00 6.290577697753906250e+01
-4.111658477783203125e+01 -1.668284034729003906e+01
4.309389877319335938e+01 -2.699177742004394531e+01
-1.796373176574707031e+01 1.104086589813232422e+01
1.071735191345214844e+01 6.879900360107421875e+01
1.471492290496826172e+01 1.530246496200561523e+00
1.562188148498535156e+01 5.429143905639648438e+01
8.728888511657714844e+00 5.498023986816406250e+01
-4.458201599121093750e+01 3.388883590698242188e+01
3.615262222290039062e+01 7.132318115234375000e+01
2.417819738388061523e+00 7.916057586669921875e+01
6.012999343872070312e+01 1.473208618164062500e+01
1.630751037597656250e+01 5.921073532104492188e+01
4.771744918823242188e+01 -3.396075820922851562e+01
-4.506542205810546875e+01 2.329086065292358398e+00
-5.044454574584960938e+01 -5.274345278739929199e-01
-1.588246345520019531e+01 4.564005374908447266e+00
7.404771423339843750e+01 -2.693201637268066406e+01
-3.241305947303771973e-01 7.741233062744140625e+01
6.190102100372314453e+00 8.838729095458984375e+01
-1.154971837997436523e+00 7.688693237304687500e+01
-3.487696456909179688e+01 -2.166619300842285156e+01
1.455306148529052734e+01 5.409455490112304688e+01
5.740279769897460938e+01 -3.141290187835693359e+00
1.448628807067871094e+01 8.106654357910156250e+01
-5.597783279418945312e+01 -7.185073852539062500e+00
4.733220672607421875e+01 -1.062319755554199219e+00
6.174320983886718750e+01 1.194091224670410156e+01
5.642803573608398438e+01 9.750287055969238281e+00
3.170815277099609375e+01 6.493029785156250000e+01
9.582887268066406250e+01 -1.908400344848632812e+01
3.356554508209228516e+00 7.283328247070312500e+01
-3.507823181152343750e+01 -1.502563762664794922e+01
-2.119154483079910278e-02 7.342462158203125000e+01
4.229901504516601562e+01 -1.090967464447021484e+01
7.249092864990234375e+01 -3.374591445922851562e+01
5.669842910766601562e+01 -2.061079978942871094e+01
4.744937133789062500e+01 3.143852996826171875e+01
-7.510164642333984375e+01 2.440926933288574219e+01
7.050502777099609375e+00 6.569963836669921875e+01
5.673266983032226562e+01 -2.191085433959960938e+01
7.690972137451171875e+01 -1.595601654052734375e+01
4.488098907470703125e+01 2.552347946166992188e+01
5.933399677276611328e+00 3.841661834716796875e+01
6.826860046386718750e+01 -2.912506294250488281e+01
5.482559585571289062e+01 -9.868665933609008789e-01
-6.640172481536865234e+00 -5.161410808563232422e+00
1.033734798431396484e+00 6.338150024414062500e+01
1.340202617645263672e+01 8.009516906738281250e+01
9.225262641906738281e+00 5.766473770141601562e+01
-3.155648994445800781e+01 1.837424659729003906e+01
4.382360076904296875e+01 1.409595298767089844e+01
-2.406798553466796875e+01 5.456872940063476562e+00
-3.654576110839843750e+01 1.378339290618896484e+00
5.086695480346679688e+01 -6.333323955535888672e+00
2.853307342529296875e+01 6.892552947998046875e+01
-1.033359432220458984e+01 -1.049882984161376953e+01
3.649508285522460938e+01 7.013391876220703125e+01
-1.283890914916992188e+01 -9.032814025878906250e+00
6.652054595947265625e+01 -9.309174537658691406e+00
3.758198976516723633e+00 6.917736816406250000e+01
-3.500400924682617188e+01 -2.871748208999633789e+00
2.507962799072265625e+01 -7.202052116394042969e+00
6.926383972167968750e+01 -1.497966194152832031e+01
1.329789257049560547e+01 8.101570129394531250e+01
2.168353462219238281e+01 -6.242685794830322266e+00
6.620111846923828125e+01 9.642559051513671875e+00
5.673254776000976562e+01 -1.357338905334472656e+01
-3.456945419311523438e+01 -1.778554344177246094e+01
8.923681259155273438e+00 5.570035171508789062e+01
3.393992614746093750e+01 7.093745422363281250e+01
-2.339296150207519531e+01 1.005764722824096680e+00
-3.915400695800781250e+01 1.496662521362304688e+01
7.242189025878906250e+01 -1.382511711120605469e+01
-4.594959259033203125e+01 1.923850059509277344e+01
6.780018615722656250e+01 -1.474294304847717285e+00
4.829492187500000000e+01 -1.546699047088623047e+00
-5.394496536254882812e+01 1.288046598434448242e+00
5.383338546752929688e+01 2.589730834960937500e+01
5.481379699707031250e+01 2.535346603393554688e+01
5.182541275024414062e+01 2.198529434204101562e+01
-6.671928405761718750e+01 -4.384861373901367188e+01
3.409624099731445312e+00 6.561202239990234375e+01
3.636262512207031250e+01 7.257881927490234375e+01
1.312161254882812500e+01 5.788447189331054688e+01
3.816825866699218750e+01 7.146783447265625000e+01
-5.836888122558593750e+01 -1.330896282196044922e+01
-4.656619548797607422e+00 6.804179382324218750e+01
1.459445762634277344e+01 8.234004974365234375e+01
7.145195960998535156e+00 7.368812561035156250e+01
3.321492004394531250e+01 -1.085706615447998047e+01
6.216894531250000000e+01 -9.097435951232910156e+00
-4.942266845703125000e+01 -3.285781860351562500e+01
5.315001678466796875e+01 -5.108236312866210938e+00
-6.198419094085693359e+00 6.850654602050781250e+01
1.983340072631835938e+01 -6.678366184234619141e+00
1.803323936462402344e+01 -2.970939315855503082e-02
-2.364756011962890625e+01 -3.862145245075225830e-01
-1.752175140380859375e+01 1.506607532501220703e+01
5.182300949096679688e+01 3.143228721618652344e+01
-2.559283256530761719e+00 5.729508972167968750e+01
1.294478702545166016e+01 5.046241760253906250e+01
6.472178649902343750e+01 4.811878204345703125e+00
6.895536041259765625e+01 1.404391050338745117e+00
1.374927997589111328e+01 5.215134429931640625e+01
-4.832025170326232910e-01 2.501073837280273438e+00
5.004068756103515625e+01 -6.162511825561523438e+00
6.545781707763671875e+01 1.793343305587768555e+00
9.753108978271484375e+00 5.726963424682617188e+01
6.454032135009765625e+01 -9.257704615592956543e-01
6.642123413085937500e+01 1.656048178672790527e+00
5.925373077392578125e+01 9.024949073791503906e+00
5.757958221435546875e+01 -2.509016799926757812e+01
5.878639221191406250e+01 1.664413833618164062e+01
5.280187988281250000e+01 2.637681007385253906e+01
6.236853599548339844e+00 6.650028991699218750e+01
3.687228775024414062e+01 -1.712907028198242188e+01
6.569566345214843750e+01 -2.243737983703613281e+01
-2.742275047302246094e+01 7.222846508026123047e+00
9.534010887145996094e+00 6.123906707763671875e+01
2.793291091918945312e+01 7.015029144287109375e+01
-4.198961257934570312e+01 -2.428984642028808594e+01
-1.459812968969345093e-01 3.638216400146484375e+01
1.447593116760253906e+01 -6.731160163879394531e+00
3.404046630859375000e+01 7.378816223144531250e+01
6.881324005126953125e+01 1.499461555480957031e+01
1.735128211975097656e+01 7.829361724853515625e+01
4.822157669067382812e+01 1.954156303405761719e+01
4.466918563842773438e+01 2.419339752197265625e+01
5.026781082153320312e+01 2.272852706909179688e+01
6.190059661865234375e+01 -3.244527053833007812e+01
3.233661651611328125e+01 7.187431335449218750e+01
5.435420227050781250e+01 2.653290176391601562e+01
6.945085525512695312e+00 6.876666259765625000e+01
1.282579517364501953e+01 7.899217987060546875e+01
3.706612110137939453e+00 5.894154739379882812e+01
5.006328964233398438e+01 3.303947067260742188e+01
-1.064186954498291016e+01 5.182528972625732422e+00
7.674990844726562500e+01 -1.415188026428222656e+01
3.128836631774902344e+00 7.590736389160156250e+01
-2.401722526550292969e+01 7.618534564971923828e+00
4.758250427246093750e+01 2.258822631835937500e+01
3.039418458938598633e+00 6.313546371459960938e+01
6.680971527099609375e+01 -2.766218566894531250e+01
8.145619201660156250e+01 -2.277700614929199219e+01
3.008188629150390625e+01 6.670195007324218750e+01
3.377960920333862305e+00 6.261794662475585938e+01
-6.159894943237304688e+00 4.877054214477539062e+01
5.016840744018554688e+01 1.885779762268066406e+01
4.578355789184570312e+01 3.001102638244628906e+01
8.384325981140136719e+00 4.272564053535461426e-01
8.567518234252929688e+00 6.702468872070312500e+01
6.077936935424804688e+01 -9.176938056945800781e+00
3.140180587768554688e+00 5.629489135742187500e+01
1.982876968383789062e+01 3.585929274559020996e-01
6.823625946044921875e+01 -2.261006593704223633e+00
-8.822803497314453125e+00 5.861681365966796875e+01
-4.644988250732421875e+01 -2.805977821350097656e+01
-8.630467414855957031e+00 5.184867095947265625e+01
-1.104484081268310547e+01 1.283149337768554688e+01
6.175952911376953125e+00 7.039946746826171875e+01
-6.694568634033203125e+01 -1.450585174560546875e+01
-3.170279264450073242e+00 6.933751678466796875e+01
1.983700942993164062e+01 7.242329406738281250e+01
-2.223982238769531250e+01 -2.847084426879882812e+01
-3.598062098026275635e-01 3.618230342864990234e+00
6.550632476806640625e+01 1.845080018043518066e+00
-6.510080718994140625e+01 -1.659583091735839844e+01
5.825664520263671875e+00 7.393566894531250000e+01
4.259544849395751953e+00 7.103639984130859375e+01
4.946284103393554688e+01 2.819363212585449219e+01
1.060048961639404297e+01 8.303382873535156250e+01
3.517771911621093750e+01 7.063899993896484375e+01
1.112951564788818359e+01 7.859117889404296875e+01
-5.360046768188476562e+01 -1.472968935966491699e+00
4.656878471374511719e+00 5.938806915283203125e+01
5.386736297607421875e+01 -8.386647701263427734e-01
1.024046783447265625e+02 -2.680469894409179688e+01
-5.097137451171875000e+00 7.516471862792968750e+01
-7.368867397308349609e+00 -4.395876884460449219e+00
2.244351196289062500e+01 -5.347009181976318359e+00
5.908170318603515625e+01 3.285151290893554688e+01
5.409939575195312500e+01 2.175686073303222656e+01
6.487959289550781250e+01 -2.599363899230957031e+01
4.114023971557617188e+01 -6.304388046264648438e+00
2.884069824218750000e+01 -6.098561763763427734e+00
-4.680973529815673828e+00 -1.295871376991271973e+00
-8.627874404191970825e-02 6.540608215332031250e+01
7.550405025482177734e+00 5.891637802124023438e+01
7.835812568664550781e+00 7.106778717041015625e+01
-2.985650897026062012e-01 3.720377349853515625e+01
9.405797004699707031e+00 5.690787124633789062e+01
4.500251388549804688e+01 7.442063689231872559e-01
5.700228500366210938e+01 -2.060834503173828125e+01
9.519361114501953125e+01 -2.152485466003417969e+01
6.956782531738281250e+01 9.616487503051757812e+00
6.458632659912109375e+01 4.074354171752929688e+00
-1.198457050323486328e+01 6.622491455078125000e+01
2.911483287811279297e+00 4.002550125122070312e+01
1.564430475234985352e+00 7.926129913330078125e+01
5.287135601043701172e+00 6.658010864257812500e+01
3.320966720581054688e+01 7.106044006347656250e+01
-3.878052520751953125e+01 -8.167994499206542969e+00
-1.528861427307128906e+01 1.242356300354003906e+01
1.095735836029052734e+01 7.292892456054687500e+01
5.068972396850585938e+01 3.151225471496582031e+01
-1.478952026367187500e+01 9.816369056701660156e+00
-4.004914474487304688e+01 -8.100161552429199219e+00
-5.461450576782226562e+01 -2.672148895263671875e+01
2.240031814575195312e+01 -5.190328598022460938e+00
-4.244689941406250000e+01 -1.962517547607421875e+01
-3.411940765380859375e+01 -5.212803483009338379e-01
1.499596595764160156e+01 -4.229186058044433594e+00
1.395674228668212891e+01 5.615330886840820312e+01
2.838144063949584961e+00 7.397549438476562500e+01
1.525926017761230469e+01 7.690058135986328125e+01
3.307703018188476562e+01 -4.778062343597412109e+00
6.657042694091796875e+01 -2.556019306182861328e+00
3.164409255981445312e+01 7.252965545654296875e+01
9.533127593994140625e+01 -2.383269882202148438e+01
-4.186092376708984375e+01 -1.897602081298828125e+01
-4.013599395751953125e+01 5.882007598876953125e+00
4.500544738769531250e+01 -1.936074638366699219e+01
1.516154670715332031e+01 8.303649139404296875e+01
8.226056694984436035e-01 7.253765106201171875e+01
-1.687913513183593750e+01 1.896661758422851562e+01
5.304856491088867188e+01 -6.740272521972656250e+00
2.010250473022460938e+01 -6.416375637054443359e+00
4.637515640258789062e+01 3.153291702270507812e+01
1.223607635498046875e+01 5.543924713134765625e+01
-6.865937042236328125e+01 -1.708680343627929688e+01
6.783968353271484375e+01 3.353630065917968750e+00
3.623702621459960938e+01 1.720267868041992188e+01
4.311924743652343750e+01 2.489249420166015625e+01
4.918613052368164062e+01 1.282185459136962891e+01
-1.846541643142700195e+00 -3.469821691513061523e+00
-1.672109603881835938e+01 -2.997720718383789062e+00
6.572356414794921875e+01 -2.828969955444335938e-01
4.063038635253906250e+01 2.861829948425292969e+01
-7.503843784332275391e+00 7.556394195556640625e+01
5.599200820922851562e+01 -2.299973011016845703e+00
5.206425857543945312e+01 3.274644088745117188e+01
5.531904602050781250e+01 4.903842926025390625e+00
-3.653911590576171875e+01 1.944090461730957031e+01
3.964643859863281250e+01 -2.771491432189941406e+01
5.498548126220703125e+01 -4.837502956390380859e+00
-6.588000488281250000e+01 3.470197916030883789e+00
4.380678939819335938e+01 3.194622039794921875e+01
5.489962005615234375e+01 -4.660120010375976562e+00
4.339505767822265625e+01 2.280201721191406250e+01
5.074485397338867188e+01 2.640170478820800781e+01
2.773263549804687500e+01 -2.429706192016601562e+01
1.347337341308593750e+01 5.511468887329101562e+01
4.576226425170898438e+01 2.664743232727050781e+01
-1.963028144836425781e+01 1.050971698760986328e+01
-8.127363204956054688e+00 -1.288201451301574707e+00
4.654275894165039062e+01 -1.253309440612792969e+01
-5.315159988403320312e+01 -1.016415596008300781e+01
8.129898071289062500e+00 5.753145599365234375e+01
-8.155459594726562500e+01 -3.796527862548828125e+01
4.675135040283203125e+01 2.804887580871582031e+01
3.674318695068359375e+01 7.135352325439453125e+01
1.484153842926025391e+01 7.968179321289062500e+01
4.370270538330078125e+01 -7.329079151153564453e+00
6.186619949340820312e+01 -1.864281272888183594e+01
6.096954345703125000e+01 -2.332374191284179688e+01
-4.108874893188476562e+01 3.352431869506835938e+01
1.482487583160400391e+01 5.316840362548828125e+01
4.342114639282226562e+01 9.897593498229980469e+00
6.674977111816406250e+01 1.009572315216064453e+01
1.074108219146728516e+01 7.111373901367187500e+01
4.886051559448242188e+01 2.250167083740234375e+01
6.887000274658203125e+01 -3.033475112915039062e+01
5.212071895599365234e+00 7.148348236083984375e+01
1.611706542968750000e+01 -1.562256455421447754e+00
5.304422760009765625e+01 -2.183670401573181152e-01
2.304110288619995117e+00 2.989663124084472656e+00
5.546499633789062500e+01 2.141474533081054688e+01
7.005159759521484375e+01 -2.744877815246582031e+01
3.696142196655273438e+01 7.146961975097656250e+01
-4.995438003540039062e+01 9.099338531494140625e+00
4.882931709289550781e+00 4.255497741699218750e+01
5.201007843017578125e+00 6.945673370361328125e+01
1.266100978851318359e+01 6.865071868896484375e+01
6.826413726806640625e+01 4.743170142173767090e-01
5.150538253784179688e+01 2.163588714599609375e+01
6.237173080444335938e+01 1.566729545593261719e+01
5.403330993652343750e+01 -3.295743942260742188e+00
-5.876826477050781250e+01 4.204475879669189453e+00
6.560932922363281250e+01 -2.332417368888854980e-01
5.861923599243164062e+01 5.637787342071533203e+00
-5.736870574951171875e+01 -9.572019577026367188e+00
-1.785074996948242188e+01 3.631079196929931641e+00
6.220639228820800781e+00 5.960093688964843750e+01
4.481723022460937500e+01 -1.000639557838439941e+00
-1.377072334289550781e+01 -6.388468265533447266e+00
-8.607109069824218750e+00 -1.416070270538330078e+01
1.437917041778564453e+01 7.853788757324218750e+01
-1.683152198791503906e+01 -9.137022018432617188e+00
-5.110138702392578125e+01 -3.705789947509765625e+01
5.552072906494140625e+01 7.125116586685180664e-01
1.510538387298583984e+01 -6.433633565902709961e-01
3.996087265014648438e+01 -1.501858711242675781e+01
6.459602355957031250e+01 -2.472102928161621094e+01
-8.021805763244628906e+00 2.600584411621093750e+01
-5.512239837646484375e+01 -1.563764953613281250e+01
5.599017333984375000e+01 1.662614440917968750e+01
1.655896186828613281e+00 6.089267349243164062e+01
4.146394729614257812e+00 -5.582606196403503418e-01
-1.964169883728027344e+01 2.327564954757690430e+00
5.390013885498046875e+01 1.158548831939697266e+00
3.458289337158203125e+01 6.780878448486328125e+01
1.696330642700195312e+01 7.799787139892578125e+01
6.916576862335205078e+00 5.461278915405273438e+01
-1.439930319786071777e+00 6.491919708251953125e+01
4.822119903564453125e+01 -1.666591072082519531e+01
1.546673488616943359e+01 5.750965118408203125e+01
5.411811447143554688e+01 3.451573103666305542e-02
-3.010527038574218750e+01 1.530399036407470703e+01
5.202692413330078125e+01 -6.099497318267822266e+00
5.108407592773437500e+01 7.176211476325988770e-01
-3.576938247680664062e+01 -4.129752159118652344e+00
6.747174072265625000e+01 4.342303276062011719e+00
-3.378984689712524414e+00 7.782953643798828125e+01
4.914756774902343750e+00 6.096547698974609375e+01
5.091500473022460938e+01 3.139381599426269531e+01
4.090655899047851562e+01 2.859661865234375000e+01
-1.992734670639038086e+00 7.761136627197265625e+01
2.760273170471191406e+01 -4.595827579498291016e+00
-2.688275146484375000e+01 -2.647237062454223633e+00
1.696828842163085938e+01 7.635523223876953125e+01
5.824780654907226562e+01 -1.957656294107437134e-01
5.942242813110351562e+01 -2.476967811584472656e+01
5.945208740234375000e+01 -2.468415832519531250e+01
-2.110862159729003906e+01 1.604919624328613281e+01
1.005189800262451172e+01 6.534511566162109375e+01
3.047323417663574219e+01 6.818988800048828125e+01
5.627498626708984375e+01 1.842748069763183594e+01
-2.866899299621582031e+01 2.395135498046875000e+01
4.344985961914062500e+01 -1.949170875549316406e+01
-7.249038696289062500e+01 2.423586368560791016e+00
5.915552902221679688e+01 -2.628399658203125000e+01
2.219213104248046875e+01 -7.949872016906738281e+00
6.230232620239257812e+01 -5.791226625442504883e-01
5.852924346923828125e+00 6.881193542480468750e+01
6.753787231445312500e+01 1.008354187011718750e+01
-8.327953338623046875e+00 7.032430267333984375e+01
2.760538864135742188e+01 7.098027801513671875e+01
3.641196060180664062e+01 6.708671569824218750e+01
6.684278869628906250e+01 1.003189849853515625e+01
5.560946273803710938e+01 2.594778633117675781e+01
6.259170913696289062e+01 6.572006225585937500e+00
1.962050247192382812e+01 -1.892952537536621094e+01
5.150756835937500000e+01 2.573648643493652344e+01
-4.078055572509765625e+01 1.021430015563964844e+00
-6.694034576416015625e+00 4.086653900146484375e+01
-3.768000030517578125e+01 -8.145239949226379395e-01
6.448661041259765625e+01 -5.968253612518310547e+00
