-1.801714897155761719e+01 -1.541828727722167969e+01
-7.221151733398437500e+01 -1.986490821838378906e+01
-3.636781311035156250e+01 1.356334018707275391e+01
4.295462417602539062e+01 -3.007959365844726562e+01
8.758637237548828125e+01 -1.879965209960937500e+01
3.292180633544921875e+01 -1.409562301635742188e+01
-3.030044937133789062e+01 -2.176756095886230469e+01
-7.969625091552734375e+01 -2.710359191894531250e+01
-1.860097503662109375e+01 5.440885066986083984e+00
7.140116882324218750e+01 -9.628864288330078125e+00
-5.298170852661132812e+01 -2.008915901184082031e+01
5.765609359741210938e+01 -1.976787948608398438e+01
-4.655898666381835938e+01 -8.550348281860351562e+00
-6.165471649169921875e+01 -1.646250534057617188e+01
-6.291395187377929688e+01 -1.756475830078125000e+01
1.076438903808593750e+02 -1.581408977508544922e+01
-4.181836318969726562e+01 -1.515527534484863281e+01
4.377870559692382812e+01 -1.977909278869628906e+01
-6.823448944091796875e+01 1.462382030487060547e+01
-5.360295486450195312e+01 -4.486800384521484375e+01
3.953380584716796875e+01 2.844616889953613281e+01
-7.001845550537109375e+01 -2.983509254455566406e+01
-5.597948837280273438e+01 -2.098913955688476562e+01
-3.612466812133789062e+01 -4.494622707366943359e+00
-5.876715469360351562e+01 -2.560432052612304688e+01
-6.553916931152343750e+01 -3.328452301025390625e+01
-2.576960563659667969e+01 8.705155372619628906e+00
-3.071542358398437500e+01 -4.289804077148437500e+01
-6.306309890747070312e+01 3.247247636318206787e-01
-3.145961952209472656e+01 -2.682152938842773438e+01
4.134081840515136719e+00 -2.709353828430175781e+01
-7.044110870361328125e+01 -3.337593841552734375e+01
-3.614167404174804688e+01 -1.814262962341308594e+01
-2.195766067504882812e+01 -3.934641265869140625e+01
-6.348487472534179688e+01 -5.536202621459960938e+01
-4.835746765136718750e+01 -3.514850997924804688e+01
-6.220651626586914062e+01 -4.082320785522460938e+01
-7.711143493652343750e+01 -3.803450012207031250e+01
-5.795443344116210938e+01 -5.534642028808593750e+01
-6.809924316406250000e+01 1.375487709045410156e+01
-8.477964019775390625e+01 -3.344356918334960938e+01
-1.845667648315429688e+01 -7.315843582153320312e+00
-7.245706939697265625e+01 2.540922927856445312e+01
-1.032630634307861328e+01 -2.185703659057617188e+01
-6.233203887939453125e+01 -3.133438110351562500e+00
-3.704790878295898438e+01 1.814172267913818359e+00
-3.229477691650390625e+01 -2.121866607666015625e+01
-7.989947319030761719e+00 1.027164459228515625e+01
1.025644607543945312e+02 -3.076604652404785156e+01
-2.842797851562500000e+01 2.567685127258300781e+01
-5.222064971923828125e+01 -1.552283287048339844e+01
-6.707652282714843750e+01 -5.876652240753173828e+00
-7.170465850830078125e+01 -3.363139343261718750e+01
-5.503286743164062500e+01 -4.896663665771484375e+01
-2.670581054687500000e+01 3.422873687744140625e+01
-3.797725677490234375e+01 3.309522390365600586e+00
-3.315521240234375000e+01 3.204790115356445312e+00
-8.677315521240234375e+01 9.182620048522949219e+00
-1.315789699554443359e+01 2.101184368133544922e+00
-3.394481277465820312e+01 -2.688210105895996094e+01
-8.065818023681640625e+01 3.176224708557128906e+01
-6.321883392333984375e+01 -2.552568054199218750e+01
-5.246506881713867188e+01 -4.723685836791992188e+01
-8.050791740417480469e+00 -1.336735057830810547e+01
6.009409713745117188e+01 -3.238393783569335938e+01
-5.752065277099609375e+01 -8.760813713073730469e+00
-7.839080047607421875e+01 -3.039723587036132812e+01
-3.728405761718750000e+01 1.780956649780273438e+01
-8.056234741210937500e+01 -2.916965103149414062e+01
8.982154846191406250e+01 -2.094640922546386719e+01
-4.808000183105468750e+01 -5.591788101196289062e+01
-6.302044296264648438e+01 -1.966845321655273438e+01
-1.650803756713867188e+01 -2.059576225280761719e+01
-2.767103767395019531e+01 -6.285591125488281250e+00
-6.723439788818359375e+01 -1.558214187622070312e+00
-5.613424682617187500e+01 -3.140577316284179688e+01
-7.150608825683593750e+01 1.157426929473876953e+01
-3.385372161865234375e+01 -4.968780136108398438e+01
-2.786741828918457031e+01 -1.605604743957519531e+01
-2.536771774291992188e+01 4.427517890930175781e+00
-6.046886825561523438e+01 1.258630990982055664e+00
-5.350609588623046875e+01 3.058080863952636719e+01
-5.076562118530273438e+01 -3.512279891967773438e+01
-7.412923336029052734e+00 -3.921344375610351562e+01
5.547443771362304688e+01 -1.444492340087890625e+01
-4.214861679077148438e+01 -8.654581069946289062e+00
-7.295988464355468750e+01 1.803767013549804688e+01
-2.653849601745605469e+01 -5.921501159667968750e+00
-7.170845794677734375e+01 2.285342407226562500e+01
-3.783587265014648438e+01 -3.978967666625976562e+01
-2.591150856018066406e+01 -3.777822971343994141e+00
8.676929473876953125e+01 6.282287120819091797e+00
1.115836410522460938e+02 -2.732040786743164062e+01
-4.794319534301757812e+01 -1.845061874389648438e+01
6.650359344482421875e+01 -4.984086513519287109e+00
-5.536130523681640625e+01 -2.167411994934082031e+01
6.611881256103515625e+01 -2.471409797668457031e+01
-5.640396118164062500e+01 -1.518691897392272949e+00
-2.793551254272460938e+01 3.862336874008178711e-01
-5.389894866943359375e+01 -4.538486862182617188e+01
8.125579833984375000e+01 -5.365754127502441406e+00
-6.309535980224609375e+01 3.621745586395263672e+00
-5.295960617065429688e+01 -4.193679809570312500e+01
-1.904590225219726562e+01 5.627673339843750000e+01
-6.763138580322265625e+01 -1.476205348968505859e+01
-3.703206253051757812e+01 -3.560361385345458984e+00
9.325328063964843750e+01 -7.984556198120117188e+00
-7.111523437500000000e+01 1.779225158691406250e+01
-6.442519378662109375e+01 -7.268911361694335938e+00
8.900733184814453125e+01 -1.969101524353027344e+01
-6.376525497436523438e+01 -2.672654151916503906e+01
-2.887884521484375000e+01 -2.190097236633300781e+01
2.571815299987792969e+01 5.930988693237304688e+01
-2.477558708190917969e+01 -3.691424560546875000e+01
5.330159759521484375e+01 -1.821998596191406250e+01
-5.011240768432617188e+01 -3.716413879394531250e+01
-7.363299560546875000e+01 -2.146785545349121094e+01
-5.116585159301757812e+01 -9.964675903320312500e+00
-4.729805374145507812e+01 -4.275144577026367188e+01
-2.080209732055664062e+01 -4.486583328247070312e+01
-1.515385246276855469e+01 -2.184862899780273438e+01
-2.620518112182617188e+01 -2.032637977600097656e+01
-3.969218826293945312e+01 6.198749542236328125e+00
-5.705784225463867188e+01 4.671374559402465820e-01
-3.909074020385742188e+01 1.276873111724853516e+01
-5.927814483642578125e+01 -1.877486228942871094e+01
-5.430085754394531250e+01 -5.837927627563476562e+01
6.572399902343750000e+01 -2.615600585937500000e+01
-7.077765655517578125e+01 2.595006561279296875e+01
-9.920413970947265625e+00 -5.153094482421875000e+01
-7.519761657714843750e+01 -2.208683776855468750e+01
-7.902771759033203125e+01 1.342475700378417969e+01
-6.076819610595703125e+01 -1.474635696411132812e+01
-3.212561798095703125e+01 6.421374320983886719e+00
-5.044893646240234375e+01 -4.491927337646484375e+01
-5.961160659790039062e+01 -3.983150482177734375e+01
-7.077147674560546875e+01 -3.466222000122070312e+01
-3.223629379272460938e+01 -1.770593833923339844e+01
-4.911538696289062500e+01 -1.481742477416992188e+01
-7.588483428955078125e+01 -4.380045700073242188e+01
-6.402858734130859375e+01 -7.212852954864501953e+00
-3.132472801208496094e+01 -4.576964378356933594e+00
-6.241178512573242188e+01 -3.211125564575195312e+01
-5.403984069824218750e+01 -9.113637924194335938e+00
-1.759306073188781738e+00 -3.942764282226562500e+01
-7.667643737792968750e+01 2.154085350036621094e+01
-6.311514663696289062e+01 -9.695983886718750000e+00
-6.243729019165039062e+01 4.016410350799560547e+00
-4.266729354858398438e+01 -3.200424432754516602e+00
-6.237473678588867188e+01 -3.127247428894042969e+01
-7.111138153076171875e+01 -3.495254516601562500e+01
-4.704045104980468750e+01 -4.706043624877929688e+01
-3.162786102294921875e+01 -2.512155723571777344e+01
-2.784842681884765625e+01 -5.435329437255859375e+01
-6.776161956787109375e+01 1.936509513854980469e+01
-5.610479354858398438e+01 1.209007835388183594e+01
-5.140631484985351562e+01 -4.487954139709472656e+00
-6.538006591796875000e+01 2.093635177612304688e+01
2.952581024169921875e+01 -1.710315346717834473e+00
-2.976541328430175781e+01 1.820095443725585938e+01
-4.311477661132812500e+01 -4.382117080688476562e+01
-7.423030090332031250e+01 -5.858171463012695312e+00
-7.986816406250000000e+01 2.600663948059082031e+01
-6.174009704589843750e+01 -2.635682678222656250e+01
-6.487787628173828125e+01 -2.933917236328125000e+01
-5.436680603027343750e+01 -2.404184913635253906e+01
7.464220428466796875e+01 1.799892997741699219e+01
-7.125010681152343750e+01 9.092173576354980469e+00
-5.906652450561523438e+01 -1.019010925292968750e+01
-6.048794937133789062e+01 2.521923780441284180e+00
-6.922621917724609375e+01 -9.329516410827636719e+00
-7.641139984130859375e+01 -1.914035224914550781e+01
-5.319425964355468750e+01 -7.255721569061279297e+00
-2.034699630737304688e+01 1.282034683227539062e+01
-7.806251525878906250e+01 2.088181495666503906e+01
-2.264900970458984375e+01 -7.396349906921386719e+00
-7.358489990234375000e+01 1.352437686920166016e+01
-4.017808151245117188e+01 -3.743777465820312500e+01
-6.458594512939453125e+01 -4.086053466796875000e+01
-4.168047714233398438e+01 -9.987546920776367188e+00
-8.017704772949218750e+01 -4.165526926517486572e-01
-3.769472122192382812e+01 -2.982678413391113281e+01
-5.597489929199218750e+01 -4.855487346649169922e+00
-2.517502021789550781e+01 -2.460429191589355469e+01
-6.682868480682373047e+00 4.215732955932617188e+01
6.458628082275390625e+01 -3.254613494873046875e+01
-7.503736114501953125e+01 -2.715263175964355469e+01
-7.850926208496093750e+01 1.934965705871582031e+01
-2.410012435913085938e+01 7.843405723571777344e+00
-4.165397644042968750e+01 -2.154162979125976562e+01
-7.872245025634765625e+01 1.587163257598876953e+01
-4.282942581176757812e+01 -3.294770812988281250e+01
-1.437647533416748047e+01 -3.901066970825195312e+01
-7.583132934570312500e+01 2.022181129455566406e+01
-3.684970092773437500e+01 5.161976337432861328e+00
-5.446977615356445312e+01 -7.553603053092956543e-01
-4.360853195190429688e+01 -4.268006896972656250e+01
-3.539311981201171875e+01 -1.866457700729370117e+00
-5.982754898071289062e+01 -1.193918991088867188e+01
-2.503968048095703125e+01 6.168804168701171875e+01
-7.046923065185546875e+01 1.857808303833007812e+01
-6.161900329589843750e+01 -1.963620185852050781e+01
-5.950719833374023438e+01 1.085851097106933594e+01
-3.094532203674316406e+01 3.909536123275756836e+00
-3.755037307739257812e+01 -1.640451622009277344e+01
-7.126940917968750000e+01 -4.288128280639648438e+01
5.758779144287109375e+01 -2.533164978027343750e+01
6.201404094696044922e+00 -1.776080513000488281e+01
-6.966789245605468750e+01 -4.864140701293945312e+01
-3.869521713256835938e+01 -4.288005447387695312e+01
-6.282614135742187500e+01 -3.035946083068847656e+01
-5.834856033325195312e+01 -2.026783561706542969e+01
-3.540164184570312500e+01 -9.193399429321289062e+00
-3.504199600219726562e+01 1.080852890014648438e+01
-5.427658462524414062e+01 -1.379588794708251953e+01
-6.643511199951171875e+01 -1.997985458374023438e+01
5.729273986816406250e+01 3.592593383789062500e+01
-9.919957160949707031e+00 -5.153071975708007812e+01
-7.877714538574218750e+01 -3.547006607055664062e+01
-5.831683349609375000e+01 -1.531031131744384766e+01
-6.777491760253906250e+01 -6.420503616333007812e+00
-7.006103515625000000e+01 -5.177131652832031250e+01
-6.467442321777343750e+01 -3.432324981689453125e+01
-7.492037963867187500e+01 2.769191265106201172e+00
-5.740367889404296875e+01 1.098582458496093750e+01
-3.841390228271484375e+01 -4.574847030639648438e+01
-2.052553939819335938e+01 -1.820217323303222656e+01
-7.531820678710937500e+01 1.589660358428955078e+01
-4.646391296386718750e+01 -4.192136383056640625e+01
-3.509873199462890625e+01 -2.146660995483398438e+01
-5.439436721801757812e+01 1.104624080657958984e+01
-2.973528289794921875e+01 -1.002584838867187500e+01
-3.404222106933593750e+01 -3.747832489013671875e+01
-5.386640167236328125e+01 -1.362452602386474609e+01
1.064859771728515625e+02 -1.745623588562011719e+01
8.108612823486328125e+01 -1.605462455749511719e+01
-5.169115066528320312e+00 -1.126432120800018311e-01
-4.767309951782226562e+01 1.004623889923095703e+01
-1.790829086303710938e+01 5.613445043563842773e-01
-4.960996246337890625e+01 -4.118054962158203125e+01
2.616900205612182617e+00 1.592106819152832031e+01
7.515145874023437500e+01 1.734372711181640625e+01
-7.542095184326171875e+01 2.578741836547851562e+01
-4.543636703491210938e+01 1.498856639862060547e+01
-2.175627326965332031e+01 -1.288324260711669922e+01
-2.715289688110351562e+01 -4.516517639160156250e+01
-6.861736297607421875e+00 -1.720161628723144531e+01
-2.794129371643066406e+01 3.052814865112304688e+01
-4.313854598999023438e+01 1.715361976623535156e+01
-7.005475616455078125e+01 -7.392266273498535156e+00
-6.845870208740234375e+01 2.690649795532226562e+01
-7.371359252929687500e+01 -2.828829383850097656e+01
-7.117763519287109375e+01 -1.571188926696777344e+01
-2.063096809387207031e+01 -5.199897003173828125e+01
7.512577056884765625e+01 -3.634265136718750000e+01
-3.989778518676757812e+01 8.991085052490234375e+00
-2.383620262145996094e+01 -1.080247020721435547e+01
-7.984739303588867188e+00 -2.882606697082519531e+01
-6.813446044921875000e+01 -3.978513336181640625e+01
-6.303969573974609375e+01 -2.827440071105957031e+01
-7.025698089599609375e+01 -9.943116903305053711e-01
-6.119351959228515625e+01 -4.922534942626953125e+01
-3.469897079467773438e+01 1.163334941864013672e+01
-4.732349777221679688e+01 1.582647418975830078e+01
-5.531079101562500000e+01 -4.309896469116210938e+01
-5.380780792236328125e+01 -1.039460849761962891e+01
-3.940269088745117188e+01 4.123593902587890625e+01
-1.023554325103759766e+01 3.335765838623046875e+01
-8.051771545410156250e+01 1.673131370544433594e+01
-4.188129806518554688e+01 9.840168952941894531e+00
-7.338228607177734375e+01 2.165769195556640625e+01
-7.025226593017578125e+01 -4.502991104125976562e+01
9.067844390869140625e+01 2.139457702636718750e+00
-6.215388870239257812e+01 -4.168247985839843750e+01
7.479202270507812500e+01 -5.172688961029052734e+00
-7.119014739990234375e+01 -4.312145233154296875e+01
-5.672412490844726562e+01 -1.471230220794677734e+01
1.501781463623046875e+00 2.393069267272949219e+00
7.212861633300781250e+01 9.059899330139160156e+00
-5.357355880737304688e+01 -3.880973052978515625e+01
-6.247811508178710938e+01 -3.845487594604492188e+01
-3.916241836547851562e+01 -1.025921344757080078e+01
-6.848416900634765625e+01 -3.913904571533203125e+01
-6.212392044067382812e+01 -1.104530715942382812e+01
-9.613891601562500000e+00 -1.460738754272460938e+01
-6.092085266113281250e+01 1.912341308593750000e+01
-4.374703598022460938e+01 -5.322141647338867188e+00
-3.942854309082031250e+01 4.238436508178710938e+01
-1.068127036094665527e+00 -8.390088081359863281e+00
-4.727457046508789062e+01 -3.193479537963867188e+01
-8.463476562500000000e+01 -2.331582832336425781e+01
-5.573088455200195312e+01 -5.182558059692382812e+01
1.420443534851074219e+01 6.825008392333984375e+01
-1.399114418029785156e+01 1.174191188812255859e+01
-7.836968231201171875e+01 -2.327444458007812500e+01
5.387098312377929688e+01 3.868303298950195312e+01
-4.129721069335937500e+01 1.968355941772460938e+01
-6.103015518188476562e+01 -4.305638885498046875e+01
-2.916913986206054688e+01 -2.169114494323730469e+01
-5.972998428344726562e+01 1.097249984741210938e+01
-4.883965682983398438e+01 -1.231641864776611328e+01
1.114229965209960938e+01 -6.892488598823547363e-01
-4.905048751831054688e+01 -2.352732467651367188e+01
-4.435085678100585938e+01 -2.586545753479003906e+01
-5.966565704345703125e+01 -3.892465829849243164e+00
2.987653255462646484e+00 -3.575273132324218750e+01
-4.444348526000976562e+01 -4.680799865722656250e+01
-7.343516540527343750e+01 4.149465560913085938e+01
-5.744620895385742188e+01 -3.343817138671875000e+01
-6.872966003417968750e+01 -2.100311660766601562e+01
-4.105333709716796875e+01 2.297158050537109375e+01
-4.507468032836914062e+01 1.470693588256835938e+01
-5.637483978271484375e+01 3.077927780151367188e+01
-5.264633178710937500e+01 -2.619952964782714844e+01
-7.670633697509765625e+01 -1.435573387145996094e+01
-6.658442687988281250e+01 -4.395994949340820312e+01
-2.959102439880371094e+01 -2.539090919494628906e+01
-5.770540237426757812e+01 1.435860633850097656e+01
-5.002873229980468750e+01 -4.095576477050781250e+01
8.669519042968750000e+01 -2.402900886535644531e+01
-6.633863067626953125e+01 -1.666308403015136719e+01
-2.980529212951660156e+01 1.793345808982849121e+00
-4.452599334716796875e+01 -2.680804443359375000e+01
8.844019317626953125e+01 6.631932258605957031e+00
-5.073156738281250000e+01 -1.032889175415039062e+01
-5.638500690460205078e+00 5.034802246093750000e+01
-3.771747207641601562e+01 5.062328720092773438e+01
-3.832237625122070312e+01 3.545484542846679688e+01
-2.969236564636230469e+01 -7.257367134094238281e+00
-2.177702140808105469e+01 1.267915534973144531e+01
-5.024035644531250000e+01 -3.368023300170898438e+01
-4.866826248168945312e+01 -2.285590171813964844e+01
-2.741329193115234375e+01 1.750129127502441406e+01
-7.773234558105468750e+01 -1.288901233673095703e+01
-1.140842723846435547e+01 -2.670575523376464844e+01
-6.667668914794921875e+01 -4.613585281372070312e+01
-7.819197082519531250e+01 2.196742630004882812e+01
7.559025573730468750e+01 -1.479265594482421875e+01
-4.954069519042968750e+01 -4.926636886596679688e+01
-4.893008041381835938e+01 -3.042793464660644531e+01
-3.893448257446289062e+01 3.011513328552246094e+01
-7.164590454101562500e+01 -4.220004272460937500e+01
-6.181649780273437500e+01 -4.865179443359375000e+01
-4.847251129150390625e+01 -2.464444160461425781e+01
-2.714277267456054688e+01 -2.031155014038085938e+01
-4.029813385009765625e+01 -9.563410878181457520e-01
-6.071142959594726562e+01 -4.207889556884765625e+01
-3.391960906982421875e+01 1.904054260253906250e+01
-3.256470489501953125e+01 -1.818792074918746948e-01
-7.058129119873046875e+01 -3.645866775512695312e+01
-2.783596611022949219e+01 -2.970690536499023438e+01
-2.914829063415527344e+01 1.843353080749511719e+01
-2.004252433776855469e+01 -3.796526670455932617e+00
-2.411529731750488281e+01 -1.007109546661376953e+01
-3.420709991455078125e+01 -1.443760395050048828e+00
8.767910766601562500e+01 -2.941401481628417969e+00
-7.130175018310546875e+01 -2.659243965148925781e+01
-4.286320877075195312e+01 4.550066757202148438e+01
-5.907920837402343750e+01 5.459812641143798828e+00
-6.582035827636718750e+01 4.868843853473663330e-01
8.385543060302734375e+01 1.965371513366699219e+01
-6.720590972900390625e+01 -2.509446334838867188e+01
-6.181955337524414062e+01 -3.700639724731445312e+01
-5.021804809570312500e+01 -5.098991012573242188e+01
-6.761334228515625000e+01 -3.438299560546875000e+01
-5.789485549926757812e+01 2.213394165039062500e+01
-2.303517341613769531e+01 -2.900167083740234375e+01
7.939614105224609375e+01 1.390311336517333984e+01
-8.502043151855468750e+01 -1.146080017089843750e+01
5.349570846557617188e+01 -3.687964677810668945e+00
-8.118807220458984375e+01 -1.618657493591308594e+01
-6.356314468383789062e+01 -3.638687896728515625e+01
-7.072568511962890625e+01 -3.758621978759765625e+01
-3.161009216308593750e+01 -2.919075489044189453e+00
-6.256695938110351562e+01 -5.572360992431640625e+00
-5.220869445800781250e+01 -2.227656173706054688e+01
-6.304826736450195312e+01 -2.178040504455566406e+01
-3.652859497070312500e+01 9.466520547866821289e-01
-7.114392089843750000e+01 -3.979055023193359375e+01
-8.807773590087890625e+01 -3.188242673873901367e+00
-7.028216552734375000e+01 -2.785340309143066406e+01
5.883877182006835938e+01 -8.223896026611328125e+00
-1.841908454895019531e+01 -7.643347740173339844e+00
-7.599772644042968750e+01 -3.860968017578125000e+01
-2.366547346115112305e+00 -1.830224609375000000e+01
-8.132749938964843750e+01 1.363733386993408203e+01
-5.466616439819335938e+01 -3.851002883911132812e+01
-5.140876388549804688e+01 -2.419078636169433594e+01
-4.108794403076171875e+01 6.590590476989746094e+00
-6.457286071777343750e+01 1.068327808380126953e+01
-7.169259643554687500e+01 -4.943733215332031250e+00
-3.810380935668945312e+01 4.128110885620117188e+01
-3.166489219665527344e+01 -2.777556419372558594e+00
-7.589592742919921875e+01 -1.953525662422180176e+00
-3.181777763366699219e+01 2.792099189758300781e+01
-4.990292358398437500e+01 -3.388208389282226562e+01
-6.170758438110351562e+01 2.547866821289062500e+01
-5.462497711181640625e+01 8.534180521965026855e-01
-3.163075065612792969e+01 3.472587585449218750e+01
-6.125588607788085938e+01 2.142776107788085938e+01
-5.640876007080078125e+01 -2.961773872375488281e+01
1.432623505592346191e+00 -7.234941005706787109e+00
-7.068867492675781250e+01 2.259001731872558594e+01
-3.130426025390625000e+01 -3.164859962463378906e+01
-5.788422012329101562e+01 -4.204868698120117188e+01
-1.170136165618896484e+01 7.259786224365234375e+01
-1.845683860778808594e+01 4.579436492919921875e+01
-4.853273773193359375e+01 -4.086911392211914062e+01
-4.359017562866210938e+01 -3.034871864318847656e+01
-4.864946746826171875e+01 -3.687136840820312500e+01
-7.604556274414062500e+01 -1.346721172332763672e+01
-5.591464996337890625e+01 -1.670298576354980469e+01
-7.255606079101562500e+01 4.217694473266601562e+01
-5.510398483276367188e+01 -3.204805755615234375e+01
-3.986787796020507812e+01 -4.146860504150390625e+01
-5.179806900024414062e+01 -1.205496692657470703e+01
-6.028248977661132812e+01 6.364974021911621094e+00
-4.031298065185546875e+01 -4.434630584716796875e+01
-6.053839874267578125e+01 -2.906849098205566406e+01
-1.917689895629882812e+01 -2.829341316223144531e+01
-4.102860260009765625e+01 -3.298424148559570312e+01
2.572996139526367188e+00 1.369767475128173828e+01
-2.049866104125976562e+01 2.767244911193847656e+01
4.268400192260742188e+01 -2.601522827148437500e+01
-5.369594192504882812e+01 -4.914364242553710938e+01
-6.711464691162109375e+01 2.136709213256835938e+01
-6.761219024658203125e+01 -3.581606674194335938e+01
-3.585298538208007812e+01 3.881632804870605469e+00
4.474483871459960938e+01 -8.069650650024414062e+00
-3.331715011596679688e+01 -6.394440650939941406e+00
1.052425742149353027e+00 1.623332023620605469e+01
-5.305246734619140625e+01 -3.388578796386718750e+01
-7.906770324707031250e+01 -1.190423202514648438e+01
-7.177091217041015625e+01 4.168022155761718750e+01
-5.137054061889648438e+01 -4.030066299438476562e+01
-5.481850814819335938e+01 3.993148422241210938e+01
1.009231033325195312e+02 -3.546828460693359375e+01
-6.876628875732421875e+01 -2.644261169433593750e+01
-3.124055290222167969e+01 -3.158531951904296875e+01
-4.429028701782226562e+01 -1.694176292419433594e+01
-1.095356655120849609e+01 -3.434322738647460938e+01
-6.771482086181640625e+01 -3.551291656494140625e+01
-2.417677879333496094e+01 -2.715805244445800781e+01
-3.978455352783203125e+01 -3.439642333984375000e+01
2.970129585266113281e+01 3.296818161010742188e+01
-4.073332595825195312e+01 1.350852489471435547e+01
-6.661918640136718750e+01 -1.314292716979980469e+01
-5.789618301391601562e+01 -3.161090278625488281e+01
-6.345882415771484375e+01 -4.900350570678710938e+01
-4.566131973266601562e+01 7.797229290008544922e+00
-3.613439941406250000e+01 7.008749842643737793e-01
-2.910061836242675781e+01 -8.978176116943359375e+00
9.716278839111328125e+01 5.848573207855224609e+00
-2.103794479370117188e+01 -1.046593856811523438e+01
-5.497450637817382812e+01 -3.702604675292968750e+01
-7.779886627197265625e+01 -3.577930450439453125e+01
-4.811212158203125000e+01 -1.702926826477050781e+01
-2.204351663589477539e+00 1.503942584991455078e+01
-6.914366912841796875e+01 -6.321477413177490234e+00
-2.229168701171875000e+01 -2.891437721252441406e+01
-2.922292518615722656e+01 -3.592660903930664062e+01
-5.011009979248046875e+01 -2.966123008728027344e+01
-7.680834960937500000e+01 -1.747833251953125000e+01
-7.331878662109375000e+01 -8.458467483520507812e+00
-3.308734512329101562e+01 3.357978820800781250e+01
-8.375652313232421875e+01 -2.308419609069824219e+01
-7.629747009277343750e+01 1.409528923034667969e+01
-5.209556579589843750e+01 -2.824466323852539062e+01
-4.083158874511718750e+01 -3.938043594360351562e+01
-5.338692092895507812e+01 -4.204758453369140625e+01
-4.189425277709960938e+01 -5.168882751464843750e+01
-4.279559135437011719e+00 -2.658691787719726562e+01
-6.487423706054687500e+01 -1.868745422363281250e+01
-2.196712112426757812e+01 -1.140336036682128906e+01
-4.258130645751953125e+01 -1.418739986419677734e+01
-2.610748863220214844e+01 3.466238784790039062e+01
-3.822592926025390625e+01 -9.640929222106933594e+00
-6.268228149414062500e+01 -3.506513214111328125e+01
-7.629924011230468750e+01 1.572604942321777344e+01
-3.261723327636718750e+01 5.361795902252197266e+00
-6.307604598999023438e+01 3.130284249782562256e-01
-5.281918716430664062e+01 7.524127006530761719e+00
-5.900074005126953125e+01 2.395235252380371094e+01
-4.708037948608398438e+01 -4.693486022949218750e+01
-5.884952545166015625e+01 -8.165992736816406250e+00
-5.759854507446289062e+01 -5.182476043701171875e+01
-7.133880615234375000e+01 -4.593698883056640625e+01
9.022428894042968750e+01 -2.367628669738769531e+01
-8.957327270507812500e+01 -2.970343017578125000e+01
-2.791052627563476562e+01 -3.233084106445312500e+01
-7.561148071289062500e+01 1.441148567199707031e+01
-6.971836090087890625e+01 -2.598167610168457031e+01
-6.846184539794921875e+01 -1.265203380584716797e+01
-3.848446607589721680e-01 -2.981069183349609375e+01
-5.133369064331054688e+01 -2.307631301879882812e+01
-6.323727035522460938e+01 -3.238403320312500000e+01
-2.919409561157226562e+01 -5.724171066284179688e+01
-5.668398666381835938e+01 -1.237759685516357422e+01
-7.597232055664062500e+01 1.936558532714843750e+01
-2.711166000366210938e+01 2.152254134416580200e-01
-3.621382904052734375e+01 -1.133536243438720703e+01
-1.561168384552001953e+01 -2.101427793502807617e+00
-5.905612945556640625e+01 -4.188152790069580078e+00
-6.654821014404296875e+01 -2.590073204040527344e+01
-2.224928283691406250e+01 -1.723036193847656250e+01
6.780678558349609375e+01 -3.531176757812500000e+01
-5.416062164306640625e+01 -3.099220275878906250e+01
-5.827784729003906250e+01 -1.415227603912353516e+01
2.472673034667968750e+01 3.087566614151000977e+00
-4.255200576782226562e+01 -5.095526123046875000e+01
-1.815098404884338379e+00 -1.065724086761474609e+01
-4.418480300903320312e+01 -4.088343429565429688e+01
-5.033692169189453125e+01 -4.961580657958984375e+01
-6.263272857666015625e+01 -1.391212368011474609e+01
-8.027344512939453125e+01 2.598997879028320312e+01
-3.051409912109375000e+01 -2.096076774597167969e+01
-4.445275115966796875e+01 2.195001983642578125e+01
-6.426013183593750000e+01 3.037280082702636719e+01
-4.280545806884765625e+01 -4.553681182861328125e+01
-5.458634185791015625e+01 -5.300160884857177734e+00
-6.559046173095703125e+01 -3.921907186508178711e+00
-8.192461395263671875e+01 1.869250488281250000e+01
-2.179993057250976562e+01 -1.514624404907226562e+01
-5.591913223266601562e+01 -3.317971038818359375e+01
-5.861764144897460938e+01 3.143586349487304688e+01
2.604336357116699219e+01 7.033802509307861328e+00
-4.766108322143554688e+01 4.313844680786132812e+01
9.009041595458984375e+01 -1.765961837768554688e+01
-5.315254592895507812e+01 -1.684126853942871094e+01
-2.662060165405273438e+01 -1.129015636444091797e+01
-6.902270507812500000e+01 2.194348526000976562e+01
-2.157254028320312500e+01 2.370781517028808594e+01
-6.023018264770507812e+01 -4.478467178344726562e+01
-2.916874694824218750e+01 -5.267232513427734375e+01
-2.021974945068359375e+01 1.286124897003173828e+01
-6.794736480712890625e+01 -4.428207778930664062e+01
-3.174507331848144531e+01 -5.596635818481445312e+01
-1.622936439514160156e+01 -4.054406356811523438e+01
-6.704393005371093750e+01 -3.686241912841796875e+01
-6.625604152679443359e+00 -1.875369453430175781e+01
-5.373085021972656250e+01 -4.019911575317382812e+01
-1.155069637298583984e+01 -2.638723134994506836e+00
-4.714472198486328125e+01 1.353701019287109375e+01
-3.372834777832031250e+01 -8.460704803466796875e+00
-4.230693435668945312e+01 -2.470443534851074219e+01
-4.713051986694335938e+01 -4.242516326904296875e+01
-8.147075653076171875e+01 1.786457824707031250e+01
-5.684690475463867188e+01 -2.788528060913085938e+01
-4.641701507568359375e+01 -3.656576538085937500e+01
-8.477918243408203125e+01 -3.344250488281250000e+01
-8.163842010498046875e+01 1.296542263031005859e+01
-1.753165817260742188e+01 -1.340252494812011719e+01
-3.563395309448242188e+01 -5.570388317108154297e+00
-5.155419921875000000e+01 -3.280899047851562500e+01
5.588219070434570312e+01 -3.940458297729492188e+01
-5.456125259399414062e+01 -3.522047805786132812e+01
5.530303192138671875e+01 3.839024734497070312e+01
-3.586438751220703125e+01 -2.323695373535156250e+01
3.173895120620727539e+00 -1.707469940185546875e+01
-5.336275482177734375e+01 -3.582218551635742188e+01
-5.381738281250000000e+01 1.333968639373779297e+01
-2.369315528869628906e+01 -3.493198013305664062e+01
-6.320308303833007812e+01 -1.793072509765625000e+01
-7.042684173583984375e+01 1.287381839752197266e+01
-7.040528869628906250e+01 1.231261730194091797e+01
-2.543808937072753906e+01 2.618329429626464844e+01
-2.359324836730957031e+01 2.165627956390380859e+00
-4.027228546142578125e+01 -3.278560638427734375e+01
-9.859677314758300781e+00 3.279510116577148438e+01
-7.945117950439453125e+01 -1.488577556610107422e+01
-7.735348510742187500e+01 -2.045495986938476562e+01
-4.197745513916015625e+01 -2.784338378906250000e+01
-3.604907989501953125e+01 3.708313751220703125e+01
-4.389033508300781250e+01 -7.537366390228271484e+00
-4.028068923950195312e+01 -1.265959072113037109e+01
-3.864543151855468750e+01 -3.677688217163085938e+01
-4.600172042846679688e+01 -4.489841461181640625e+01
-5.726346588134765625e+01 -4.874673080444335938e+01
-5.070543670654296875e+01 1.061898231506347656e+01
-7.603509902954101562e+00 -3.703828811645507812e+01
-2.181761932373046875e+01 -4.544836044311523438e+01
-6.368632507324218750e+01 6.229145526885986328e+00
-6.974427795410156250e+01 -2.783295440673828125e+01
-5.026171493530273438e+01 -3.322508811950683594e+00
-4.549578857421875000e+01 -1.373449325561523438e+00
-5.662075424194335938e+01 -2.602478027343750000e+01
-7.592118072509765625e+01 -4.379900360107421875e+01
-5.222821426391601562e+01 -3.003652381896972656e+01
-3.456349945068359375e+01 8.976101875305175781e+00
9.621974945068359375e+01 -3.451680421829223633e+00
-5.184392166137695312e+01 -3.554914474487304688e+01
-6.058797454833984375e+01 -3.622937011718750000e+01
-6.431639099121093750e+01 -3.874942016601562500e+01
-5.140521240234375000e+01 -3.119237518310546875e+01
-4.519942092895507812e+01 5.836425781250000000e+00
-4.332072448730468750e+01 -3.465771102905273438e+01
6.063323211669921875e+01 2.112211036682128906e+01
-6.291653823852539062e+01 -1.195292091369628906e+01
-1.790270996093750000e+01 5.644782185554504395e-01
-6.456200408935546875e+01 1.566393756866455078e+01
-6.792900085449218750e+01 -4.719614028930664062e+01
-5.073887634277343750e+01 -1.369356250762939453e+01
-5.884221553802490234e+00 -7.038373947143554688e+00
-3.983044815063476562e+01 3.730636215209960938e+01
-3.964075851440429688e+01 -3.451644897460937500e+01
-5.254573822021484375e+01 -1.380697154998779297e+01
-8.113282012939453125e+01 -2.917686462402343750e+01
-2.609623527526855469e+01 -3.771100616455078125e+01
-5.405170822143554688e+01 -1.011838912963867188e+01
-4.395288848876953125e+01 -2.301912689208984375e+01
-9.206586837768554688e+00 5.996261596679687500e+00
-5.029254150390625000e+01 -5.039225101470947266e+00
6.902008819580078125e+01 5.996442794799804688e+00
-4.783508682250976562e+01 -4.471262741088867188e+01
-7.819052886962890625e+01 7.066665649414062500e+00
-2.945511245727539062e+01 -5.777828216552734375e+01
9.363552093505859375e+00 7.180221080780029297e-01
-4.514639663696289062e+01 -3.445249176025390625e+01
-5.948665237426757812e+01 -3.600153350830078125e+01
-5.895799255371093750e+01 -3.715416717529296875e+01
-4.272091293334960938e+01 1.426748943328857422e+01
-5.397576141357421875e+01 -3.758508682250976562e+01
-7.193318176269531250e+01 -2.362450599670410156e+01
-5.616695785522460938e+01 1.902433395385742188e+01
1.894684600830078125e+01 -3.607700824737548828e+00
-6.170273971557617188e+01 -2.592584419250488281e+01
-5.047359085083007812e+01 -4.196616363525390625e+01
-6.952959442138671875e+01 -3.555597686767578125e+01
-4.176653671264648438e+01 -3.236328125000000000e+01
-7.658772277832031250e+01 9.057924270629882812e+00
-6.805466461181640625e+01 -2.779447937011718750e+01
-6.849523162841796875e+01 -2.472579956054687500e+01
-8.157514953613281250e+01 -6.714087486267089844e+00
-7.048552703857421875e+01 -5.021216964721679688e+01
-3.038370513916015625e+01 -1.836075782775878906e+01
-6.343756866455078125e+01 1.344854450225830078e+01
-2.725370788574218750e+01 -3.104666328430175781e+01
-4.632901763916015625e+01 -3.417924118041992188e+01
-3.703084945678710938e+01 -2.475601387023925781e+01
-5.611827850341796875e+01 2.343482208251953125e+01
-4.815968704223632812e+01 3.193095397949218750e+01
-2.891570663452148438e+01 5.676047801971435547e+00
5.592930984497070312e+01 3.973247146606445312e+01
-6.226887512207031250e+01 -2.847623109817504883e+00
-3.870662307739257812e+01 -1.681007575988769531e+01
-4.507273864746093750e+01 1.159873247146606445e+00
-5.753439712524414062e+01 -4.815740203857421875e+01
-4.997414779663085938e+01 -2.547870254516601562e+01
-8.336972045898437500e+01 -2.296697425842285156e+01
-3.979870223999023438e+01 1.650627708435058594e+01
-7.069266510009765625e+01 -1.345349407196044922e+01
-6.238263702392578125e+01 -4.882424163818359375e+01
-5.017726898193359375e+01 -3.186111450195312500e+01
-5.208144187927246094e+00 5.371959304809570312e+01
-7.494227600097656250e+01 7.059542655944824219e+00
-4.673974227905273438e+01 -3.950357437133789062e+01
-5.531353378295898438e+01 -3.499095439910888672e+00
2.630001306533813477e+00 1.619489288330078125e+01
-4.945590972900390625e+01 -5.637460708618164062e+00
-5.639842224121093750e+01 -4.211672592163085938e+01
-7.825134277343750000e+01 -1.916034126281738281e+01
-4.192440414428710938e+01 -3.663459777832031250e+01
-4.452048110961914062e+01 5.584473609924316406e+00
-6.770895957946777344e+00 4.148110449314117432e-01
-4.569916534423828125e+01 -1.915255928039550781e+01
-2.271481323242187500e+01 -3.982773590087890625e+01
-7.261446380615234375e+01 1.454793739318847656e+01
-5.792457103729248047e+00 -2.403620910644531250e+01
-3.269341278076171875e+01 2.407192993164062500e+01
-1.270941066741943359e+01 5.301518630981445312e+01
-4.612115097045898438e+01 2.069967079162597656e+01
5.866517639160156250e+01 2.481932449340820312e+01
-4.162387847900390625e+01 -4.214743804931640625e+01
-3.251296615600585938e+01 8.910548090934753418e-01
-6.009849548339843750e+01 -3.230150604248046875e+01
6.630569458007812500e+01 1.880551147460937500e+01
-5.102780532836914062e+01 -3.471377944946289062e+01
-1.334187698364257812e+01 -3.443204498291015625e+01
8.444664764404296875e+01 -3.278042984008789062e+01
-2.417329406738281250e+01 1.090804958343505859e+01
-2.575632667541503906e+01 2.312282943725585938e+01
-4.331538009643554688e+01 -1.417360424995422363e+00
-5.815994644165039062e+01 -5.241327285766601562e+01
-4.558903121948242188e+01 -4.929906129837036133e-01
-5.171468734741210938e+01 -4.683449935913085938e+01
-3.692990493774414062e+01 -5.501178359985351562e+01
-7.016464233398437500e+01 -5.329560089111328125e+01
-4.607630157470703125e+01 -2.581384468078613281e+01
-2.734326744079589844e+01 -1.741332626342773438e+01
6.663530731201171875e+01 -4.830972194671630859e+00
-4.075947570800781250e+01 -6.239137649536132812e+01
-6.257826995849609375e+01 -2.710873794555664062e+01
-7.744111633300781250e+01 -5.571135520935058594e+00
-3.563000106811523438e+01 -3.572069549560546875e+01
4.702737426757812500e+01 7.256909370422363281e+00
-5.241216659545898438e+01 -1.926842689514160156e+01
-2.093234634399414062e+01 -2.269736099243164062e+01
-4.181661224365234375e+01 -4.636237716674804688e+01
7.914862823486328125e+01 -7.680041313171386719e+00
-4.226952743530273438e+01 3.396408557891845703e+00
-3.626335906982421875e+01 4.141333007812500000e+01
-6.947344970703125000e+01 2.071006965637207031e+01
-6.901688385009765625e+01 -6.454628467559814453e+00
-3.678144454956054688e+01 -1.650778198242187500e+01
-5.563217163085937500e+01 5.289047241210937500e+00
-3.319718551635742188e+01 -6.363654613494873047e+00
-7.136195373535156250e+01 -1.914994239807128906e+01
-6.630786132812500000e+01 -8.371990203857421875e+00
-9.733520507812500000e+00 5.286542129516601562e+01
-1.138489818572998047e+01 5.209966278076171875e+01
-4.800727462768554688e+01 -2.473693132400512695e+00
-5.583241271972656250e+01 -1.593031120300292969e+01
9.034115600585937500e+01 -1.901646804809570312e+01
-4.199981307983398438e+01 -1.878092002868652344e+01
-7.098026275634765625e+01 4.201360702514648438e+01
-7.131774139404296875e+01 4.120063781738281250e+01
-1.369851303100585938e+01 1.620631980895996094e+01
6.730608367919921875e+01 -1.202814388275146484e+01
-4.930272674560546875e+01 1.749521827697753906e+01
-1.148277091979980469e+01 -1.169367218017578125e+01
-5.419042968750000000e+01 -5.869472885131835938e+01
-6.649593353271484375e+01 -4.842739486694335938e+01
-3.199110412597656250e+01 -1.401291561126708984e+01
-7.920484924316406250e+01 1.279557991027832031e+01
-7.001837921142578125e+01 -1.118923473358154297e+01
-5.201065063476562500e+01 1.479305839538574219e+01
-6.796346282958984375e+01 3.058271026611328125e+01
-7.531484222412109375e+01 -4.932081222534179688e+01
-4.496327209472656250e+01 -3.672856330871582031e+00
-7.534625244140625000e+01 5.593941211700439453e+00
-1.834825325012207031e+01 -1.845857620239257812e+01
-1.036564922332763672e+01 3.393619155883789062e+01
-4.460472583770751953e+00 -3.415848541259765625e+01
-2.915857887268066406e+01 -5.276369094848632812e+01
-4.952505874633789062e+01 -1.194259548187255859e+01
-7.422007751464843750e+01 2.394360733032226562e+01
-1.995919990539550781e+01 6.623349189758300781e+00
-6.027197265625000000e+01 -4.742263793945312500e+01
-3.221208953857421875e+01 -2.510312461853027344e+01
6.109585571289062500e+01 -1.056845188140869141e+01
-4.255471038818359375e+01 4.126824569702148438e+01
6.237616729736328125e+01 -2.555894088745117188e+01
-3.958366012573242188e+01 -2.695782470703125000e+01
-1.938834762573242188e+01 -5.128099822998046875e+01
-2.922438812255859375e+01 -1.879217529296875000e+01
4.946805953979492188e+00 -3.332070922851562500e+01
-2.561314773559570312e+01 9.489243507385253906e+00
-6.447402954101562500e+01 3.219009017944335938e+01
-1.939937400817871094e+01 -5.128601455688476562e+01
-4.106530761718750000e+01 1.452330112457275391e+01
-4.920615386962890625e+01 -3.708197021484375000e+01
-2.983201265335083008e+00 -1.956776809692382812e+01
-2.129499053955078125e+01 -2.245992469787597656e+01
-3.684441375732421875e+01 -2.638592147827148438e+01
7.340896606445312500e+01 1.172865962982177734e+01
-5.551919174194335938e+01 1.629635810852050781e+01
-5.195322799682617188e+01 9.616223335266113281e+00
-4.245069503784179688e+01 -2.996942710876464844e+01
-2.176668930053710938e+01 6.306208133697509766e+00
-2.808938217163085938e+01 -7.802188873291015625e+00
-2.550651741027832031e+01 -3.269865417480468750e+01
7.331865692138671875e+01 -3.712827682495117188e+00
2.172543525695800781e+01 1.136914062500000000e+01
-6.073604202270507812e+01 7.477304339408874512e-01
-5.766232681274414062e+01 2.817648315429687500e+01
-6.326245117187500000e+01 -4.253098678588867188e+01
-5.657088851928710938e+01 3.365126609802246094e+00
-2.919596862792968750e+01 -7.360069274902343750e+00
-7.530980682373046875e+01 -4.932337951660156250e+01
-3.030816841125488281e+01 4.680057907104492188e+01
-5.243616104125976562e+01 -7.649392604827880859e+00
-2.359343528747558594e+01 -6.817057132720947266e+00
-1.149183654785156250e+01 4.188377761840820312e+01
-4.075799179077148438e+01 -4.200568389892578125e+01
-4.189407730102539062e+01 2.257872200012207031e+01
-4.646053314208984375e+01 -4.409915924072265625e+01
-2.633197402954101562e+01 4.678863048553466797e+00
-3.599080657958984375e+01 -4.444697570800781250e+01
-3.441385650634765625e+01 -1.092389488220214844e+01
-4.761309814453125000e+01 -3.900145721435546875e+01
-1.292786407470703125e+01 -1.487212753295898438e+01
-2.584824562072753906e+01 -1.245898628234863281e+01
-5.818683624267578125e+01 -3.953452301025390625e+01
-6.107357406616210938e+01 -5.002192306518554688e+01
-5.978248977661132812e+01 -1.656346893310546875e+01
-2.783285140991210938e+01 -1.310573959350585938e+01
-8.130258941650390625e+01 -1.420774936676025391e+01
-3.405837631225585938e+01 -2.946925544738769531e+01
-5.881645202636718750e+01 7.811547756195068359e+00
3.432686567306518555e+00 1.171312618255615234e+01
-6.203504180908203125e+01 -3.587501144409179688e+01
1.731222724914550781e+01 6.843637084960937500e+01
-4.188899993896484375e+01 -1.173027515411376953e+01
-6.080492401123046875e+01 5.338518619537353516e+00
-1.723420524597167969e+01 -3.549426651000976562e+01
-7.023595428466796875e+01 4.247863006591796875e+01
-4.183683395385742188e+01 -3.485417938232421875e+01
1.066486835479736328e+00 6.023672103881835938e+01
-3.279906463623046875e+01 1.052856922149658203e+01
-7.535684204101562500e+01 -1.299008560180664062e+01
-6.491476440429687500e+01 -2.234144973754882812e+01
-5.854801559448242188e+01 3.358954668045043945e+00
-6.189995574951171875e+01 -8.040140151977539062e+00
-6.043869781494140625e+01 -3.464163970947265625e+01
-5.046356964111328125e+01 -1.850337600708007812e+01
-4.984135818481445312e+01 3.634280776977539062e+01
-7.379027009010314941e-01 -2.865225601196289062e+01
-4.456737518310546875e+01 -1.269291687011718750e+01
-5.565428543090820312e+01 -4.173227691650390625e+01
-2.086407661437988281e+01 8.674258232116699219e+00
-5.594689178466796875e+01 -4.069799041748046875e+01
-7.167961883544921875e+01 2.043395805358886719e+01
3.724760055541992188e+01 8.753757476806640625e+00
8.860293579101562500e+01 -6.684940338134765625e+00
-5.129919433593750000e+01 2.111743736267089844e+01
-5.205773162841796875e+01 2.307070159912109375e+01
-7.319353485107421875e+01 1.406668186187744141e+01
-2.000926589965820312e+01 -1.623073768615722656e+01
-1.926651573181152344e+01 -2.588415908813476562e+01
-3.657362365722656250e+01 -8.326195716857910156e+00
-5.832107925415039062e+01 -1.750990676879882812e+01
-5.980077743530273438e+01 -5.476051712036132812e+01
2.212877273559570312e+01 -6.801711559295654297e+00
-2.138644027709960938e+01 1.255338191986083984e+00
-3.103289031982421875e+01 3.784029388427734375e+01
-5.042246627807617188e+01 -2.087620353698730469e+01
-7.092962646484375000e+01 3.974328994750976562e+01
-3.316483688354492188e+01 -1.251742267608642578e+01
-2.254841613769531250e+01 -5.730784893035888672e+00
-7.772393035888671875e+01 3.271615743637084961e+00
-1.927186775207519531e+01 -2.254654884338378906e+01
-7.242080688476562500e+01 8.138636589050292969e+00
-4.746006011962890625e+01 -2.548588180541992188e+01
-3.944235992431640625e+01 -4.719404602050781250e+01
-5.084585189819335938e+01 1.810944557189941406e+01
-5.150632476806640625e+01 7.616177082061767578e+00
-6.156036758422851562e+01 1.461690521240234375e+01
-3.055131340026855469e+01 -1.131821632385253906e+01
-4.811761093139648438e+01 -1.700630378723144531e+01
-5.732495117187500000e+01 2.117849731445312500e+01
-5.539957427978515625e+01 1.121679878234863281e+01
-1.208199405670166016e+01 -2.583815193176269531e+01
-5.889889526367187500e+01 -3.438343811035156250e+01
-1.710977745056152344e+01 -1.024455833435058594e+01
6.181105804443359375e+01 -1.877850914001464844e+01
-2.329628181457519531e+01 -2.129978370666503906e+01
-4.293418502807617188e+01 2.443748474121093750e+01
3.791018676757812500e+01 3.399339675903320312e+01
-5.864459228515625000e+01 6.840521335601806641e+00
-4.391164398193359375e+01 1.443069744110107422e+01
-1.611562919616699219e+01 -3.629656600952148438e+01
-3.763930511474609375e+01 1.595616817474365234e+01
-6.578576660156250000e+01 -1.066660976409912109e+01
-4.444298171997070312e+01 -1.691411399841308594e+01
-3.442237091064453125e+01 -1.798870086669921875e+01
-1.196241855621337891e+01 -1.833076477050781250e+01
-5.489085769653320312e+01 -4.451646804809570312e+00
-6.179085922241210938e+01 -4.966954421997070312e+01
-5.908778381347656250e+01 2.035676717758178711e+00
-7.544643402099609375e+01 2.501248931884765625e+01
-4.625135040283203125e+01 -1.406062984466552734e+01
5.531376647949218750e+01 -2.681219673156738281e+01
3.463165462017059326e-01 -2.751169204711914062e+01
-4.075813674926757812e+01 -6.239119338989257812e+01
-7.433084869384765625e+01 8.689650535583496094e+00
-6.199280929565429688e+01 2.562518119812011719e+01
-1.101104927062988281e+01 -3.857873535156250000e+01
-6.902773284912109375e+01 1.941442489624023438e+01
-1.607815361022949219e+01 -3.373517227172851562e+01
-4.042216110229492188e+01 -2.881315612792968750e+01
-6.764801788330078125e+01 -2.002723693847656250e+01
-2.256975746154785156e+01 7.105554103851318359e+00
5.257508087158203125e+01 -2.887906837463378906e+01
-3.098984336853027344e+01 -1.419895458221435547e+01
-8.683145141601562500e+01 1.683623504638671875e+01
-3.134632301330566406e+01 -7.468291759490966797e+00
-5.309491348266601562e+01 3.399822473526000977e+00
-4.972827529907226562e+01 2.263717079162597656e+01
-4.730446624755859375e+01 6.330895900726318359e+00
-5.529043197631835938e+01 -5.554265594482421875e+01
-5.846304702758789062e+01 -2.985623168945312500e+01
-7.141812133789062500e+01 4.261952209472656250e+01
-6.775193786621093750e+01 -4.074241256713867188e+01
-5.946082687377929688e+01 -3.907363891601562500e+01
-3.777473068237304688e+01 -1.178502464294433594e+01
-7.869384002685546875e+01 6.582636356353759766e+00
-7.047176361083984375e+01 1.530612850189208984e+01
-7.509839630126953125e+01 -2.307191658020019531e+01
-1.559610843658447266e+01 -3.476288604736328125e+01
-1.204008865356445312e+01 3.733831024169921875e+01
-5.896236419677734375e+01 3.940022706985473633e+00
-3.945733261108398438e+01 8.895204067230224609e-01
-4.156220626831054688e+01 3.983699035644531250e+01
-7.830376434326171875e+01 2.429072189331054688e+01
-1.519503021240234375e+01 -2.198727607727050781e+01
-7.290056610107421875e+01 1.062331199645996094e+01
-1.781134986877441406e+01 -3.388662338256835938e+01
-2.421496152877807617e+00 -3.846511077880859375e+01
-1.458835792541503906e+01 -3.838988494873046875e+01
2.643170547485351562e+01 1.072751808166503906e+01
-3.444678115844726562e+01 -1.210114288330078125e+01
-1.910426712036132812e+01 -1.830279541015625000e+01
1.124809861183166504e+00 1.554162311553955078e+01
2.715484809875488281e+01 -2.627255678176879883e+00
-2.450026130676269531e+01 1.016600608825683594e+01
-1.261557674407958984e+01 -2.615270042419433594e+01
-6.019256973266601562e+01 -2.270663261413574219e+01
9.792564392089843750e+01 -9.588274002075195312e+00
-7.459262847900390625e+01 9.310301780700683594e+00
-6.913871002197265625e+01 -5.017595291137695312e+01
-6.871269989013671875e+01 -2.163487243652343750e+01
-5.649544525146484375e+01 3.694716453552246094e+00
-6.142373561859130859e+00 -8.146517753601074219e+00
-5.955255126953125000e+01 -1.737828636169433594e+01
-6.739469909667968750e+01 -2.759462165832519531e+01
-5.612169265747070312e+01 8.630988121032714844e+00
-6.803927612304687500e+01 1.525147247314453125e+01
1.035372848510742188e+02 1.892548084259033203e+00
-2.994835376739501953e+00 -1.654918098449707031e+01
-5.992703247070312500e+01 1.205211448669433594e+01
-2.056717491149902344e+01 4.530706024169921875e+01
6.822685241699218750e+01 -8.992738723754882812e+00
6.305313491821289062e+01 -1.648364830017089844e+01
-7.506327056884765625e+01 2.225397872924804688e+01
-7.488536071777343750e+01 1.614020729064941406e+01
-7.077144622802734375e+01 1.005689907073974609e+01
-3.760596466064453125e+01 -2.636976814270019531e+01
-7.925270080566406250e+01 -1.416473770141601562e+01
-4.626272964477539062e+01 -2.242950820922851562e+01
-3.753116989135742188e+01 -2.257561683654785156e+00
-7.515347290039062500e+01 2.797147178649902344e+01
-3.933824920654296875e+01 4.404117202758789062e+01
-1.183330535888671875e+01 1.748980903625488281e+01
-5.349392318725585938e+01 -3.370865631103515625e+01
-2.176340484619140625e+01 1.707065582275390625e+01
-6.317692565917968750e+01 1.788419914245605469e+01
-4.934029388427734375e+01 -4.411898136138916016e+00
-1.355709552764892578e+00 -2.022884750366210938e+01
-6.849736785888671875e+01 9.441477656364440918e-01
-4.642029190063476562e+01 4.596041679382324219e+00
3.070144844055175781e+01 -2.753886604309082031e+01
-7.557323455810546875e+01 -1.292952728271484375e+01
2.457109069824218750e+01 5.953463745117187500e+01
-4.452665710449218750e+01 -4.717658233642578125e+01
-1.135886478424072266e+01 3.476602172851562500e+01
-1.834574317932128906e+01 1.600040626525878906e+01
-6.921665191650390625e+01 3.148932218551635742e+00
-4.539472198486328125e+01 -3.302844238281250000e+01
-1.640758705139160156e+01 -3.846047973632812500e+01
-3.847950744628906250e+01 4.107387065887451172e+00
-7.288699626922607422e+00 4.199372863769531250e+01
-3.533279800415039062e+01 -1.132349109649658203e+01
6.472974395751953125e+01 -2.519808769226074219e+00
-3.992921447753906250e+01 3.949575805664062500e+01
-4.879897689819335938e+01 -7.665561199188232422e+00
-6.904046630859375000e+01 -3.249006271362304688e+01
-4.648200225830078125e+01 -8.497220039367675781e+00
-6.053880691528320312e+01 -2.112881660461425781e+01
-2.111434936523437500e+01 -4.504878997802734375e+01
-5.021016311645507812e+01 -2.889490699768066406e+01
6.289510130882263184e-01 -2.745282745361328125e+01
-1.754758834838867188e+01 1.900185203552246094e+01
-4.320000076293945312e+01 -4.508477401733398438e+01
-6.814933013916015625e+01 -2.917128753662109375e+01
-3.000135612487792969e+01 -4.587751007080078125e+01
-6.236256408691406250e+01 2.837073135375976562e+01
-1.861878967285156250e+01 2.456477546691894531e+01
-7.495785522460937500e+01 1.689105224609375000e+01
-3.166356849670410156e+01 3.265869903564453125e+01
-3.878215408325195312e+01 -1.157416439056396484e+01
7.164173126220703125e+01 1.862289619445800781e+01
-4.001037597656250000e+00 5.284381866455078125e+00
-4.667932510375976562e+01 -2.772839927673339844e+01
-4.026659011840820312e+01 2.811275005340576172e+00
-3.245774841308593750e+01 2.418644142150878906e+01
-6.487486267089843750e+01 3.559740829467773438e+01
-5.133433914184570312e+01 -4.439654159545898438e+01
-5.464035034179687500e+01 2.105423355102539062e+01
-2.820332336425781250e+01 3.505181503295898438e+01
-5.625191116333007812e+01 -1.771432876586914062e+01
-7.393686676025390625e+01 3.901393413543701172e+00
-5.893185806274414062e+01 -2.798767280578613281e+01
-3.799301147460937500e+01 -4.411216735839843750e+00
-4.170664596557617188e+01 -7.095693111419677734e+00
-3.739370346069335938e+01 4.091230773925781250e+01
-6.136880111694335938e+01 2.280873870849609375e+01
7.851794433593750000e+01 1.330181884765625000e+01
-5.516979980468750000e+01 3.735906600952148438e+01
-4.716573333740234375e+01 -3.351589584350585938e+01
8.260694122314453125e+01 -7.814940929412841797e+00
-7.690305328369140625e+01 -3.798780822753906250e+01
-2.228688049316406250e+01 -1.199146080017089844e+01
-8.144094085693359375e+01 2.295998954772949219e+01
-2.459776687622070312e+01 1.385525894165039062e+01
-5.386669540405273438e+01 3.899201202392578125e+01
-2.904911994934082031e+01 9.479765295982360840e-01
4.994783020019531250e+01 -2.090224266052246094e+01
-7.373746490478515625e+01 1.195965194702148438e+01
-2.283613014221191406e+01 -2.785518074035644531e+01
-5.690689468383789062e+01 -2.374997520446777344e+01
-4.070223617553710938e+01 -2.966570854187011719e+01
-5.051234817504882812e+01 -6.936426162719726562e+00
-3.216312026977539062e+01 3.376541519165039062e+01
-7.856424713134765625e+01 -3.014725685119628906e+01
-7.961839294433593750e+01 -1.801838302612304688e+01
-3.499015808105468750e+01 -3.637000656127929688e+01
-5.097369766235351562e+01 -3.215921401977539062e+01
9.402606964111328125e+00 -4.434066116809844971e-01
7.930202007293701172e+00 -8.385034203529357910e-01
-6.057697677612304688e+01 1.484129810333251953e+01
-5.367735290527343750e+01 7.711413860321044922e+00
-2.658137893676757812e+01 2.583891296386718750e+01
-5.356195068359375000e+01 -2.931924247741699219e+01
5.344209194183349609e+00 -2.003140830993652344e+01
-4.421931457519531250e+01 -3.640221786499023438e+01
-3.862813568115234375e+01 -5.493962287902832031e+00
-4.065032958984375000e+01 2.148116302490234375e+01
-8.014788818359375000e+01 1.836832809448242188e+01
-3.366491317749023438e+01 3.005046081542968750e+01
-2.412014770507812500e+01 -1.838585853576660156e+01
-3.884909057617187500e+01 -8.376393318176269531e+00
-2.691128921508789062e+01 7.113340854644775391e+00
-5.318324661254882812e+01 2.165553855895996094e+01
-1.884840583801269531e+01 -3.766391372680664062e+01
-6.139551925659179688e+01 -1.776919937133789062e+01
-6.562934112548828125e+01 -6.083738327026367188e+00
-1.199038124084472656e+01 -2.492760658264160156e+01
-8.460942655801773071e-02 -2.264533805847167969e+01
-3.579614639282226562e+01 -5.567229270935058594e+00
-3.944948577880859375e+01 -4.719998550415039062e+01
-6.596674346923828125e+01 2.567810440063476562e+01
-6.416076660156250000e+01 -5.012705230712890625e+01
-5.496775817871093750e+01 -2.838747978210449219e+01
-3.454129409790039062e+01 -2.482707595825195312e+01
-5.469459152221679688e+01 -1.849045562744140625e+01
-5.799666595458984375e+01 3.005833435058593750e+01
-6.532179260253906250e+01 1.314671325683593750e+01
5.669969177246093750e+01 -2.978162384033203125e+01
-8.682144165039062500e+01 1.680945968627929688e+01
-7.436978149414062500e+01 3.231114864349365234e+00
-6.800032043457031250e+01 2.420191001892089844e+01
-6.588964843750000000e+01 1.844271278381347656e+01
-3.072466659545898438e+01 -3.929387664794921875e+01
-6.600477600097656250e+01 2.493545913696289062e+01
-2.853676414489746094e+01 -1.909265136718750000e+01
-6.775027465820312500e+01 -1.031416606903076172e+01
-8.989876556396484375e+01 -2.951163673400878906e+01
-1.595907402038574219e+01 -4.067522048950195312e+01
-3.813093185424804688e+01 6.822064399719238281e+00
-5.379068374633789062e+01 -2.575842666625976562e+01
-7.419792175292968750e+01 -1.319182014465332031e+01
-5.577026748657226562e+01 -1.502140235900878906e+01
-1.263653945922851562e+01 1.779524803161621094e+01
-1.955171966552734375e+01 -9.847016334533691406e+00
-8.296403503417968750e+01 8.491682052612304688e+00
3.542772674560546875e+01 3.657295989990234375e+01
-4.866921997070312500e+01 -6.148231124877929688e+01
-8.279617309570312500e+00 3.492722320556640625e+01
-6.836517333984375000e+01 2.082387924194335938e+01
2.513973617553710938e+01 6.170679092407226562e+01
-4.715611648559570312e+01 1.352206516265869141e+01
-7.058504486083984375e+01 3.264136123657226562e+01
-4.689992141723632812e+01 3.542359542846679688e+01
-6.358485794067382812e+01 2.303471565246582031e+01
-6.516431427001953125e+01 -1.336839294433593750e+01
-1.124321556091308594e+01 -3.173329544067382812e+01
-5.341590881347656250e+01 -2.248039436340332031e+01
-3.846747970581054688e+01 -2.048654174804687500e+01
-4.984329986572265625e+01 5.440071582794189453e+00
-4.458081817626953125e+01 -3.174412345886230469e+01
-5.238684463500976562e+01 1.063302135467529297e+01
-5.705402374267578125e+01 -4.337837219238281250e+01
-3.650011062622070312e+01 -1.306851482391357422e+01
-3.027976989746093750e+01 1.013553714752197266e+01
6.784026336669921875e+01 1.489952087402343750e+01
-5.128529357910156250e+01 1.445230388641357422e+01
-2.698084831237792969e+01 1.014863681793212891e+01
-6.739644622802734375e+01 -1.158109569549560547e+01
3.228282546997070312e+01 2.618387031555175781e+01
-8.720455169677734375e+01 -1.679485511779785156e+01
-3.027200698852539062e+01 -2.800238227844238281e+01
-6.644694519042968750e+01 2.261908340454101562e+01
-7.328352355957031250e+01 3.064995002746582031e+01
-8.720262908935546875e+01 -1.679517936706542969e+01
8.635152435302734375e+01 -1.962883567810058594e+01
6.512560272216796875e+01 -9.190701484680175781e+00
-3.655135345458984375e+01 -3.925312805175781250e+01
4.218741607666015625e+01 1.662757492065429688e+01
2.896532058715820312e+00 1.300434112548828125e+01
-6.405443572998046875e+01 -2.449030876159667969e+01
-5.580332565307617188e+01 -7.438210487365722656e+00
-3.112988090515136719e+01 7.336328506469726562e+00
-4.130552291870117188e+01 -2.130988311767578125e+01
-6.003836441040039062e+01 1.826888275146484375e+01
7.141338348388671875e+01 -1.484614467620849609e+01
-3.981365966796875000e+01 -2.493513679504394531e+01
-3.771861267089843750e+01 5.062333679199218750e+01
-2.676576232910156250e+01 -4.129474639892578125e+01
-5.695321655273437500e+01 -4.314166641235351562e+01
-5.765632629394531250e+01 2.816418266296386719e+01
-4.471229553222656250e+01 2.547588920593261719e+01
-6.957054138183593750e+01 2.816522407531738281e+01
-5.255784225463867188e+01 -9.715653419494628906e+00
-2.977000045776367188e+01 -2.109947919845581055e+00
-1.336838054656982422e+01 2.813274765014648438e+01
5.724401855468750000e+01 -2.782997131347656250e+01
-4.116188812255859375e+01 -3.458607482910156250e+01
7.162543296813964844e+00 -1.886670303344726562e+01
-6.592605590820312500e+01 2.843698310852050781e+01
-5.221128082275390625e+01 1.068251514434814453e+01
-5.165922927856445312e+01 1.185699176788330078e+01
-2.019443511962890625e+01 2.655744743347167969e+01
-4.883677673339843750e+01 -1.529164791107177734e+01
-4.302828598022460938e+01 -3.897791624069213867e+00
-5.219905471801757812e+01 -3.750235748291015625e+01
-7.566953277587890625e+01 1.161472988128662109e+01
-5.996536636352539062e+01 -7.757306098937988281e+00
2.648681831359863281e+01 -3.667753696441650391e+00
-7.144853210449218750e+01 4.150434494018554688e+01
-2.512871360778808594e+01 2.048724937438964844e+01
-3.849963378906250000e+01 -2.270553588867187500e+01
-4.461883926391601562e+01 -4.382761001586914062e+01
-6.592642974853515625e+01 -4.709580898284912109e+00
-2.922134590148925781e+01 -3.998575973510742188e+01
-3.575625991821289062e+01 -4.489632797241210938e+01
-1.368814349174499512e+00 -3.193572044372558594e+01
-6.979099273681640625e+01 -2.401560211181640625e+01
-7.313887786865234375e+01 9.942224502563476562e+00
-4.900448226928710938e+01 2.537843513488769531e+01
-4.491311645507812500e+01 1.378150701522827148e+00
-4.837629318237304688e+01 -2.872159767150878906e+01
-4.500226593017578125e+01 -3.560718917846679688e+01
-4.999897384643554688e+01 2.237313079833984375e+01
-6.683625793457031250e+01 -2.353959465026855469e+01
4.533658027648925781e+00 -2.094973564147949219e+01
-4.653282165527343750e+01 -1.406244087219238281e+01
-2.812804985046386719e+01 3.431357383728027344e+00
-4.435700225830078125e+01 -9.690789222717285156e+00
-4.843324279785156250e+01 7.758871078491210938e+00
-6.032769393920898438e+01 -2.487125778198242188e+01
-7.744093322753906250e+01 -5.571228981018066406e+00
5.169158172607421875e+01 -2.858003616333007812e+01
-3.773440933227539062e+01 -3.073630332946777344e+01
-1.273758220672607422e+01 7.302523803710937500e+01
-7.431105804443359375e+01 1.885426712036132812e+01
9.419922637939453125e+01 -1.126835703849792480e+00
-2.958069229125976562e+01 1.296680355072021484e+01
-5.246550369262695312e+01 -3.201522064208984375e+01
-1.980424308776855469e+01 6.610402584075927734e+00
-7.404158782958984375e+01 -1.617598533630371094e+01
-1.480568981170654297e+01 -3.771887207031250000e+01
-7.250157165527343750e+01 5.637394905090332031e+00
-4.631254196166992188e+01 1.781546020507812500e+01
-5.203363418579101562e+01 -2.650199699401855469e+01
-6.196993255615234375e+01 9.591789245605468750e+00
-4.932312011718750000e+01 -2.703566741943359375e+01
-1.332205581665039062e+01 -3.664662551879882812e+01
6.224018478393554688e+01 -3.615527153015136719e+00
-4.250510406494140625e+01 -2.755754280090332031e+01
-4.465403079986572266e+00 -2.966527938842773438e+01
-5.408842849731445312e+01 -4.897163009643554688e+01
-2.121746063232421875e+01 -2.218504142761230469e+01
-4.160491180419921875e+01 9.078358650207519531e+00
-2.354932594299316406e+01 -3.484769439697265625e+01
2.974363517761230469e+01 -1.888105392456054688e+01
-5.402235412597656250e+01 -1.877197921276092529e-01
-2.205300331115722656e+01 -1.614304351806640625e+01
-3.934017181396484375e+01 2.734503984451293945e+00
5.773393249511718750e+01 2.376813316345214844e+01
-3.791728973388671875e+01 -3.310449218750000000e+01
-1.462138938903808594e+01 -2.854360198974609375e+01
-5.868120193481445312e+01 -7.000232696533203125e+00
-7.585216522216796875e+01 2.562675285339355469e+01
-3.272006988525390625e+01 -5.539261341094970703e+00
6.000897979736328125e+01 -8.559948921203613281e+00
-6.799488067626953125e+01 5.276216983795166016e+00
9.471470642089843750e+01 -2.578339385986328125e+01
-3.018590545654296875e+01 2.634986877441406250e+00
-1.560509777069091797e+01 -2.086013555526733398e+00
-2.684982872009277344e+01 -2.989097118377685547e+00
-1.684972953796386719e+01 -6.637112140655517578e+00
8.723869323730468750e+01 1.556168842315673828e+01
-6.038761520385742188e+01 -4.667799758911132812e+01
2.768687820434570312e+01 -1.515340709686279297e+01
-7.318752288818359375e+01 1.636134719848632812e+01
-5.484827041625976562e+01 -1.213024902343750000e+01
-3.264570236206054688e+01 -2.266081237792968750e+01
-7.123675537109375000e+01 2.444591522216796875e+01
-3.466629409790039062e+01 -3.252126312255859375e+01
1.041972503662109375e+02 -2.375506162643432617e+00
-8.361428070068359375e+01 2.120926666259765625e+01
-1.346642780303955078e+01 -3.599904632568359375e+01
-5.309285354614257812e+01 2.133913803100585938e+01
-4.965328216552734375e+01 2.728935956954956055e+00
-2.516756057739257812e+01 -2.456582450866699219e+01
-2.848327827453613281e+01 8.147200584411621094e+00
-6.913551330566406250e+01 1.037448310852050781e+01
-5.847100257873535156e+00 -2.944005584716796875e+01
-6.120086669921875000e+01 -9.438199043273925781e+00
-7.002687835693359375e+01 -2.412069702148437500e+01
-4.173348999023437500e+01 -3.441327667236328125e+01
-4.866530990600585938e+01 -6.148469924926757812e+01
-3.996142196655273438e+01 -2.456863403320312500e+01
-8.989754486083984375e+01 -2.951215362548828125e+01
-5.362666702270507812e+01 -6.982268333435058594e+00
-7.666337013244628906e+00 -5.329700946807861328e+00
-3.963140869140625000e+01 -1.477292156219482422e+01
-3.334639358520507812e+01 -2.640385437011718750e+01
-2.398631858825683594e+01 -3.056445312500000000e+01
-3.455176162719726562e+01 -3.358961868286132812e+01
-8.352661132812500000e+01 2.122740745544433594e+01
-6.981343841552734375e+01 2.465517425537109375e+01
7.084084320068359375e+01 1.702668762207031250e+01
-1.317536735534667969e+01 8.195462036132812500e+01
-7.223843383789062500e+01 -5.983894824981689453e+00
-9.216480255126953125e+00 -1.794976592063903809e+00
-4.891240310668945312e+01 -3.225008010864257812e+01
-4.232017898559570312e+01 -3.343872070312500000e+01
-2.605560493469238281e+01 -3.027787208557128906e+01
6.495594787597656250e+01 3.626198768615722656e+00
7.102914428710937500e+01 1.530750560760498047e+01
-2.031630897521972656e+01 2.424491500854492188e+01
-4.393515014648437500e+01 2.015842628479003906e+01
-1.379616069793701172e+01 1.911365509033203125e+01
-4.847428894042968750e+01 7.761638641357421875e+00
4.951045513153076172e+00 -3.330123901367187500e+01
-5.998150634765625000e+01 1.204955482482910156e+01
-4.676749420166015625e+01 -2.353449630737304688e+01
-6.971694469451904297e+00 -2.378178596496582031e+01
6.237624359130859375e+01 -1.885016441345214844e+01
-4.191939163208007812e+01 8.760548830032348633e-01
-4.281282043457031250e+01 -3.880640792846679688e+01
-5.735204696655273438e+01 -3.994773864746093750e+00
-2.112717819213867188e+01 -2.265118789672851562e+01
2.873263359069824219e+01 2.218924713134765625e+01
6.196583938598632812e+01 2.557484436035156250e+01
-3.534550094604492188e+01 1.062191486358642578e+01
-9.402857780456542969e+00 -3.500144958496093750e+01
-3.579647064208984375e+01 -4.374755096435546875e+01
4.935391426086425781e+00 -2.148060417175292969e+01
-4.880234527587890625e+01 -4.899866878986358643e-02
-3.019363594055175781e+01 6.410865306854248047e+00
-4.623735809326171875e+01 3.504640960693359375e+01
-4.653121948242187500e+01 -3.022106170654296875e+01
3.521522140502929688e+01 1.510878658294677734e+01
-1.546193599700927734e+01 -2.252916908264160156e+01
-3.040537834167480469e+01 -1.004347705841064453e+01
2.725882530212402344e+01 7.086214542388916016e+00
-2.035894775390625000e+01 2.557532119750976562e+01
3.735942077636718750e+01 -6.278063297271728516e+00
-6.010491561889648438e+01 -9.196413993835449219e+00
-5.153034591674804688e+01 3.126442134380340576e-01
-2.684527397155761719e+01 -2.847118377685546875e+00
-3.939718627929687500e+01 2.087111663818359375e+01
-3.880490875244140625e+01 -3.924415206909179688e+01
-2.669200325012207031e+01 -1.803884506225585938e+01
-1.883892250061035156e+01 1.961635208129882812e+01
-1.108285522460937500e+01 -3.171613693237304688e+01
-4.449553680419921875e+01 -3.071881866455078125e+01
-8.072376251220703125e+01 -9.263756752014160156e+00
-5.914173889160156250e+01 9.530321121215820312e+00
-4.409315872192382812e+01 -2.072342681884765625e+01
-4.189509963989257812e+01 4.747653007507324219e+00
-4.574655914306640625e+01 5.777924060821533203e+00
-7.855468750000000000e+00 -9.408688545227050781e+00
-6.008446884155273438e+01 3.088503265380859375e+01
2.274487876892089844e+01 -1.198104739189147949e+00
-6.767906951904296875e+01 1.171847629547119141e+01
-5.833342742919921875e+01 -5.430670166015625000e+01
-7.442909240722656250e+01 -1.211263537406921387e+00
-3.754300308227539062e+01 2.335016250610351562e+01
-5.420106124877929688e+01 1.719178390502929688e+01
-7.478598785400390625e+01 9.611100196838378906e+00
-5.807082748413085938e+01 -9.157146453857421875e+00
-3.472751235961914062e+01 -2.004484939575195312e+01
-2.490423011779785156e+01 3.844329452514648438e+01
-6.190368270874023438e+01 -9.615807533264160156e+00
-6.927655029296875000e+01 7.342781066894531250e+00
-8.176056671142578125e+01 4.317893028259277344e+00
-3.733693695068359375e+01 2.721879959106445312e+01
-3.432419204711914062e+01 -3.901956081390380859e+00
-5.396233367919921875e+01 -2.390427589416503906e+01
-2.861825752258300781e+01 4.127996063232421875e+01
-4.912476730346679688e+01 -4.316222763061523438e+01
-8.065541076660156250e+01 3.174816513061523438e+01
-4.008595657348632812e+01 1.202992534637451172e+01
3.372794723510742188e+01 3.708540344238281250e+01
-1.510846900939941406e+01 -3.088977241516113281e+01
-5.839036178588867188e+01 1.238795757293701172e+00
-5.765415191650390625e+01 -3.674364471435546875e+01
7.134804534912109375e+01 6.054529190063476562e+00
-3.350742721557617188e+01 2.747598838806152344e+01
-6.273020172119140625e+01 1.239519119262695312e+01
-1.696600723266601562e+01 2.800628852844238281e+01
-2.437695884704589844e+01 5.733340072631835938e+01
-1.850452613830566406e+01 -3.372679901123046875e+01
-2.837806510925292969e+01 2.433528137207031250e+01
-3.462058639526367188e+01 -1.894390487670898438e+01
-1.166889095306396484e+01 -2.397516822814941406e+01
-3.593367004394531250e+01 -1.331597423553466797e+01
4.070879745483398438e+01 -2.359877777099609375e+01
-4.200246810913085938e+01 -4.338801574707031250e+01
-7.010935211181640625e+01 2.072382736206054688e+01
2.868730735778808594e+01 8.531342506408691406e+00
-1.885641479492187500e+01 -1.363636779785156250e+01
7.255373382568359375e+01 -7.511740922927856445e-01
5.224370956420898438e+01 5.249921798706054688e+00
-4.190575790405273438e+01 -5.168107604980468750e+01
6.966793060302734375e+01 1.885517311096191406e+01
4.614908981323242188e+01 -3.358990097045898438e+01
-2.866787147521972656e+01 4.582629013061523438e+01
-8.592994689941406250e+01 1.480629634857177734e+01
-5.291548919677734375e+01 -5.319343185424804688e+01
4.866219329833984375e+01 -1.230946540832519531e+01
-3.861778640747070312e+01 2.645987033843994141e+00
-7.901329803466796875e+01 1.206698989868164062e+01
-4.671155166625976562e+01 2.040438461303710938e+01
-2.257752799987792969e+01 1.870866203308105469e+01
-3.279324722290039062e+01 1.646225929260253906e+01
-6.698449707031250000e+01 6.956096291542053223e-01
-6.803314971923828125e+01 -2.546949577331542969e+01
-5.722710800170898438e+01 3.188166809082031250e+01
-6.686985778808593750e+01 -7.734579443931579590e-01
-4.856019592285156250e+01 2.605928230285644531e+01
-4.387075042724609375e+01 2.010211181640625000e+01
4.876878356933593750e+01 -3.068933105468750000e+01
-6.600146484375000000e+01 2.297015380859375000e+01
-3.808912277221679688e+01 -3.641040802001953125e+01
-2.255775833129882812e+01 -1.717768478393554688e+01
9.763980865478515625e+00 -3.474604368209838867e+00
-9.323596954345703125e+00 6.849828338623046875e+01
4.094247055053710938e+01 -2.181651687622070312e+01
-2.785360908508300781e+01 2.943599510192871094e+01
2.452968978881835938e+01 -2.933056449890136719e+01
-5.629717636108398438e+01 -3.534626770019531250e+01
-1.674626111984252930e+00 -1.894901847839355469e+01
-3.083110046386718750e+01 -2.003141975402832031e+01
-6.738423156738281250e+01 -8.942165374755859375e+00
-3.632803344726562500e+01 4.093275070190429688e+00
-2.593237876892089844e+01 -1.229958343505859375e+01
-7.273464965820312500e+01 2.713671684265136719e+01
-3.693315887451171875e+01 -7.127576828002929688e+00
8.108050537109375000e+01 -8.644181251525878906e+00
-6.631795501708984375e+01 -1.439658737182617188e+01
-4.046198654174804688e+01 4.841819763183593750e+00
-3.015376472473144531e+01 -3.087881469726562500e+01
-4.584907913208007812e+01 -5.239543151855468750e+01
-4.866878890991210938e+01 -8.298744201660156250e+00
-3.752469635009765625e+01 -1.872892761230468750e+01
-1.441437721252441406e+00 -2.150199127197265625e+01
-5.774456405639648438e+01 -4.244171619415283203e+00
-2.838031387329101562e+01 -1.721673583984375000e+01
3.396628570556640625e+01 1.535459136962890625e+01
-2.628966712951660156e+01 4.069182586669921875e+01
-4.233407211303710938e+01 4.119097518920898438e+01
-6.854556083679199219e+00 -1.841890716552734375e+01
-1.160939311981201172e+01 -3.786361312866210938e+01
-7.430714416503906250e+01 2.027418518066406250e+01
-7.880025482177734375e+01 -1.845097351074218750e+01
-1.299715900421142578e+01 1.971742868423461914e+00
-4.745470809936523438e+01 -2.838678550720214844e+01
-3.644476699829101562e+01 2.015676498413085938e+01
-3.999243927001953125e+01 -3.026806259155273438e+01
7.443511962890625000e+01 -3.364900588989257812e+01
-5.592613220214843750e+01 3.535302734375000000e+01
4.037167358398437500e+01 2.967007827758789062e+01
4.900105667114257812e+01 -3.006694221496582031e+01
-4.475630569458007812e+01 -3.871385955810546875e+01
-5.721875381469726562e+01 -1.141429805755615234e+01
-6.489320373535156250e+01 6.121969223022460938e+00
-6.950019073486328125e+01 1.064351558685302734e+01
-6.433383941650390625e+01 -4.827491760253906250e+01
-4.058666992187500000e+01 9.831723570823669434e-01
3.955403900146484375e+01 -2.135083198547363281e+01
-6.160049057006835938e+01 1.711262321472167969e+01
-2.647884750366210938e+01 1.700711441040039062e+01
5.734906673431396484e+00 -2.165548515319824219e+01
-5.106041336059570312e+01 -5.986604690551757812e+00
-1.468309593200683594e+01 -3.371698760986328125e+01
-7.729510498046875000e+01 -2.063634681701660156e+01
-5.583383178710937500e+01 2.129591369628906250e+01
-8.683251190185546875e+01 1.682197189331054688e+01
-4.551968765258789062e+01 -1.440742874145507812e+01
7.301289367675781250e+01 -1.553508758544921875e+01
5.113012313842773438e+01 3.031551361083984375e+00
-3.817163467407226562e+01 3.920991516113281250e+01
-3.492383956909179688e+01 6.067065238952636719e+00
-6.183259963989257812e+01 -2.776322746276855469e+01
-2.010259819030761719e+01 2.356772994995117188e+01
-3.346096420288085938e+01 4.040044784545898438e+00
2.622450828552246094e+00 -1.555475044250488281e+01
-5.985141754150390625e+01 3.436211824417114258e+00
-7.641100311279296875e+01 -1.588157272338867188e+01
6.130657958984375000e+01 -1.132371520996093750e+01
6.175326919555664062e+01 2.302777481079101562e+01
-3.816978073120117188e+01 -6.483106136322021484e+00
-4.461174392700195312e+01 2.068313789367675781e+01
-1.437084436416625977e+00 -2.642812538146972656e+01
-4.470941162109375000e+01 -2.958264541625976562e+01
-6.304805374145507812e+01 -1.634066009521484375e+01
-7.487329864501953125e+01 -3.237293243408203125e+01
-3.733185958862304688e+01 2.721640777587890625e+01
-7.260258483886718750e+01 2.509444046020507812e+01
-2.144038963317871094e+01 1.045199394226074219e+01
6.118573379516601562e+01 1.315260791778564453e+01
-3.342622756958007812e+01 4.180081844329833984e+00
2.687187767028808594e+01 -2.989805984497070312e+01
-7.206998443603515625e+01 -3.602300262451171875e+01
-7.544478607177734375e+01 -2.548622322082519531e+01
-4.095124053955078125e+01 -3.868032073974609375e+01
-7.168476867675781250e+01 -3.625377893447875977e+00
-6.793050384521484375e+01 -1.725414848327636719e+01
-4.545150756835937500e+01 1.039309215545654297e+01
-5.849735641479492188e+01 1.881674766540527344e+01
-5.608752059936523438e+01 -4.013951110839843750e+01
-6.856153869628906250e+01 7.962645530700683594e+00
-4.296558380126953125e+01 -1.009067344665527344e+01
9.438370704650878906e+00 -6.362302899360656738e-01
-7.465196990966796875e+01 2.139931106567382812e+01
3.430550765991210938e+01 3.532438278198242188e+01
-6.659654235839843750e+01 9.904743194580078125e+00
-5.176354980468750000e+01 -3.017160606384277344e+01
-5.709555053710937500e+01 6.749717712402343750e+00
-4.702808380126953125e+01 -5.121566390991210938e+01
7.368815612792968750e+01 4.508966922760009766e+00
-3.429656600952148438e+01 1.614407920837402344e+01
-2.879582786560058594e+01 -5.692237472534179688e+01
2.824123764038085938e+01 -1.205891799926757812e+01
3.035215187072753906e+01 8.834169387817382812e+00
6.083137512207031250e+01 2.178337860107421875e+01
-1.515056514739990234e+01 7.560670375823974609e+00
9.202626037597656250e+01 -2.087679672241210938e+01
-3.444985961914062500e+01 -2.688459396362304688e+01
-5.528649902343750000e+01 2.544211006164550781e+01
-6.309121704101562500e+01 -2.044694328308105469e+01
9.463016510009765625e+00 -1.385802268981933594e+00
-5.814754867553710938e+01 -2.079216194152832031e+01
-1.843037033081054688e+01 1.242965412139892578e+01
-1.680328130722045898e+00 -3.274875259399414062e+01
-1.452118492126464844e+01 -9.959372520446777344e+00
-3.190637207031250000e+01 2.107999992370605469e+01
