-5.081706237792968750e+01 -4.446329498291015625e+01
3.150418663024902344e+01 6.447768402099609375e+01
2.275009870529174805e+00 -6.526532745361328125e+01
2.458942985534667969e+01 6.890966796875000000e+01
4.450100326538085938e+01 5.070681762695312500e+01
3.076165199279785156e+01 6.930606842041015625e+01
2.574527359008789062e+01 7.249707794189453125e+01
3.564793395996093750e+01 6.182846450805664062e+01
5.904116439819335938e+01 5.336543655395507812e+01
4.170784759521484375e+01 -9.993466377258300781e+00
3.507741546630859375e+01 6.264066696166992188e+01
2.287759399414062500e+01 6.650159454345703125e+01
3.319314575195312500e+01 6.288640213012695312e+01
-5.465369415283203125e+01 2.027119445800781250e+01
3.267535400390625000e+01 6.281941604614257812e+01
5.910379028320312500e+01 5.441914749145507812e+01
3.323955917358398438e+01 -3.275594329833984375e+01
5.013772583007812500e+01 -6.028993225097656250e+01
3.082188224792480469e+01 6.312704467773437500e+01
-1.084085226058959961e+00 8.238146209716796875e+01
3.390876388549804688e+01 -7.477795410156250000e+01
-5.703638839721679688e+01 1.777109527587890625e+01
-7.596960449218750000e+01 3.029739189147949219e+01
2.513171005249023438e+01 -1.220641231536865234e+01
7.710177612304687500e+01 -2.195375061035156250e+01
3.071786499023437500e+01 -6.431269836425781250e+01
-3.731571960449218750e+01 2.816680717468261719e+01
3.157807540893554688e+01 6.648513793945312500e+01
-9.223906517028808594e+00 7.993035125732421875e+01
-2.304855728149414062e+01 3.326101684570312500e+01
2.039159774780273438e+01 5.795856094360351562e+01
-3.291761159896850586e+00 8.268349456787109375e+01
3.358716964721679688e+01 6.458683776855468750e+01
-1.202818775177001953e+01 -2.773509597778320312e+01
6.524412536621093750e+01 4.491763305664062500e+01
-1.100363464355468750e+02 3.009354400634765625e+01
4.902584075927734375e+01 -5.848247146606445312e+01
-2.311718177795410156e+01 -5.722026443481445312e+01
2.190030860900878906e+01 6.852310180664062500e+01
7.174853515625000000e+01 5.305498123168945312e+01
-2.641791105270385742e+00 8.381966400146484375e+01
-9.354909896850585938e+00 -6.446469116210937500e+01
-1.202720737457275391e+01 -6.376140975952148438e+01
-6.482530212402343750e+01 -3.000761604309082031e+01
-2.048546552658081055e+00 8.166947174072265625e+01
2.363701820373535156e+01 6.384035491943359375e+01
3.666953277587890625e+01 5.321922683715820312e+01
3.545337677001953125e+01 6.394665527343750000e+01
5.742419052124023438e+01 3.461302947998046875e+01
4.895146942138671875e+01 -5.622083663940429688e+01
7.684608459472656250e+01 5.591092300415039062e+01
6.840175628662109375e+01 4.242284393310546875e+01
-1.117807998657226562e+02 3.525488662719726562e+01
7.654488372802734375e+01 -3.324595642089843750e+01
2.804646873474121094e+01 6.857704925537109375e+01
-3.364126682281494141e+00 -8.702778816223144531e+00
4.498400497436523438e+01 -2.920490455627441406e+01
7.309618377685546875e+01 4.104176330566406250e+01
-6.564589500427246094e+00 -6.501210784912109375e+01
-6.791429138183593750e+01 2.981745529174804688e+01
-4.713224029541015625e+01 -6.132060241699218750e+01
2.487386894226074219e+01 6.290064239501953125e+01
-3.552583694458007812e+00 8.190499877929687500e+01
-5.917363739013671875e+01 2.494411277770996094e+01
-8.665393829345703125e+01 4.496593856811523438e+01
2.405007553100585938e+01 4.904426956176757812e+01
-1.883085823059082031e+01 -7.526170349121093750e+01
2.181754875183105469e+01 -2.173709106445312500e+01
-1.526437377929687500e+01 7.752277374267578125e+01
2.945881271362304688e+01 6.523029327392578125e+01
4.954297637939453125e+01 -6.061809921264648438e+01
-5.541292572021484375e+01 2.023497581481933594e+01
-6.190194129943847656e+00 7.524430084228515625e+01
-2.574540138244628906e+01 -6.267517089843750000e+01
3.921179199218750000e+01 -3.512531280517578125e+01
2.603247833251953125e+01 7.157923126220703125e+01
-2.197044610977172852e+00 3.938952636718750000e+01
-1.120111618041992188e+02 2.528444099426269531e+01
3.434780883789062500e+01 6.764656066894531250e+01
3.823498535156250000e+01 -3.120436668395996094e+01
6.813935089111328125e+01 5.129638290405273438e+01
-8.941495895385742188e+00 -3.816406631469726562e+01
-1.098956222534179688e+02 2.711071968078613281e+01
6.496755981445312500e+01 -6.498864746093750000e+01
3.106144714355468750e+01 6.598211669921875000e+01
3.928401565551757812e+01 6.880299377441406250e+01
-1.001757812500000000e+02 2.468445014953613281e+01
3.888964843750000000e+01 6.337210845947265625e+01
6.851217746734619141e+00 7.712961578369140625e+01
-7.343209838867187500e+01 3.516615676879882812e+01
6.715427398681640625e+01 5.422843170166015625e+01
-8.483402252197265625e+00 -7.122347259521484375e+01
7.424655914306640625e+01 4.154048538208007812e+01
-2.618781852722167969e+01 -8.825234985351562500e+01
-1.298136901855468750e+01 3.264794540405273438e+01
-1.041146697998046875e+02 3.741602706909179688e+01
-2.530817604064941406e+01 6.635972595214843750e+01
1.785423469543457031e+01 -6.573215484619140625e+01
7.474562835693359375e+01 1.648021697998046875e+01
-5.836471080780029297e+00 8.017964935302734375e+01
-1.519934844970703125e+01 6.010794067382812500e+01
-5.402634811401367188e+01 2.035523605346679688e+01
-1.015558090209960938e+02 3.061396980285644531e+01
6.992029571533203125e+01 4.250236892700195312e+01
-1.142928695678710938e+01 -8.089140319824218750e+01
1.170932388305664062e+01 -2.037212371826171875e+01
5.735205459594726562e+01 7.428443908691406250e+01
6.999122619628906250e+01 5.329254913330078125e+01
6.281836700439453125e+01 6.068459701538085938e+01
-1.372663784027099609e+01 4.402923202514648438e+01
3.647088241577148438e+01 -4.878096103668212891e+00
4.556464767456054688e+01 -6.811986541748046875e+01
7.115823364257812500e+01 5.516533279418945312e+01
5.495665359497070312e+01 7.395478820800781250e+01
3.831484985351562500e+01 -5.085427474975585938e+01
-1.104564285278320312e+02 2.925523376464843750e+01
6.765214538574218750e+01 5.233552932739257812e+01
2.745863723754882812e+01 4.798734188079833984e+00
-1.018213348388671875e+02 2.873146629333496094e+01
-8.431242370605468750e+01 2.529439544677734375e+01
4.442060470581054688e+01 -6.619551086425781250e+01
-5.179775619506835938e+01 -6.667987823486328125e+01
3.869627761840820312e+01 -6.323884582519531250e+01
-3.048080635070800781e+01 -8.124971771240234375e+01
-4.529177856445312500e+01 -9.868544578552246094e+00
-5.388159275054931641e+00 8.105895233154296875e+01
3.741186523437500000e+01 5.136720275878906250e+01
-4.758361434936523438e+01 -6.185764312744140625e+01
-4.672697448730468750e+01 -7.932450866699218750e+01
5.152496337890625000e+01 -1.300789356231689453e+01
5.908543014526367188e+01 4.373219680786132812e+01
-1.145744476318359375e+02 2.786744880676269531e+01
6.018970489501953125e+01 5.604232788085937500e+01
4.890639495849609375e+01 2.523082494735717773e-01
-1.118936920166015625e+02 3.034096527099609375e+01
-4.762805557250976562e+01 -7.666291046142578125e+01
-1.075828247070312500e+02 3.060502624511718750e+01
-6.444391727447509766e+00 3.973935699462890625e+01
-1.067356948852539062e+02 3.359274291992187500e+01
-1.179778442382812500e+02 3.227432250976562500e+01
7.828784179687500000e+01 -2.184274673461914062e+01
-2.847732782363891602e+00 -3.640377044677734375e+01
-1.101600418090820312e+02 2.498695945739746094e+01
1.859880065917968750e+01 -2.764038848876953125e+01
2.627791213989257812e+01 -5.791163253784179688e+01
7.862119293212890625e+01 4.355432891845703125e+01
-4.956705474853515625e+01 2.429921722412109375e+01
-9.904735565185546875e+01 2.576371002197265625e+01
4.572495269775390625e+01 1.671036362648010254e+00
-1.118625106811523438e+02 2.779834938049316406e+01
-1.074605178833007812e+02 2.954023742675781250e+01
-1.089738845825195312e+02 1.500647068023681641e+01
-1.036911087036132812e+02 2.198601722717285156e+01
7.093759918212890625e+01 6.357762145996093750e+01
2.136927795410156250e+01 -3.358985137939453125e+01
-7.629331970214843750e+01 4.521095275878906250e+01
7.218225097656250000e+01 -2.954673767089843750e+01
2.604170989990234375e+01 -5.798337173461914062e+01
8.135325622558593750e+01 6.142114639282226562e+01
-6.741402626037597656e+00 7.496579742431640625e+01
-1.065880203247070312e+02 1.177948570251464844e+01
6.584793090820312500e+00 4.864698028564453125e+01
-1.784739685058593750e+01 -4.783178329467773438e+01
3.137837600708007812e+01 -6.540009307861328125e+01
7.388803863525390625e+01 6.068715286254882812e+01
-1.063515853881835938e+02 2.858449745178222656e+01
5.820252990722656250e+01 2.428495979309082031e+01
-1.531330394744873047e+01 -6.808831024169921875e+01
1.605245590209960938e+01 6.083605194091796875e+01
3.643684768676757812e+01 9.676846504211425781e+00
-2.436144828796386719e+01 6.680893707275390625e+01
4.258945846557617188e+01 4.619602203369140625e+01
3.868039703369140625e+01 6.506402587890625000e+01
-5.852434921264648438e+01 -3.824197387695312500e+01
-4.390189349651336670e-01 7.729812622070312500e+01
-8.740766143798828125e+01 2.505623626708984375e+01
-1.170010986328125000e+02 4.278905105590820312e+01
-8.105522918701171875e+01 -1.395006656646728516e+01
-1.086119232177734375e+02 3.150401306152343750e+01
2.931604003906250000e+01 6.143612289428710938e+01
-2.497119903564453125e+01 -7.566904449462890625e+01
1.817008972167968750e+01 4.765848922729492188e+01
-6.066054534912109375e+01 1.500967502593994141e+01
5.543126296997070312e+01 -6.338174057006835938e+01
-2.845744895935058594e+01 -4.307420349121093750e+01
-3.255565261840820312e+01 2.379671287536621094e+01
3.793723678588867188e+01 5.415017700195312500e+01
2.958130645751953125e+01 6.270092773437500000e+01
-4.759298706054687500e+01 -7.574797821044921875e+01
2.772089004516601562e+01 6.666213989257812500e+01
-2.103688049316406250e+01 6.802598571777343750e+01
-4.995103073120117188e+01 1.900919914245605469e+01
-3.802199172973632812e+01 4.894594573974609375e+01
3.638994598388671875e+01 5.466743469238281250e+01
4.476355743408203125e+01 2.808578109741210938e+01
3.041724967956542969e+01 2.469297790527343750e+01
-1.119139480590820312e+02 2.766452407836914062e+01
4.088848876953125000e+01 4.145991134643554688e+01
7.661758422851562500e+01 5.161124420166015625e+01
1.777680397033691406e+01 -3.128070354461669922e+00
-1.951996040344238281e+01 6.775422668457031250e+01
6.402645111083984375e+01 5.594109344482421875e+01
5.632264614105224609e+00 1.575051403045654297e+01
4.426317596435546875e+01 7.697697639465332031e+00
3.608324432373046875e+01 3.137968444824218750e+01
-1.164537124633789062e+02 3.503883743286132812e+01
-5.026108932495117188e+01 -4.924658966064453125e+01
-6.383748626708984375e+01 3.482549285888671875e+01
-7.864271545410156250e+01 2.754222488403320312e+01
-2.568477249145507812e+01 6.894884490966796875e+01
-1.954363632202148438e+01 4.015413665771484375e+01
-4.260807418823242188e+01 5.009478378295898438e+01
3.920679855346679688e+01 4.815852737426757812e+01
1.891497611999511719e+01 -6.168203735351562500e+01
4.201636886596679688e+01 7.699306964874267578e+00
3.926025390625000000e+01 -4.299523925781250000e+01
6.986808776855468750e+01 1.073757076263427734e+01
5.124223709106445312e+01 9.856997489929199219e+00
1.715655517578125000e+01 -6.344593048095703125e+01
7.969330549240112305e-01 7.685484313964843750e+01
7.510998535156250000e+01 4.530780792236328125e+01
-6.458160400390625000e+01 3.453572082519531250e+01
4.782043457031250000e+01 8.985120773315429688e+00
-9.907897949218750000e+01 3.192634582519531250e+01
-5.364454269409179688e+01 -6.549110412597656250e+01
1.909725761413574219e+01 4.678290176391601562e+01
-8.886151885986328125e+01 2.820070075988769531e+01
3.151929664611816406e+01 -6.617686462402343750e+01
-1.032241973876953125e+02 3.107052230834960938e+01
-8.987368011474609375e+01 2.731639099121093750e+01
-9.773070526123046875e+01 2.615164184570312500e+01
-8.446534729003906250e+01 4.686433029174804688e+01
-8.584004974365234375e+01 4.349823379516601562e+01
3.697274017333984375e+01 1.104777145385742188e+01
5.373527145385742188e+01 6.899993896484375000e+01
2.237410736083984375e+01 8.129221343994140625e+01
-4.502027511596679688e+00 -7.504540252685546875e+01
1.998398399353027344e+01 6.089904785156250000e+01
-2.451065063476562500e+00 3.174811553955078125e+01
-1.060444259643554688e+02 2.860150527954101562e+01
-1.291753578186035156e+01 8.593559265136718750e+01
5.780021667480468750e+01 2.694528579711914062e+01
6.339519500732421875e+01 5.843680953979492188e+01
-4.879432296752929688e+01 -2.155926942825317383e+00
-2.433861160278320312e+01 2.841122436523437500e+01
3.937054061889648438e+01 -7.176700592041015625e+01
-5.707024574279785156e+00 -3.733794021606445312e+01
-1.115882186889648438e+02 4.181486511230468750e+01
-7.806268310546875000e+01 4.260086441040039062e+01
2.171924591064453125e+00 7.532154846191406250e+01
4.651285934448242188e+01 -5.544759750366210938e+01
3.815575408935546875e+01 5.486866378784179688e+01
-3.211951446533203125e+01 4.124251937866210938e+01
5.027003479003906250e+01 5.003577041625976562e+01
-5.486195373535156250e+01 -6.665504455566406250e+01
7.336181640625000000e+01 1.584415721893310547e+01
2.329378509521484375e+01 4.922754287719726562e+01
-5.953610610961914062e+01 3.129149627685546875e+01
-1.072881546020507812e+02 2.341140747070312500e+01
-2.493462371826171875e+01 6.658999633789062500e+01
-7.293959045410156250e+01 2.961070632934570312e+01
-6.112305450439453125e+01 2.325970268249511719e+01
2.472070121765136719e+01 -5.741508865356445312e+01
1.921802139282226562e+01 -8.690744018554687500e+01
-1.036286926269531250e+02 2.342604255676269531e+01
-2.118913382291793823e-01 6.473222351074218750e+01
4.363015365600585938e+01 -8.054181671142578125e+01
5.456148147583007812e+01 -3.695417785644531250e+01
-1.161658782958984375e+02 1.658086776733398438e+01
6.551098632812500000e+01 -5.927793121337890625e+01
3.671101760864257812e+01 6.529727172851562500e+01
-7.155335998535156250e+01 2.939733505249023438e+01
7.517935943603515625e+01 -3.139353561401367188e+01
1.438360881805419922e+01 -6.452526092529296875e+01
1.967634773254394531e+01 -6.630146789550781250e+01
-1.163423461914062500e+02 3.515242767333984375e+01
-5.510391998291015625e+01 2.674767112731933594e+01
-8.419801592826843262e-01 3.663956451416015625e+01
4.708446121215820312e+01 -6.575426483154296875e+01
-1.040276184082031250e+02 2.076294898986816406e+01
-2.616111373901367188e+01 -7.840441894531250000e+01
5.856632995605468750e+01 4.884881973266601562e+01
7.800348663330078125e+01 1.964363479614257812e+01
1.940912055969238281e+01 2.972843933105468750e+01
1.486157894134521484e+01 -6.632041931152343750e+01
1.504388904571533203e+01 -9.253995895385742188e+00
-3.318311691284179688e+01 4.586461639404296875e+01
3.325667572021484375e+01 5.473986053466796875e+01
3.666724777221679688e+01 -7.445378875732421875e+01
-1.133332366943359375e+02 4.252489852905273438e+01
-4.873902511596679688e+01 2.730834197998046875e+01
-5.009707641601562500e+01 -5.051507186889648438e+01
-3.750071716308593750e+01 -5.214541625976562500e+01
-2.470775794982910156e+01 -3.552704620361328125e+01
-1.112239837646484375e+02 3.323709487915039062e+01
-3.056292724609375000e+01 -7.814373016357421875e+01
4.435065078735351562e+01 2.788257217407226562e+01
-7.249932861328125000e+01 3.180045127868652344e+01
4.539989471435546875e+01 -6.835665893554687500e+01
6.332146644592285156e+00 1.555806064605712891e+01
2.028389358520507812e+01 2.857918739318847656e+01
4.976239204406738281e+00 -2.954537582397460938e+01
-5.005346679687500000e+01 4.434547042846679688e+01
-4.655644989013671875e+01 4.361483001708984375e+01
4.489381027221679688e+01 2.429881572723388672e+00
-4.087194919586181641e+00 -7.588442230224609375e+01
-9.433173370361328125e+01 1.152264976501464844e+01
-2.949851417541503906e+01 -8.217531585693359375e+01
-8.008002471923828125e+01 -1.435307502746582031e+01
5.382605743408203125e+01 -3.634152603149414062e+01
-4.615830898284912109e+00 -3.665126800537109375e+00
-1.774346542358398438e+01 -9.899765968322753906e+00
2.753983497619628906e+01 -9.242340850830078125e+01
-8.002821350097656250e+01 -1.297693729400634766e+01
-5.124245834350585938e+01 -5.041828155517578125e+01
-7.769506072998046875e+01 3.617006301879882812e+01
-9.785255432128906250e+01 3.377272033691406250e+01
-4.493038177490234375e+00 4.213685607910156250e+01
-1.042092742919921875e+02 3.022235298156738281e+01
2.667465972900390625e+01 8.428543090820312500e+01
6.879816436767578125e+01 5.396384429931640625e+01
3.944272994995117188e+01 -2.816184234619140625e+01
-1.135401058197021484e+01 -7.966280937194824219e+00
8.533343315124511719e+00 -7.077930450439453125e+01
1.980131912231445312e+01 2.794833564758300781e+01
-7.774555206298828125e+01 2.089937019348144531e+01
2.505966186523437500e+01 -5.604722976684570312e+01
-8.331510162353515625e+01 2.668949508666992188e+01
3.843746566772460938e+01 3.164024734497070312e+01
-9.607016754150390625e+01 1.817417526245117188e+01
-1.086829528808593750e+02 1.855904197692871094e+01
1.470493984222412109e+01 5.443076324462890625e+01
-2.218445777893066406e+01 2.654446220397949219e+01
4.206465148925781250e+01 -7.686323547363281250e+01
-4.203976821899414062e+01 2.394951820373535156e+00
-6.600780487060546875e+01 1.288061714172363281e+01
4.415153884887695312e+01 5.728636550903320312e+01
2.439085197448730469e+01 8.690906524658203125e+01
-1.001516723632812500e+02 2.863600730895996094e+01
1.087417602539062500e+01 5.381401443481445312e+01
4.286474990844726562e+01 -6.991513061523437500e+01
1.552655124664306641e+01 8.672302246093750000e+01
-7.206128692626953125e+01 2.585372924804687500e+01
2.578982353210449219e+01 -6.242127990722656250e+01
-2.393450164794921875e+01 -7.571148681640625000e+01
-1.179729995727539062e+02 1.125053215026855469e+01
-8.302280426025390625e+01 1.845379638671875000e+01
-2.988671112060546875e+01 -2.053333282470703125e+01
-7.721636962890625000e+01 3.452931594848632812e+01
-1.210584716796875000e+02 1.852902793884277344e+01
-4.532910919189453125e+01 1.417355346679687500e+01
2.600383949279785156e+01 -4.411942958831787109e+00
4.546105575561523438e+01 4.028891324996948242e-01
3.560089111328125000e+01 -3.090217018127441406e+01
3.209528732299804688e+01 -2.458381891250610352e+00
8.290722656250000000e+01 -5.327011585235595703e+00
4.493455123901367188e+01 4.352845001220703125e+01
3.468666076660156250e+01 5.340422439575195312e+01
5.780169963836669922e+00 -5.171973705291748047e-01
1.710065841674804688e+01 -7.533187103271484375e+01
7.304733276367187500e+01 4.778221893310546875e+01
7.876665496826171875e+01 4.457828903198242188e+01
-1.129413604736328125e+02 3.317486190795898438e+01
-3.630681228637695312e+01 -8.372570800781250000e+01
-7.081430816650390625e+01 2.975105094909667969e+01
2.872196197509765625e+01 6.369725036621093750e+01
3.950796890258789062e+01 -5.043101501464843750e+01
-2.702232933044433594e+01 -8.079853820800781250e+01
-1.093081741333007812e+02 1.763039016723632812e+01
9.039703369140625000e+00 -1.291974306106567383e+00
2.662502098083496094e+01 -2.830598831176757812e+01
-1.062382888793945312e+02 2.700630378723144531e+01
-1.175610122680664062e+02 1.818079566955566406e+01
2.582598876953125000e+01 4.753066635131835938e+01
1.944938659667968750e+01 5.109543228149414062e+01
-4.975579071044921875e+01 -5.038772583007812500e+01
-3.511169433593750000e+01 1.819113349914550781e+01
-1.016933593750000000e+02 1.965904045104980469e+01
-1.214259490966796875e+02 2.406290054321289062e+01
5.560131072998046875e+01 7.884703063964843750e+01
6.708133697509765625e+01 5.573148727416992188e+01
1.746798896789550781e+01 -4.961694717407226562e+01
3.448610305786132812e+01 -3.418231201171875000e+01
-4.489615249633789062e+01 -1.107938385009765625e+01
4.060284042358398438e+01 -2.465362071990966797e+00
6.667061614990234375e+01 6.712220001220703125e+01
-1.105265960693359375e+02 2.571326446533203125e+01
5.271256637573242188e+01 4.665505599975585938e+01
4.394431304931640625e+01 -1.429333019256591797e+01
9.189529418945312500e+00 2.117471694946289062e-01
7.475739288330078125e+01 -2.839850425720214844e+01
6.874542999267578125e+01 6.137482452392578125e+01
2.624299049377441406e+01 4.737863922119140625e+01
-1.145215835571289062e+02 3.112764549255371094e+01
2.883150100708007812e+01 8.384636688232421875e+01
-1.080974426269531250e+02 2.422006034851074219e+01
1.934873771667480469e+01 -2.547180175781250000e+00
-2.366406631469726562e+01 -8.514170074462890625e+01
-2.814711570739746094e+01 -7.617421722412109375e+01
5.633798122406005859e+00 1.529346585273742676e+00
-1.107170257568359375e+02 1.285770320892333984e+01
-1.867174339294433594e+01 3.796470260620117188e+01
3.678705596923828125e+01 7.405836486816406250e+01
-5.118421554565429688e+01 2.759264564514160156e+01
-8.189918518066406250e+01 3.103850364685058594e+01
1.255245590209960938e+01 4.434187889099121094e+00
-6.773783111572265625e+01 3.205934143066406250e+01
-9.475539398193359375e+01 1.495632648468017578e+01
-8.434464263916015625e+01 2.898632431030273438e+01
-1.054701690673828125e+02 2.320644760131835938e+01
-2.072461128234863281e+01 4.045978927612304688e+01
-2.323177528381347656e+01 6.867481994628906250e+01
4.175807952880859375e+01 -6.163668155670166016e+00
-1.065754394531250000e+02 2.222738456726074219e+01
-1.130991821289062500e+02 2.444130897521972656e+01
2.648601531982421875e+01 -6.496670532226562500e+01
3.208068466186523438e+01 8.965348243713378906e+00
4.690508270263671875e+01 4.928934478759765625e+01
-1.637638854980468750e+01 -3.423536682128906250e+01
6.845756530761718750e+01 1.393571281433105469e+01
-3.611666488647460938e+01 4.401321029663085938e+01
3.897522985935211182e-01 8.523858642578125000e+01
-1.643887329101562500e+01 -2.773873329162597656e+01
-7.319644451141357422e+00 -6.683135223388671875e+01
-1.038693542480468750e+02 2.830769348144531250e+01
4.101501846313476562e+01 1.023253726959228516e+01
-1.067913665771484375e+02 1.254375553131103516e+01
-2.302658843994140625e+01 -1.726841354370117188e+01
3.962926483154296875e+01 -2.850922012329101562e+01
9.986683845520019531e+00 -1.274548053741455078e+01
6.953980922698974609e+00 -9.168257141113281250e+01
-1.064714050292968750e+02 1.375412464141845703e+01
2.375537109375000000e+01 -5.929255676269531250e+01
4.299866867065429688e+01 -5.645926475524902344e+00
-9.544625091552734375e+01 2.509482002258300781e+01
1.332832336425781250e+01 3.341327285766601562e+01
3.958877944946289062e+01 5.061257171630859375e+01
7.045098114013671875e+01 6.210785675048828125e+01
-1.218841400146484375e+02 3.578989791870117188e+01
-5.128194808959960938e+01 -6.771741485595703125e+01
-9.831077575683593750e+01 3.107988357543945312e+01
-1.153404464721679688e+02 2.820551681518554688e+01
1.738805389404296875e+01 8.290948867797851562e+00
-8.510839080810546875e+01 -7.886176109313964844e+00
-4.528524017333984375e+01 -2.652972793579101562e+01
2.725380897521972656e+00 4.124773025512695312e+00
3.624777984619140625e+01 -8.832421875000000000e+01
-1.124209289550781250e+02 2.383675956726074219e+01
-8.174197387695312500e+01 2.951763534545898438e+01
-9.793994140625000000e+01 1.838803291320800781e+01
-1.026944198608398438e+02 2.654438400268554688e+01
-8.053795623779296875e+01 3.792877578735351562e+01
6.984513854980468750e+01 -3.605760097503662109e+00
5.282006835937500000e+01 4.853907394409179688e+01
-8.116181182861328125e+01 2.629507827758789062e+01
-1.212215232849121094e+01 -5.529255294799804688e+01
2.073999023437500000e+01 -8.814568328857421875e+01
7.385276794433593750e+01 1.473102378845214844e+01
4.340066528320312500e+01 6.084278106689453125e+01
-1.823143959045410156e+01 -5.929508972167968750e+01
-5.324894332885742188e+01 -6.866207122802734375e+01
1.736739158630371094e+01 -5.943735885620117188e+01
6.461661338806152344e+00 5.922653579711914062e+01
2.843332672119140625e+01 -5.742165756225585938e+01
-1.336413764953613281e+01 3.089321327209472656e+01
4.449179458618164062e+01 7.928548336029052734e+00
-9.875894165039062500e+01 1.897648620605468750e+01
-2.671381568908691406e+01 2.928593254089355469e+01
-1.123800125122070312e+02 8.864286422729492188e+00
-4.450432968139648438e+01 -1.073415088653564453e+01
-3.431305694580078125e+01 1.689323043823242188e+01
-1.622801208496093750e+01 4.270816802978515625e+01
-1.209254760742187500e+02 1.575221443176269531e+01
-8.392085266113281250e+01 2.224947738647460938e+01
1.704232025146484375e+01 -1.081340026855468750e+01
-1.657408523559570312e+01 3.347629547119140625e+01
1.244884300231933594e+01 4.548033523559570312e+01
-5.887903213500976562e+01 2.762880516052246094e+01
-1.163889236450195312e+02 2.876258850097656250e+01
-1.193190813064575195e+00 -8.252433013916015625e+01
-9.282845497131347656e+00 7.993914794921875000e+01
4.818217468261718750e+01 4.500513458251953125e+01
7.523682594299316406e+00 5.390713882446289062e+01
-1.459656906127929688e+01 4.594828796386718750e+01
2.857622718811035156e+01 6.057020187377929688e+01
-6.614955139160156250e+01 2.959821128845214844e+01
-7.644584655761718750e+01 2.882965469360351562e+01
3.649562358856201172e+00 8.024710083007812500e+01
2.951328277587890625e+01 -2.974720191955566406e+01
-8.747028350830078125e+01 3.395624923706054688e+01
-9.811975097656250000e+01 2.259431457519531250e+01
1.617967414855957031e+01 5.690232467651367188e+01
-3.089516162872314453e+00 8.574005126953125000e+01
6.552594184875488281e+00 7.188642024993896484e+00
5.306777191162109375e+01 4.613799285888671875e+01
-7.972216796875000000e+01 4.076537704467773438e+01
7.356462860107421875e+01 -2.262555694580078125e+01
2.004327392578125000e+01 6.544009399414062500e+01
4.883895492553710938e+01 4.752228927612304688e+01
7.611553955078125000e+01 1.617037391662597656e+01
2.428132247924804688e+01 4.534314727783203125e+01
-5.693002700805664062e+00 -8.641981506347656250e+01
-5.206303787231445312e+01 5.094984531402587891e+00
7.584896087646484375e+01 1.897233390808105469e+01
-7.387455749511718750e+01 -1.191074132919311523e+00
-6.252094268798828125e+01 3.251028442382812500e+01
-8.318472290039062500e+01 -1.530622005462646484e+01
3.630500555038452148e+00 -7.153245544433593750e+01
6.556705474853515625e+01 -3.369713211059570312e+01
-1.013846206665039062e+02 2.855261039733886719e+01
-3.278561782836914062e+01 2.248797988891601562e+01
-1.189721908569335938e+02 2.232333564758300781e+01
-1.078092041015625000e+02 2.283736801147460938e+01
9.358571767807006836e-01 7.612906646728515625e+01
3.745473480224609375e+01 1.588124847412109375e+01
3.461453247070312500e+01 5.071315383911132812e+01
-7.391467285156250000e+01 2.040110588073730469e+01
5.737479782104492188e+01 -3.773843383789062500e+01
-7.667221832275390625e+01 2.490891647338867188e+01
-1.214602279663085938e+02 1.751944923400878906e+01
3.069423484802246094e+01 -8.558131217956542969e+00
-2.440909194946289062e+01 -7.375481414794921875e+01
-3.202173614501953125e+01 -8.121121215820312500e+01
2.701459407806396484e+00 7.981124877929687500e+01
3.475493621826171875e+01 -5.620100021362304688e+01
3.712677764892578125e+01 -2.275550079345703125e+01
3.215534210205078125e+01 9.552210807800292969e+00
2.955231285095214844e+01 4.601830673217773438e+01
2.107529067993164062e+01 5.527383041381835938e+01
-9.916496276855468750e+01 3.428189086914062500e+01
6.870545959472656250e+01 -4.454337310791015625e+01
1.869613838195800781e+01 3.135441970825195312e+01
-8.652842712402343750e+01 1.586189174652099609e+01
7.610615539550781250e+01 -3.253545379638671875e+01
-5.864078521728515625e+01 -3.807063674926757812e+01
-6.283515930175781250e+01 3.018509674072265625e+01
7.076796722412109375e+01 -2.048298835754394531e+01
-8.262033081054687500e+01 -1.306040382385253906e+01
-1.054230880737304688e+02 1.690246772766113281e+01
2.164535331726074219e+01 5.294313430786132812e+01
-1.060620956420898438e+02 3.029078292846679688e+01
3.822016906738281250e+01 -3.748089599609375000e+01
4.253753662109375000e+01 -5.097406768798828125e+01
-6.261145019531250000e+01 2.905774688720703125e+01
-3.750588607788085938e+01 4.408478927612304688e+01
-8.475265502929687500e+01 2.837754821777343750e+01
8.018087768554687500e+01 2.467840385437011719e+01
1.269537830352783203e+01 4.521680450439453125e+01
-8.426400756835937500e+01 -1.543133640289306641e+01
-2.571782350540161133e+00 8.431214141845703125e+01
-1.061382904052734375e+02 1.652646446228027344e+01
-2.265338516235351562e+01 -6.455730438232421875e+01
2.073010635375976562e+01 -5.397100448608398438e+01
-2.000689268112182617e+00 3.957726287841796875e+01
-5.980555725097656250e+01 3.254653167724609375e+01
1.883166313171386719e+01 2.732889556884765625e+01
4.680740356445312500e+01 -1.786296272277832031e+01
-1.179022369384765625e+02 1.119284534454345703e+01
-9.486228942871093750e+01 3.366272735595703125e+01
-1.099980010986328125e+02 1.287473201751708984e+01
-1.189206924438476562e+02 2.441161727905273438e+01
1.462424373626708984e+01 -1.494249057769775391e+01
5.903198242187500000e+00 8.079975891113281250e+01
-1.134266967773437500e+02 1.962680435180664062e+01
-4.897649383544921875e+01 3.688569641113281250e+01
3.656178665161132812e+01 -7.086378479003906250e+01
-3.776350975036621094e+00 -2.048206710815429688e+01
-4.101065444946289062e+01 3.538584136962890625e+01
-3.065050697326660156e+01 -6.902117919921875000e+01
6.687009429931640625e+01 -3.060284423828125000e+01
5.189828109741210938e+01 6.516931152343750000e+01
2.129296493530273438e+01 8.672917938232421875e+01
-1.015023269653320312e+02 2.555783843994140625e+01
5.865657806396484375e+01 -1.387123584747314453e+01
2.130493354797363281e+01 5.482830429077148438e+01
-3.728026962280273438e+01 4.237118530273437500e+01
-1.049970550537109375e+02 1.953242874145507812e+01
5.162551879882812500e+01 1.119658660888671875e+01
-7.139743804931640625e+01 2.808126640319824219e+01
-8.922330474853515625e+01 -1.713299369812011719e+01
-4.313852691650390625e+01 -1.027519893646240234e+01
-8.487599182128906250e+01 -1.188590812683105469e+01
6.299273300170898438e+01 7.502854156494140625e+01
-1.658817481994628906e+01 4.176074600219726562e+01
4.866434860229492188e+01 2.143716621398925781e+01
-7.546884918212890625e+01 2.726609611511230469e+01
-4.718552398681640625e+01 -6.649359130859375000e+01
-5.191250991821289062e+01 2.575148773193359375e+01
-8.650867462158203125e+01 2.483742713928222656e+01
9.105547332763671875e+01 -1.873159027099609375e+01
7.743117523193359375e+01 1.833768844604492188e+01
-1.123698272705078125e+02 8.899675369262695312e+00
-6.168524551391601562e+01 2.812359428405761719e+01
3.298198318481445312e+01 -6.567840576171875000e+01
1.728608512878417969e+01 -4.754653167724609375e+01
-1.894268035888671875e+01 4.250006103515625000e+01
-1.875195622444152832e+00 -4.209277343750000000e+01
9.296388244628906250e+01 -1.927441787719726562e+01
-2.472432136535644531e+00 3.172912406921386719e+01
-9.386081695556640625e+01 1.514855575561523438e+01
-5.990136718750000000e+01 3.107688903808593750e+01
4.398603439331054688e+01 9.616534233093261719e+00
2.148901939392089844e+01 2.780096626281738281e+01
-7.868904876708984375e+01 2.379754829406738281e+01
-7.655065917968750000e+01 -1.602988624572753906e+01
1.927052497863769531e+00 -2.056420707702636719e+01
1.843020820617675781e+01 7.829712677001953125e+01
-1.203714942932128906e+01 -6.133840942382812500e+01
1.383523368835449219e+01 6.727996826171875000e+01
1.485324859619140625e+01 -6.488647460937500000e+01
-3.021877670288085938e+01 -2.916656112670898438e+01
8.808836936950683594e+00 -1.970063972473144531e+01
4.512879180908203125e+01 -7.553936004638671875e+01
-7.467755126953125000e+01 2.464525794982910156e+01
-7.363757324218750000e+01 2.395597457885742188e+01
7.272763824462890625e+01 -1.429625701904296875e+01
-9.024927139282226562e+00 -2.743099784851074219e+01
-4.188287734985351562e+01 -1.429460811614990234e+01
-1.039481887817382812e+02 1.194821834564208984e+01
-1.226701965332031250e+02 2.464706993103027344e+01
-6.126926898956298828e+00 -2.203824234008789062e+01
-3.638399124145507812e+01 -2.684105157852172852e+00
-1.105817031860351562e+02 1.910004425048828125e+01
-1.104541931152343750e+02 4.057206153869628906e+00
3.254567861557006836e+00 -1.157105159759521484e+01
6.318893432617187500e+01 5.015089035034179688e+01
-1.202453308105468750e+02 2.049243545532226562e+01
-1.133365631103515625e+02 2.900592613220214844e+01
-8.925886535644531250e+01 2.519093322753906250e+01
-2.402295589447021484e+00 4.811536026000976562e+01
-5.854922866821289062e+01 2.432445716857910156e+01
6.127862334251403809e-01 8.282995605468750000e+01
2.183868408203125000e+01 2.049162864685058594e+01
-6.775376129150390625e+01 3.474078369140625000e+01
6.214670562744140625e+01 5.374011993408203125e+01
-1.130436553955078125e+02 1.078598880767822266e+01
-8.580676269531250000e+01 4.064133834838867188e+01
2.206309318542480469e+01 -5.122513198852539062e+01
-1.622617530822753906e+01 2.737713050842285156e+01
1.209772109985351562e+01 -7.956542968750000000e+00
-6.462921142578125000e+01 3.006164550781250000e+01
-9.836558341979980469e+00 -7.040583038330078125e+01
-6.581288146972656250e+01 2.900567817687988281e+01
3.079008674621582031e+01 -7.770687866210937500e+01
3.565092086791992188e+01 4.916654205322265625e+01
2.460466575622558594e+01 4.465517807006835938e+01
-1.153269348144531250e+02 3.216518402099609375e+01
-7.778785705566406250e+01 -1.152325725555419922e+01
-2.364413070678710938e+01 -8.459100341796875000e+01
-1.614116072654724121e+00 -7.702181816101074219e+00
-1.198988723754882812e+02 2.596601295471191406e+01
-8.161472320556640625e+01 3.021389579772949219e+01
-8.999783325195312500e+01 -1.700592231750488281e+01
-7.272674560546875000e+01 2.832850456237792969e+01
-1.108512649536132812e+02 2.228006935119628906e+01
-7.894130706787109375e+01 2.377124404907226562e+01
-9.633081817626953125e+01 2.937827110290527344e+01
-2.413587379455566406e+01 -9.001688385009765625e+01
4.018742752075195312e+01 1.073408699035644531e+01
-7.007631683349609375e+01 3.322122192382812500e+01
-5.421151733398437500e+01 4.204095840454101562e+01
-1.111256484985351562e+02 3.320376968383789062e+01
-6.994178771972656250e+01 2.464286422729492188e+01
-2.180444526672363281e+01 6.648046112060546875e+01
7.357984161376953125e+01 -9.164252281188964844e+00
1.332124042510986328e+01 -3.018792724609375000e+01
-1.179882736206054688e+02 4.030076217651367188e+01
3.727477645874023438e+01 -6.110941696166992188e+01
-2.178944015502929688e+01 1.955735588073730469e+01
-1.043499526977539062e+02 8.006278038024902344e+00
-6.970697784423828125e+01 3.192980194091796875e+01
4.443477153778076172e+00 -4.327375793457031250e+01
-4.259019088745117188e+01 5.348493576049804688e+00
-6.505004119873046875e+01 2.279556274414062500e+01
-7.622428131103515625e+01 2.669930076599121094e+01
4.453704833984375000e+01 -3.357297134399414062e+01
-4.714717864990234375e+01 -3.539197921752929688e+00
-1.695709037780761719e+01 3.525976943969726562e+01
-3.620311355590820312e+01 2.380909156799316406e+01
-5.046619415283203125e+01 -6.618419647216796875e+01
-9.205419158935546875e+01 2.331097221374511719e+01
2.830414295196533203e+00 5.114224910736083984e+00
-7.294200134277343750e+01 3.275622940063476562e+01
-1.421150779724121094e+01 -7.254673767089843750e+01
-9.848466491699218750e+01 4.062045288085937500e+01
8.210881805419921875e+01 -2.450123786926269531e+01
-6.362091827392578125e+01 2.425862503051757812e+01
-9.183257293701171875e+01 3.745951461791992188e+01
4.054682540893554688e+01 -2.544701576232910156e+00
1.899707984924316406e+01 -6.438732147216796875e+01
7.036889076232910156e+00 3.813540267944335938e+01
3.424498367309570312e+01 2.581157112121582031e+01
-7.534089660644531250e+01 -7.244175434112548828e+00
-4.365156555175781250e+01 1.940480041503906250e+01
5.909795379638671875e+01 5.729215621948242188e+01
-1.245996780395507812e+02 1.861659240722656250e+01
2.222872543334960938e+01 2.261951923370361328e+00
-1.099470062255859375e+02 2.271411323547363281e+01
-1.162511539459228516e+01 -8.516929626464843750e+00
6.359946060180664062e+01 -1.163852024078369141e+01
5.363002395629882812e+01 -6.444519042968750000e+01
1.592107868194580078e+01 1.355513381958007812e+01
9.140765380859375000e+01 -2.446124839782714844e+01
4.210652542114257812e+01 1.116462230682373047e+00
3.554973983764648438e+01 1.839635658264160156e+01
1.028531360626220703e+01 -1.359159946441650391e+01
4.695824432373046875e+01 6.543157196044921875e+01
-5.149877929687500000e+01 4.400963211059570312e+01
-5.011261367797851562e+01 4.566625595092773438e+01
-7.863227081298828125e+01 3.114411163330078125e+01
3.684848785400390625e+01 -4.120540237426757812e+01
2.758254623413085938e+01 5.154203414916992188e+01
3.556156921386718750e+01 5.538097381591796875e+01
1.114090919494628906e+01 5.512496948242187500e+01
5.091650390625000000e+01 -6.712077331542968750e+01
4.318575668334960938e+01 -6.572761058807373047e+00
1.412995529174804688e+01 -8.297053527832031250e+01
4.361809921264648438e+01 2.386214256286621094e+00
-2.704862785339355469e+01 3.537733840942382812e+01
-2.522196054458618164e+00 5.618357086181640625e+01
1.637375068664550781e+01 7.326786041259765625e+01
-8.143610382080078125e+01 4.310729217529296875e+01
-8.810749816894531250e+01 -4.761683464050292969e+00
-2.915500640869140625e+01 4.551917266845703125e+01
6.493941497802734375e+01 -6.498067474365234375e+01
4.182115936279296875e+01 -7.538397216796875000e+01
-6.050674819946289062e+01 5.256949996948242188e+01
-6.071738815307617188e+01 2.884253692626953125e+01
3.600726699829101562e+01 3.019024276733398438e+01
-8.239349365234375000e+01 2.254847145080566406e+01
-1.737849235534667969e+01 3.112739944458007812e+01
5.544312667846679688e+01 -3.746060180664062500e+01
2.715962600708007812e+01 -4.116543960571289062e+01
8.793245697021484375e+01 4.861089324951171875e+01
9.085422515869140625e+01 -2.065283393859863281e+01
4.745075988769531250e+01 4.488743591308593750e+01
-9.870438385009765625e+01 2.291182899475097656e+01
-5.720051193237304688e+01 2.842920494079589844e+01
-9.182505035400390625e+01 2.455436515808105469e+01
6.649425506591796875e+01 1.954681396484375000e+01
7.108663177490234375e+01 4.722219085693359375e+01
-1.139809494018554688e+02 7.449629306793212891e+00
-3.426159667968750000e+01 4.409443664550781250e+01
1.545150756835937500e+01 -1.584591579437255859e+01
-3.600867462158203125e+01 4.108381271362304688e+01
1.538075923919677734e+01 -9.512967681884765625e+01
4.197644042968750000e+01 -5.026095962524414062e+01
2.502162742614746094e+01 -8.592351531982421875e+01
1.538077926635742188e+01 -1.596471691131591797e+01
1.313247489929199219e+01 1.343940448760986328e+01
-7.309238433837890625e+01 1.973493766784667969e+01
1.947465133666992188e+01 -4.963072204589843750e+01
2.308027648925781250e+01 1.397438287734985352e+00
-1.200091629028320312e+02 2.132246971130371094e+01
3.829024887084960938e+01 -4.040382766723632812e+01
-8.689015197753906250e+01 3.181127357482910156e+01
-6.243495941162109375e+01 3.382780075073242188e+01
-2.142880058288574219e+01 -7.040089416503906250e+01
-3.923515796661376953e+00 -6.535089874267578125e+01
5.061374664306640625e+01 -1.654856872558593750e+01
-8.375661468505859375e+01 3.905060958862304688e+01
3.321350860595703125e+01 4.438639163970947266e+00
-2.507898139953613281e+01 7.178720092773437500e+01
7.219708251953125000e+01 5.631017303466796875e+01
4.334285354614257812e+01 8.026431274414062500e+01
5.883053588867187500e+01 -7.087149810791015625e+01
-2.509416818618774414e+00 -1.643814086914062500e+01
-7.995399475097656250e+01 3.548189544677734375e+01
-6.360063934326171875e+01 3.334296798706054688e+01
1.186342048645019531e+01 -2.170299911499023438e+01
2.884785890579223633e+00 -7.764289855957031250e+01
-4.380862426757812500e+01 -2.072903060913085938e+01
5.447500991821289062e+01 -6.439435577392578125e+01
-1.003990936279296875e+02 1.305052375793457031e+01
-8.681520819664001465e-01 5.426289558410644531e+00
-1.084205245971679688e+02 2.597863578796386719e+01
-7.270525360107421875e+01 2.297495841979980469e+01
-1.087607955932617188e+02 7.990948677062988281e+00
4.361703872680664062e+01 -1.619714546203613281e+01
-9.458165740966796875e+01 2.563739967346191406e+01
-1.328572940826416016e+01 5.261090087890625000e+01
-2.206086516380310059e-01 2.202383041381835938e+01
-1.100725021362304688e+02 1.009180068969726562e+01
-6.979147338867187500e+01 2.888752365112304688e+01
1.395726203918457031e+01 5.785463714599609375e+01
-1.949624824523925781e+01 -6.406775665283203125e+01
6.063734054565429688e+01 1.064821720123291016e+01
1.038388442993164062e+01 -6.238424301147460938e+01
8.356175994873046875e+01 -2.035415267944335938e+01
-2.624433708190917969e+01 -8.063632965087890625e+01
-1.067996978759765625e+02 2.590442276000976562e+01
-3.664818572998046875e+01 -5.679618072509765625e+01
8.609981536865234375e+00 3.204615402221679688e+01
1.692970395088195801e+00 -2.389362335205078125e+01
-8.708468627929687500e+01 -1.373953533172607422e+01
5.152903747558593750e+01 -6.693885040283203125e+01
-1.784662055969238281e+01 4.121433258056640625e+01
-7.879763031005859375e+01 4.805914306640625000e+01
5.625891113281250000e+01 2.624001884460449219e+01
5.286399841308593750e+01 -4.780287551879882812e+01
6.263599014282226562e+01 5.403709411621093750e+01
-1.047143936157226562e+02 3.827257537841796875e+01
5.693523883819580078e+00 -9.168113708496093750e+00
-7.437667083740234375e+01 3.138206100463867188e+01
6.127554702758789062e+01 -3.868862152099609375e+01
-7.352793216705322266e+00 -2.249428749084472656e+01
-5.231259155273437500e+01 -1.391791057586669922e+01
6.508260345458984375e+01 -1.572788810729980469e+01
-8.661254882812500000e+01 4.790256500244140625e+01
4.369828414916992188e+01 -6.867887115478515625e+01
-7.909415435791015625e+01 3.844298171997070312e+01
1.283842754364013672e+01 5.920706176757812500e+01
6.016235828399658203e+00 -2.441988945007324219e+00
1.216057300567626953e+01 6.999076080322265625e+01
-4.472702980041503906e+00 2.297109365463256836e+00
4.485850906372070312e+01 -1.819107174873352051e+00
-1.876115036010742188e+01 -6.723179626464843750e+01
-6.557234954833984375e+01 2.668677139282226562e+01
-1.547486782073974609e+01 2.564289283752441406e+01
2.941552352905273438e+01 4.789176940917968750e+01
4.340106964111328125e+01 6.084491729736328125e+01
-9.525473785400390625e+01 2.339919281005859375e+01
-2.109332656860351562e+01 -6.938038635253906250e+01
-3.209646987915039062e+01 2.048438072204589844e+01
-7.218647766113281250e+01 2.243045425415039062e+01
7.670507812500000000e+01 -2.359201812744140625e+01
4.916728210449218750e+01 -1.287973022460937500e+01
-8.029121398925781250e+01 3.670449066162109375e+01
3.523325347900390625e+01 -4.843494033813476562e+01
1.664752388000488281e+01 5.770151901245117188e+01
-1.913324356079101562e+01 -7.138225555419921875e+01
-1.460736083984375000e+01 -6.779756927490234375e+01
-8.759895324707031250e+01 -1.082345294952392578e+01
-6.645883560180664062e+00 -3.850821304321289062e+01
1.169060707092285156e+01 1.108500719070434570e+00
4.765205764770507812e+01 4.314987564086914062e+01
-3.900889205932617188e+01 -6.893599700927734375e+01
3.976152038574218750e+01 -1.438330936431884766e+01
3.167931938171386719e+01 -7.151429748535156250e+01
-2.195693016052246094e+01 -7.075580596923828125e+01
-7.438265991210937500e+01 2.646711540222167969e+01
-1.060078239440917969e+01 -6.727782487869262695e-01
-1.134720764160156250e+02 2.629012680053710938e+01
4.659049224853515625e+01 -6.655590057373046875e+01
-8.162258911132812500e+01 4.383703231811523438e+01
-1.036964111328125000e+02 1.411999988555908203e+01
-3.116902589797973633e+00 -6.985434055328369141e+00
-6.328418254852294922e+00 -4.122348403930664062e+01
-7.318533420562744141e+00 -9.586009979248046875e+00
2.587761878967285156e+00 2.742860317230224609e+00
-1.394857025146484375e+01 2.757540321350097656e+01
4.411172485351562500e+01 -2.927171134948730469e+01
-4.288589859008789062e+01 4.021404266357421875e+01
7.362218475341796875e+01 -1.626578712463378906e+01
-2.727320480346679688e+01 -7.394276428222656250e+01
-7.114454650878906250e+01 1.723340415954589844e+01
1.460918617248535156e+01 -5.805277252197265625e+01
-7.054470062255859375e+01 3.399875259399414062e+01
-8.821377754211425781e+00 -1.245281028747558594e+01
-1.521488952636718750e+01 -1.958119392395019531e+01
1.113708972930908203e+01 -3.079433631896972656e+01
5.238032531738281250e+01 -1.295862007141113281e+01
1.912773323059082031e+01 4.215721511840820312e+01
7.032554626464843750e+00 3.798960113525390625e+01
-1.162693328857421875e+02 2.544429588317871094e+01
-6.863016128540039062e+00 2.151783752441406250e+01
-7.828812408447265625e+01 -2.215086936950683594e+01
6.761148071289062500e+01 -1.883073234558105469e+01
-9.976924896240234375e+01 1.584963798522949219e+01
3.120691871643066406e+01 2.414087677001953125e+01
3.280751037597656250e+01 4.933373260498046875e+01
-1.584125709533691406e+01 -8.763481140136718750e+01
-7.302613830566406250e+01 -1.323186397552490234e+01
2.021629524230957031e+01 5.148691177368164062e+01
-8.708854675292968750e+00 -7.543705749511718750e+01
-3.691620254516601562e+01 9.401362419128417969e+00
-8.648892974853515625e+01 1.959033584594726562e+01
-6.363617897033691406e+00 2.574311971664428711e+00
4.393935775756835938e+01 -7.097726440429687500e+01
3.369106674194335938e+01 6.010701751708984375e+01
-1.141055297851562500e+01 -1.846733283996582031e+01
5.050370407104492188e+01 -6.583261108398437500e+01
-8.592713165283203125e+01 4.720743179321289062e+01
-6.035545730590820312e+01 2.218700218200683594e+01
8.826306343078613281e+00 4.759972763061523438e+01
-1.153898315429687500e+02 2.626790809631347656e+01
-1.018832550048828125e+02 1.508396720886230469e+01
7.841355895996093750e+01 1.788752555847167969e+01
1.812357902526855469e+01 1.974749088287353516e+00
-6.198178482055664062e+01 -2.143171501159667969e+01
4.747833013534545898e-01 -1.462587547302246094e+01
-7.453283309936523438e+00 -1.415192604064941406e+00
-8.455210113525390625e+01 -1.624375343322753906e+01
7.757695770263671875e+01 4.509991073608398438e+01
-4.724140930175781250e+01 3.521993160247802734e+00
-8.547274780273437500e+01 -1.036074638366699219e+01
-8.944603729248046875e+01 2.064756011962890625e+01
-7.824501037597656250e+01 -1.547672080993652344e+01
-1.125474472045898438e+02 1.529334545135498047e+01
-1.076588058471679688e+01 1.654871749877929688e+01
2.645165061950683594e+01 5.172993469238281250e+01
-9.019963073730468750e+01 3.137642669677734375e+01
-5.821046447753906250e+01 1.692150878906250000e+01
-2.224956512451171875e+01 -7.326146697998046875e+01
1.663100433349609375e+01 -4.570748519897460938e+01
-9.736715316772460938e+00 -7.219600677490234375e-01
-4.274475574493408203e+00 3.821184921264648438e+01
9.512227773666381836e-02 -3.738543701171875000e+01
-8.384706878662109375e+01 -1.366753482818603516e+01
-7.100509643554687500e+01 3.664610290527343750e+01
2.567943382263183594e+01 5.774364852905273438e+01
-9.225838661193847656e+00 -4.426356887817382812e+01
-1.189363861083984375e+02 3.306135559082031250e+01
4.765329360961914062e+01 6.653585815429687500e+01
1.458785629272460938e+01 6.411100769042968750e+01
4.020771408081054688e+01 9.544092178344726562e+00
-4.416779518127441406e+00 2.866926383972167969e+01
5.446686172485351562e+01 4.194072723388671875e+01
-2.594256210327148438e+01 -6.762560272216796875e+01
5.148639202117919922e+00 1.602369499206542969e+01
-3.095721435546875000e+01 -5.003839492797851562e+01
-9.797775268554687500e+00 -7.979760742187500000e+01
3.131764793395996094e+01 4.484897994995117188e+01
2.226076126098632812e+01 6.519786071777343750e+01
-1.184194717407226562e+02 1.792259788513183594e+01
-5.884696483612060547e+00 -8.274057769775390625e+01
-8.407109832763671875e+01 -2.454817008972167969e+01
-1.377387046813964844e+01 -2.676065635681152344e+01
-4.128968811035156250e+01 3.467324829101562500e+01
-6.603124237060546875e+01 1.300615024566650391e+01
8.075251007080078125e+01 3.800148773193359375e+01
7.912925720214843750e+01 4.580373001098632812e+01
4.072598648071289062e+01 -6.670590209960937500e+01
4.647211837768554688e+01 -5.757870864868164062e+01
2.134075736999511719e+01 -4.014583969116210938e+01
-5.011821365356445312e+01 -7.932858276367187500e+01
4.441559219360351562e+01 -7.374905395507812500e+01
4.009979248046875000e+01 -4.767952728271484375e+01
-6.626562500000000000e+01 3.638575744628906250e+01
5.980768585205078125e+01 4.713342285156250000e+01
5.632046890258789062e+01 -7.382971954345703125e+01
5.264350128173828125e+01 -4.764017105102539062e+01
-3.536005783081054688e+01 -4.994174194335937500e+01
3.929080581665039062e+01 2.791005516052246094e+01
1.554946041107177734e+01 -7.679913330078125000e+01
1.891233634948730469e+01 4.272813320159912109e+00
-7.092384338378906250e+01 3.634869384765625000e+01
-7.201308441162109375e+01 1.808453369140625000e+01
-8.611042022705078125e+01 -1.511785411834716797e+01
2.599246788024902344e+01 -4.852994155883789062e+01
3.378818893432617188e+01 -1.793353271484375000e+01
5.020594787597656250e+01 4.951674270629882812e+01
-3.005927562713623047e+00 -1.964188194274902344e+01
4.688891983032226562e+01 4.926356887817382812e+01
2.002046585083007812e+01 -8.532308959960937500e+01
7.544689655303955078e+00 -2.288500213623046875e+01
1.582588291168212891e+01 6.772542572021484375e+01
1.371468067169189453e+01 5.551496887207031250e+01
-5.840884780883789062e+01 1.935467720031738281e+01
1.299642372131347656e+01 4.823735427856445312e+01
1.912907409667968750e+01 4.198169708251953125e+01
-3.570390701293945312e+01 -1.636899185180664062e+01
6.481752014160156250e+01 5.325141525268554688e+01
5.369842147827148438e+01 5.882194519042968750e+01
3.768961715698242188e+01 -1.649774909019470215e-01
-5.123328018188476562e+01 -1.708558082580566406e+01
1.998304939270019531e+01 -1.085672950744628906e+01
-8.458654022216796875e+01 -2.618021392822265625e+01
3.554927062988281250e+01 -4.672516250610351562e+01
1.394702792167663574e-01 4.000336837768554688e+01
7.030306243896484375e+01 1.371831130981445312e+01
5.701598644256591797e+00 8.927700042724609375e+00
-8.145017242431640625e+01 -1.195707035064697266e+01
2.337429237365722656e+01 4.339775848388671875e+01
-1.707570648193359375e+01 2.734394836425781250e+01
2.498502731323242188e+01 -8.601956939697265625e+01
-5.945264053344726562e+01 1.537818813323974609e+01
1.544183254241943359e+01 1.690370178222656250e+01
5.387109756469726562e+01 -3.499736022949218750e+01
-7.255942821502685547e+00 -4.331836318969726562e+01
-1.151239547729492188e+02 2.532892227172851562e+01
1.588194942474365234e+01 -5.842067718505859375e+00
1.966466784477233887e+00 -8.477481842041015625e+00
7.186746120452880859e+00 7.561745452880859375e+01
8.237266540527343750e+00 1.960757827758789062e+01
-2.177847290039062500e+01 2.479650688171386719e+01
-1.380064105987548828e+01 -6.299229431152343750e+01
-3.791573524475097656e+00 -5.737142562866210938e+01
-1.921969413757324219e+01 -5.823867034912109375e+01
7.920861816406250000e+01 1.563592147827148438e+01
-2.221579551696777344e+01 -5.814507675170898438e+01
2.005545234680175781e+01 -3.262854003906250000e+01
2.683749008178710938e+01 -3.348301696777343750e+01
3.524172592163085938e+01 -8.877828598022460938e+00
1.245679378509521484e+01 3.365887069702148438e+01
7.701622772216796875e+01 1.624949264526367188e+01
-3.726917648315429688e+01 9.235113143920898438e+00
-1.162934951782226562e+02 4.014846038818359375e+01
1.476122093200683594e+01 4.557143402099609375e+01
2.289210128784179688e+01 4.628589630126953125e+01
-4.672436904907226562e+01 4.360929107666015625e+01
-5.412324142456054688e+01 3.200661849975585938e+01
-1.459074115753173828e+01 2.992242813110351562e+01
-5.003155517578125000e+01 2.720806121826171875e+01
5.361233139038085938e+01 -5.455319976806640625e+01
-7.580413055419921875e+01 1.635577774047851562e+01
-8.298071289062500000e+01 -1.440898227691650391e+01
-8.660064697265625000e+00 -2.773890495300292969e+01
-7.807536602020263672e+00 -2.926154518127441406e+01
1.580333232879638672e+01 -6.986270141601562500e+01
-5.847831344604492188e+01 2.971711921691894531e+01
-4.649809265136718750e+01 -7.941509246826171875e+01
1.738610839843750000e+01 1.270740127563476562e+01
-4.379492759704589844e+00 -6.995101451873779297e+00
-5.147622680664062500e+01 4.082235336303710938e+01
4.406490325927734375e+01 -2.191601562500000000e+01
-6.172837257385253906e+00 -2.094858932495117188e+01
-1.107809295654296875e+02 1.622355651855468750e+01
4.185716247558593750e+01 -7.733090209960937500e+01
1.076127529144287109e+01 -1.786733627319335938e+01
4.138703155517578125e+01 -4.778468704223632812e+01
-6.736537170410156250e+01 4.295604228973388672e+00
2.105183601379394531e+01 3.452135467529296875e+01
-7.391268157958984375e+01 -1.962187767028808594e+01
3.185014533996582031e+01 5.393078231811523438e+01
-5.776683807373046875e+01 2.132331657409667969e+01
-1.160399723052978516e+01 -7.337798476219177246e-01
1.773951530456542969e+01 3.908153533935546875e+01
-4.143149566650390625e+01 -6.584715843200683594e-01
-6.658458232879638672e+00 -3.871050643920898438e+01
6.015192413330078125e+01 1.061601924896240234e+01
-3.630249786376953125e+01 2.776123809814453125e+01
1.761601257324218750e+01 3.879661560058593750e+01
7.501777648925781250e+01 2.716878700256347656e+01
3.440185546875000000e+01 -4.023426818847656250e+01
1.926296806335449219e+01 -8.586522674560546875e+01
-7.612815856933593750e+01 -1.996223449707031250e+01
-7.121266937255859375e+01 3.814957427978515625e+01
-9.729177474975585938e+00 -7.568273925781250000e+01
-1.023570938110351562e+02 1.496243953704833984e+01
1.298659229278564453e+01 6.854508209228515625e+01
-5.883635330200195312e+01 2.291372680664062500e+01
-7.023132324218750000e+01 -1.625144779682159424e-01
-2.980360984802246094e+00 -7.561453819274902344e+00
-1.623498535156250000e+01 -3.401409912109375000e+01
1.367373085021972656e+01 4.615600204467773438e+01
1.978228759765625000e+01 -3.237226486206054688e+01
-7.742423248291015625e+01 -1.034467792510986328e+01
-1.544325542449951172e+01 -5.846035385131835938e+01
-1.454607772827148438e+01 5.750490188598632812e+01
-8.657128143310546875e+01 -2.304923439025878906e+01
1.219075584411621094e+01 5.955644607543945312e+01
3.372093200683593750e+00 -7.392530822753906250e+01
-6.372022151947021484e+00 -6.005803298950195312e+01
7.235910797119140625e+01 1.410871124267578125e+01
8.844928741455078125e+01 -5.913399219512939453e+00
1.929384994506835938e+01 1.002735614776611328e+01
-2.981503868103027344e+01 8.446450233459472656e+00
-2.005402946472167969e+01 -7.303884124755859375e+01
-3.675700378417968750e+01 -5.620888900756835938e+01
4.402827835083007812e+01 -7.205982208251953125e+01
-2.545996284484863281e+01 -8.771907043457031250e+01
2.177803611755371094e+01 -1.612300872802734375e+01
3.968040943145751953e+00 -5.884358978271484375e+01
6.587580108642578125e+01 5.636224365234375000e+01
-9.900928497314453125e+00 5.438863486051559448e-02
4.587010574340820312e+01 -5.887032699584960938e+01
1.631717300415039062e+01 -8.720499420166015625e+01
-1.376858520507812500e+01 -6.404784393310546875e+01
-4.419554901123046875e+01 2.609078645706176758e+00
-9.848641967773437500e+01 4.573435592651367188e+01
-8.125505828857421875e+01 3.921052932739257812e+01
4.270586395263671875e+01 -3.343012619018554688e+01
-1.958355903625488281e+01 2.209572219848632812e+01
4.585959625244140625e+01 -2.079458236694335938e+01
-5.211939239501953125e+01 -1.638106727600097656e+01
-8.928555488586425781e+00 -1.560500717163085938e+01
2.051216697692871094e+01 6.144883728027343750e+01
-1.568630981445312500e+01 -3.732014656066894531e+00
5.109906768798828125e+01 1.216381168365478516e+01
7.517754364013671875e+01 1.728953552246093750e+01
2.626871490478515625e+01 -3.311173248291015625e+01
1.914631462097167969e+01 -8.139674377441406250e+01
5.067106628417968750e+01 1.247937774658203125e+01
2.565831756591796875e+01 3.938880920410156250e+01
2.689291572570800781e+01 3.926572799682617188e+01
-8.857739257812500000e+01 2.357142448425292969e+01
-2.988740158081054688e+01 -9.386392974853515625e+01
7.079847717285156250e+01 4.387266159057617188e+01
8.974248766899108887e-01 2.890159416198730469e+01
6.895457458496093750e+01 -4.313616180419921875e+01
-2.486028194427490234e+00 -8.155703735351562500e+01
1.137218093872070312e+01 4.585887527465820312e+01
2.056078529357910156e+01 -1.872454833984375000e+01
3.326890230178833008e+00 5.856532287597656250e+01
-6.127888107299804688e+01 2.146013641357421875e+01
1.996408462524414062e+01 -4.541166305541992188e+01
5.016658401489257812e+01 -4.983273506164550781e+00
-7.438454437255859375e+01 3.930084228515625000e+01
4.358145141601562500e+01 8.023490142822265625e+01
-6.031637573242187500e+01 3.279628038406372070e+00
2.383510780334472656e+01 -5.836888885498046875e+01
1.990068626403808594e+01 6.232297515869140625e+01
3.992925262451171875e+01 4.760391616821289062e+01
5.726876449584960938e+01 -2.399190330505371094e+01
-8.371034240722656250e+01 -1.719757461547851562e+01
-3.061164283752441406e+01 8.465676307678222656e+00
9.495471954345703125e+00 1.095153522491455078e+01
-1.957091140747070312e+01 -3.757609939575195312e+01
2.118675422668457031e+01 8.971014976501464844e+00
-7.928439331054687500e+01 1.817318916320800781e+01
-3.636989974975585938e+01 3.777628707885742188e+01
1.427618885040283203e+01 -7.668318176269531250e+01
1.636832427978515625e+01 -1.369765663146972656e+01
-2.216274452209472656e+01 -6.339015579223632812e+01
1.190374851226806641e+01 -5.917974090576171875e+01
2.011054039001464844e+01 7.013573455810546875e+01
1.570293235778808594e+01 7.368949127197265625e+01
4.318002700805664062e+01 -6.212694168090820312e+00
-4.388028335571289062e+01 2.015931701660156250e+01
-1.990152359008789062e+01 -6.772965240478515625e+01
-1.076522445678710938e+02 3.628071212768554688e+01
9.191244125366210938e+00 2.589197349548339844e+01
-8.674266052246093750e+01 -1.211784648895263672e+01
4.400577545166015625e+01 3.863872528076171875e+01
1.634497642517089844e+01 6.589026641845703125e+01
3.819839096069335938e+01 5.244299697875976562e+01
-8.694374084472656250e+01 -7.929158687591552734e+00
-4.866633415222167969e+00 6.075787067413330078e+00
5.123223495483398438e+01 3.752333068847656250e+01
-3.708663558959960938e+01 4.527978515625000000e+01
6.193617630004882812e+01 3.858698272705078125e+01
-6.167224884033203125e+00 3.268907308578491211e+00
-2.409194946289062500e+01 -7.311781311035156250e+01
-6.659689331054687500e+01 -4.465480446815490723e-01
5.872336387634277344e+00 7.174244689941406250e+01
2.352388763427734375e+01 2.980512809753417969e+01
4.571095275878906250e+01 1.518176841735839844e+01
-5.408713221549987793e-01 -1.275194454193115234e+01
-9.829990386962890625e+00 -7.948773193359375000e+01
-7.521042633056640625e+01 -6.994788646697998047e+00
-1.911071968078613281e+01 4.494422912597656250e+01
-1.973809003829956055e+00 2.579605674743652344e+01
-2.716186332702636719e+01 -2.770956420898437500e+01
-1.785375213623046875e+01 -7.234754943847656250e+01
7.824805450439453125e+01 -1.361353111267089844e+01
-5.847939682006835938e+01 1.587955951690673828e+01
-8.068989562988281250e+01 -1.559379959106445312e+01
-1.459732341766357422e+01 -5.846909523010253906e+00
3.520211410522460938e+01 -7.471174621582031250e+01
-8.310681152343750000e+01 -2.402152252197265625e+01
1.875736808776855469e+01 1.699972915649414062e+01
-7.417216491699218750e+01 -1.079004764556884766e+00
-5.225297164916992188e+01 4.132081604003906250e+01
-5.467673492431640625e+01 1.462533950805664062e+01
-1.091046295166015625e+02 1.303793430328369141e+01
-8.822352600097656250e+01 -1.991219520568847656e+01
2.696025657653808594e+01 7.835851287841796875e+01
7.595670318603515625e+01 2.033045768737792969e+01
2.735448646545410156e+01 -4.063924026489257812e+01
-1.090096206665039062e+02 9.037401199340820312e+00
2.381504249572753906e+01 1.046163082122802734e+00
6.551326751708984375e+01 -5.927691268920898438e+01
-4.814200973510742188e+01 3.888938140869140625e+01
-5.251694869995117188e+01 2.298327445983886719e+01
8.776925659179687500e+01 5.058818054199218750e+01
-7.876759338378906250e+01 -6.474104881286621094e+00
5.678367233276367188e+01 7.652669525146484375e+01
3.711888122558593750e+01 -4.392405700683593750e+01
-6.859406280517578125e+01 -2.220956611633300781e+01
4.792205810546875000e+01 -2.228608131408691406e+01
3.053375053405761719e+01 -5.323719024658203125e+01
4.020563888549804688e+01 -7.454887390136718750e+01
-2.303257560729980469e+01 -1.975264930725097656e+01
-7.594425201416015625e+01 -4.728284835815429688e+00
7.260400390625000000e+01 -8.820090293884277344e+00
7.671188354492187500e+01 2.485402297973632812e+01
4.545513153076171875e+01 -3.487262725830078125e+01
-6.243119716644287109e+00 -8.711934661865234375e+01
-1.976538276672363281e+01 -1.647142601013183594e+01
-9.269523620605468750e+00 -4.999872970581054688e+01
8.749271392822265625e+01 4.928362274169921875e+01
-6.610579681396484375e+01 3.397262573242187500e+01
-1.039862899780273438e+02 1.669427871704101562e+01
-9.837580108642578125e+01 1.381969451904296875e+01
-1.385326766967773438e+01 -4.565874862670898438e+01
-1.141964950561523438e+02 1.734017372131347656e+01
1.114255905151367188e+01 6.663036346435546875e+00
1.102931976318359375e+01 5.261328506469726562e+01
1.749157667160034180e+00 7.242556762695312500e+01
-6.806145191192626953e+00 -6.643399810791015625e+01
1.074468460083007812e+02 2.115280723571777344e+01
2.105612182617187500e+01 3.452988433837890625e+01
3.747388839721679688e+01 2.411330986022949219e+01
-8.149620056152343750e+01 -2.263954734802246094e+01
4.289322662353515625e+01 -3.518692398071289062e+01
1.283068847656250000e+01 4.281594085693359375e+01
4.358628082275390625e+01 -2.114898109436035156e+01
4.781671047210693359e+00 2.298133468627929688e+01
1.010508823394775391e+01 7.596954345703125000e+01
-7.533679199218750000e+01 -1.633511543273925781e+01
1.758701896667480469e+01 8.720204353332519531e+00
-8.315151977539062500e+01 -8.074463844299316406e+00
2.951131057739257812e+01 -2.975638389587402344e+01
8.917453002929687500e+01 -2.176437950134277344e+01
4.686209106445312500e+01 -4.830733489990234375e+01
-6.737101078033447266e+00 -2.010996055603027344e+01
-5.140326690673828125e+01 -4.576805114746093750e+01
-4.294223022460937500e+01 -1.476637721061706543e+00
-8.749729156494140625e+00 -5.401581573486328125e+01
-4.830243587493896484e+00 -6.736520385742187500e+01
2.853283119201660156e+01 -5.348025131225585938e+01
4.296185684204101562e+01 -2.241471862792968750e+01
-6.871844482421875000e+01 -1.255196666717529297e+01
3.623569107055664062e+01 -8.823724365234375000e+01
5.314537811279296875e+01 2.535364341735839844e+01
-7.748796081542968750e+01 -9.707942008972167969e+00
-8.171911621093750000e+01 -1.523814296722412109e+01
-4.623371887207031250e+01 1.277500152587890625e+00
-2.300905609130859375e+01 6.428168487548828125e+01
3.208271789550781250e+01 3.015169715881347656e+01
-2.788176155090332031e+01 -5.252223014831542969e+00
-4.641144275665283203e-01 1.609632301330566406e+01
-1.334385299682617188e+01 4.700368881225585938e+00
-8.638016581535339355e-01 -1.259934520721435547e+01
3.375828933715820312e+01 -4.136940383911132812e+01
4.456270694732666016e+00 1.467212390899658203e+01
-4.993400192260742188e+01 -1.909155464172363281e+01
7.773958683013916016e+00 5.047315597534179688e+01
1.260961723327636719e+01 5.143003845214843750e+01
1.341333389282226562e+00 7.144520568847656250e+01
-7.750045776367187500e+01 -1.486291885375976562e+01
3.057976913452148438e+01 1.259717941284179688e+01
2.231232643127441406e+01 2.185671806335449219e+00
8.312673568725585938e-01 2.884711074829101562e+01
-6.626121520996093750e+01 -4.262862777709960938e+01
1.572158145904541016e+01 5.487165069580078125e+01
-4.844409942626953125e+01 4.001261520385742188e+01
-1.099596481323242188e+02 3.717073822021484375e+01
-5.456848526000976562e+01 -1.476157784461975098e+00
-4.999708175659179688e+01 -5.588539886474609375e+01
6.104574203491210938e+01 3.181981563568115234e+00
4.666815948486328125e+01 -5.779312133789062500e+01
-4.650813674926757812e+01 -4.129497051239013672e+00
-2.986391830444335938e+01 -9.381953430175781250e+01
-1.327723884582519531e+01 3.114602863788604736e-01
1.615650367736816406e+01 -1.003703975677490234e+01
2.643351936340332031e+01 9.869400024414062500e+00
-4.305567169189453125e+01 -1.303824424743652344e+01
6.720356464385986328e+00 -9.356576538085937500e+01
7.091782379150390625e+01 -1.099730110168457031e+01
6.546318531036376953e+00 -3.535868453979492188e+01
-1.920825195312500000e+01 -1.734086990356445312e+01
-2.014965629577636719e+01 -1.495818996429443359e+01
-8.407604980468750000e+01 -2.170170402526855469e+01
2.923820304870605469e+01 7.149882507324218750e+01
1.563440990447998047e+01 -7.009796905517578125e+01
-1.022646617889404297e+01 -1.682255983352661133e+00
-8.894842529296875000e+01 -1.245853328704833984e+01
-2.188181304931640625e+01 4.017488861083984375e+01
1.947312164306640625e+01 3.332314682006835938e+01
6.660888671875000000e+01 1.663711929321289062e+01
-7.384215545654296875e+01 -9.825665473937988281e+00
-2.046284484863281250e+01 -1.170327186584472656e+01
-9.043395042419433594e+00 -5.490103912353515625e+01
3.120350265502929688e+01 -9.079015350341796875e+01
2.832339406013488770e-01 2.358868026733398438e+01
-7.045898437500000000e+01 -1.782514762878417969e+01
-7.841781616210937500e+01 -2.069638633728027344e+01
-4.824207782745361328e+00 -5.782745742797851562e+01
5.992718887329101562e+01 -6.735383605957031250e+01
-7.423681640625000000e+01 -5.410436630249023438e+00
-8.571581268310546875e+01 -2.584507179260253906e+01
2.239918136596679688e+01 6.105803680419921875e+01
-4.329629898071289062e+01 -1.272994422912597656e+01
-2.861190605163574219e+01 -4.308248460292816162e-01
1.861882591247558594e+01 -1.240536308288574219e+01
-4.797474288940429688e+01 -7.867829895019531250e+01
2.838912010192871094e+00 6.317568969726562500e+01
3.725809478759765625e+01 -7.132979583740234375e+01
-2.188235664367675781e+01 -5.791159820556640625e+01
-1.032832489013671875e+02 1.898054122924804688e+01
-3.316262006759643555e+00 -4.095357894897460938e+01
-2.729278564453125000e+01 -7.643775939941406250e+01
-4.592952346801757812e+01 -6.000520324707031250e+01
-3.212322998046875000e+01 -2.250567626953125000e+01
3.755659866333007812e+01 -7.497198486328125000e+01
-4.903383255004882812e+01 -3.319490432739257812e+00
4.346348953247070312e+01 -5.274875259399414062e+01
-8.831877136230468750e+01 2.725541687011718750e+01
4.701228713989257812e+01 -7.019655609130859375e+01
4.196647644042968750e+00 -6.478569793701171875e+01
-7.362105560302734375e+01 1.538004302978515625e+01
6.288047790527343750e+01 -1.118614101409912109e+01
-9.866640090942382812e+00 -1.773237419128417969e+01
-9.901901245117187500e+00 -4.932397842407226562e+01
-8.032819366455078125e+01 2.056495285034179688e+01
-2.925946807861328125e+01 -1.649677085876464844e+01
-1.094225215911865234e+01 -1.698742270469665527e+00
9.229940795898437500e+01 -2.408278656005859375e+01
3.315836334228515625e+01 4.487340927124023438e+01
-8.041911315917968750e+01 -1.855648803710937500e+01
-1.040151691436767578e+01 -1.546049118041992188e+01
-8.141906738281250000e+00 -7.580131530761718750e+01
2.157971191406250000e+01 -5.441485977172851562e+01
-4.349115371704101562e+00 -7.767630004882812500e+01
-1.060567378997802734e+01 -8.289383697509765625e+01
-1.035162734985351562e+01 8.910451889038085938e+00
6.643846130371093750e+01 1.951838874816894531e+01
8.154064941406250000e+01 -2.544841766357421875e+01
4.351473236083984375e+01 2.158385848999023438e+01
5.789274597167968750e+01 7.134517669677734375e+01
4.435801696777343750e+01 3.383561706542968750e+01
2.116002655029296875e+01 2.477863311767578125e+01
1.140526580810546875e+01 -2.740055274963378906e+01
-9.442480802536010742e-01 5.708356475830078125e+01
5.446649551391601562e+01 -1.723427772521972656e+01
6.094571113586425781e+00 -8.166493415832519531e+00
8.082802772521972656e+00 7.932614898681640625e+01
-2.496179389953613281e+01 7.151364898681640625e+01
9.618158340454101562e+00 7.603848266601562500e+01
1.279104328155517578e+01 -7.773232269287109375e+01
-5.455043792724609375e+01 -3.252622985839843750e+01
3.779934883117675781e+00 1.692109107971191406e+01
-4.359341263771057129e-01 1.657779884338378906e+01
-8.077975463867187500e+01 -2.026663780212402344e+01
1.941047477722167969e+01 1.800443649291992188e+01
-6.381849288940429688e+01 -1.301870727539062500e+01
-7.465795898437500000e+01 -1.425299263000488281e+01
1.037912726402282715e+00 -1.922830009460449219e+01
-2.310629844665527344e+01 -6.680547332763671875e+01
-9.972640991210937500e+00 8.596680641174316406e+00
2.415126609802246094e+01 -7.816020202636718750e+01
1.187908363342285156e+01 -8.844100952148437500e+00
-8.181982421875000000e+01 1.468492889404296875e+01
1.990690612792968750e+01 -4.961643981933593750e+01
4.790011978149414062e+01 4.200599288940429688e+01
2.712186241149902344e+01 3.237258911132812500e+01
-8.874551773071289062e+00 -3.395033645629882812e+01
-1.845494651794433594e+01 6.244145965576171875e+01
-2.264749145507812500e+01 -4.842114257812500000e+01
1.126981735229492188e+01 7.583998107910156250e+01
3.747414398193359375e+01 -4.784808635711669922e+00
7.987911987304687500e+01 4.337217712402343750e+01
-4.773901748657226562e+01 -5.079874801635742188e+01
-8.232457733154296875e+01 2.454113769531250000e+01
-1.389069652557373047e+01 -5.035817337036132812e+01
-8.168176651000976562e+00 -5.303242206573486328e+00
5.049205398559570312e+01 6.434626770019531250e+01
1.965665221214294434e-01 6.006564712524414062e+01
-7.795518875122070312e+00 -4.329438018798828125e+01
1.512166213989257812e+01 -2.064295959472656250e+01
-1.003418445587158203e+01 -6.326378631591796875e+01
-1.860818099975585938e+01 -4.990385055541992188e+01
1.517477703094482422e+01 -3.741669082641601562e+01
-8.165687561035156250e+00 -3.758025360107421875e+01
-8.566856384277343750e+01 -1.622857093811035156e+01
7.903586864471435547e+00 7.771407318115234375e+01
2.610949897766113281e+01 2.096146011352539062e+01
-5.260665416717529297e+00 -6.319853591918945312e+01
-4.808275222778320312e+01 3.651125669479370117e+00
4.049940586090087891e+00 -5.863624954223632812e+01
-5.705435180664062500e+01 1.659665870666503906e+01
-4.378411769866943359e+00 -6.894145202636718750e+01
-4.571282196044921875e+01 1.522068119049072266e+01
2.640262222290039062e+01 -3.798333740234375000e+01
8.157416343688964844e+00 5.592740631103515625e+01
9.891930580139160156e+00 5.170843887329101562e+01
7.200266122817993164e-01 -8.023007202148437500e+01
-1.478545188903808594e+01 4.429494476318359375e+01
1.151702690124511719e+01 4.019813537597656250e+01
-8.529267120361328125e+01 4.572873687744140625e+01
6.791462707519531250e+01 5.724506759643554688e+01
4.026566696166992188e+01 3.431513214111328125e+01
4.132022476196289062e+01 4.910089492797851562e+01
-4.427845382690429688e+01 2.130289649963378906e+01
-5.289504241943359375e+01 -1.595185279846191406e+00
-8.291874885559082031e+00 -3.432635498046875000e+01
-4.141633033752441406e+00 4.201968383789062500e+01
-1.903642892837524414e+00 -6.793886566162109375e+01
-7.083865356445312500e+01 -1.001341629028320312e+01
-8.305066108703613281e+00 -7.601912689208984375e+01
1.966633033752441406e+01 -8.026481628417968750e+01
2.115672111511230469e+01 5.928290939331054688e+01
-1.378722000122070312e+01 -4.990155029296875000e+01
-7.774287700653076172e+00 -6.094009017944335938e+01
3.423852539062500000e+01 -9.853117942810058594e+00
2.557306861877441406e+01 3.200880432128906250e+01
-2.740044975280761719e+01 -4.281323909759521484e+00
-1.013630294799804688e+01 -3.338718414306640625e+01
-1.830426979064941406e+01 -1.462455844879150391e+01
7.611554718017578125e+01 2.632755470275878906e+01
-1.610847091674804688e+01 4.293327713012695312e+01
4.090676784515380859e+00 6.059570693969726562e+01
8.533744812011718750e+00 -3.325683975219726562e+01
-5.066496372222900391e+00 -1.624043273925781250e+01
1.716280281543731689e-01 1.693986129760742188e+01
4.204538726806640625e+01 3.224282979965209961e+00
-8.350765991210937500e+01 -2.473073005676269531e+01
5.552218627929687500e+01 5.613043594360351562e+01
-7.484018325805664062e+00 -1.000159168243408203e+01
3.753360748291015625e+01 -7.153505706787109375e+01
5.733710479736328125e+01 7.538209533691406250e+01
-1.651287269592285156e+01 -2.114958000183105469e+01
-9.427909851074218750e+00 -5.525488281250000000e+01
-1.045909786224365234e+01 -3.323205566406250000e+01
-6.627397155761718750e+01 -2.521148872375488281e+01
-1.587822079658508301e+00 -4.736538696289062500e+01
1.514787197113037109e+01 8.483023071289062500e+01
-7.815851593017578125e+01 -1.688999938964843750e+01
-7.904442787170410156e+00 -8.669103240966796875e+01
1.918067932128906250e+01 -1.874266433715820312e+01
3.041400337219238281e+01 -5.239266586303710938e+01
-2.132971382141113281e+01 -3.213548278808593750e+01
1.278492546081542969e+01 5.141892242431640625e+01
1.427534484863281250e+01 -5.055922698974609375e+01
2.460382080078125000e+01 3.699920654296875000e+01
-8.501668930053710938e+00 -2.693781280517578125e+01
1.497274971008300781e+01 6.629507446289062500e+01
-3.546384811401367188e+01 -1.974742317199707031e+01
1.359631538391113281e+01 6.490272521972656250e+01
1.254154968261718750e+01 5.652558517456054688e+01
-1.871474266052246094e+01 -6.326065444946289062e+01
4.614686584472656250e+01 -2.233481597900390625e+01
5.723502349853515625e+01 -7.077359771728515625e+01
-4.649500370025634766e+00 2.058110427856445312e+01
7.310659027099609375e+01 -5.570969104766845703e+00
1.011124476790428162e-01 4.779701232910156250e+01
-8.086111068725585938e+00 -8.742944335937500000e+01
4.701450729370117188e+01 -4.510433197021484375e+01
1.337190246582031250e+01 -2.646534919738769531e+01
3.133522987365722656e+00 8.395471954345703125e+01
1.811339759826660156e+01 1.034167003631591797e+01
-1.826362609863281250e+01 5.895311355590820312e+01
9.845184326171875000e+00 7.671520996093750000e+01
-9.245059967041015625e+00 -2.885240936279296875e+01
7.178216552734375000e+01 1.814112663269042969e+00
6.465500640869140625e+01 -3.121656227111816406e+01
-7.794159054756164551e-01 7.216165924072265625e+01
4.101341247558593750e+00 3.280920028686523438e+01
-6.964365386962890625e+01 -2.614883232116699219e+01
