5.895884323120117188e+01 5.311090087890625000e+01
5.753982925415039062e+01 6.076995468139648438e+01
3.019960641860961914e+00 -6.502370452880859375e+01
-6.895693778991699219e+00 8.416662597656250000e+01
3.715709304809570312e+01 7.336594390869140625e+01
5.970388412475585938e+01 6.122666931152343750e+01
1.861734580993652344e+01 8.469566345214843750e+01
-1.058133983612060547e+01 -6.749746704101562500e+01
4.554300308227539062e+01 5.277452468872070312e+00
-3.453870773315429688e+01 2.372253608703613281e+01
2.594371795654296875e+01 6.712263488769531250e+01
2.707346916198730469e+01 7.373259735107421875e+01
-3.475661087036132812e+01 1.784061622619628906e+01
6.691260528564453125e+01 6.730028533935546875e+01
6.702267456054687500e+01 4.347006988525390625e+01
5.315681076049804688e+01 -7.116944885253906250e+01
2.867453956604003906e+01 6.614606475830078125e+01
8.622100067138671875e+01 -1.261593246459960938e+01
2.990332603454589844e+01 2.509263420104980469e+01
5.814233016967773438e+01 6.090363311767578125e+01
2.908638381958007812e+01 6.864727020263671875e+01
9.178187561035156250e+01 -6.155395984649658203e+00
8.003627777099609375e+01 5.404800796508789062e+01
-3.651473760604858398e+00 3.741101837158203125e+01
3.311477279663085938e+01 5.216733932495117188e+01
-4.032485961914062500e+00 7.858744812011718750e+01
-7.133653759956359863e-01 8.071359252929687500e+01
2.680877113342285156e+01 6.964739990234375000e+01
3.673193359375000000e+01 -3.451531600952148438e+01
7.728566741943359375e+01 4.721034622192382812e+01
4.111415863037109375e+01 4.275951004028320312e+01
4.813050746917724609e+00 -9.144065856933593750e+01
2.454793167114257812e+01 8.131661987304687500e+01
5.385276031494140625e+01 -1.773245429992675781e+01
6.391962814331054688e+01 4.429458236694335938e+01
-4.672880935668945312e+01 2.739206695556640625e+01
-3.765738487243652344e+00 8.028594207763671875e+01
7.033224487304687500e+01 5.811569213867187500e+01
3.858884048461914062e+01 6.280749893188476562e+01
3.647284698486328125e+01 -4.981348800659179688e+01
4.843372344970703125e+01 5.290869712829589844e+00
5.591827011108398438e+01 5.764375305175781250e+01
-2.851761579513549805e+00 8.048001098632812500e+01
9.187615203857421875e+01 -6.107063293457031250e+00
7.272661590576171875e+01 6.574717712402343750e+01
-4.127793884277343750e+01 4.557896423339843750e+01
6.755934143066406250e+01 4.466257858276367188e+01
6.424051666259765625e+01 5.063594055175781250e+01
2.141985130310058594e+01 -2.098002052307128906e+01
6.723284149169921875e+01 6.813034820556640625e+01
-2.033129692077636719e+01 2.109430503845214844e+01
4.199765014648437500e+01 -6.281846237182617188e+01
6.817768096923828125e+01 4.464584350585937500e+01
1.093918085098266602e-01 8.637291717529296875e+01
-2.894464254379272461e+00 7.950733947753906250e+01
2.589652633666992188e+01 6.621139526367187500e+01
2.635718727111816406e+01 6.947750091552734375e+01
-2.071813964843750000e+01 2.229859924316406250e+01
9.575786590576171875e+00 5.599904251098632812e+01
-1.192647814750671387e+00 7.930474090576171875e+01
1.336802196502685547e+01 6.412089824676513672e+00
4.055828475952148438e+01 -2.335168075561523438e+01
6.634344482421875000e+01 5.247056579589843750e+01
6.397281265258789062e+01 6.132530212402343750e+01
-3.429465866088867188e+01 2.514065361022949219e+01
-1.010518550872802734e+01 -6.557530212402343750e+01
1.489177417755126953e+01 -2.285815030336380005e-01
3.407403182983398438e+01 5.375090026855468750e+01
8.540360260009765625e+01 -1.040033721923828125e+01
-2.465910911560058594e+00 8.000080108642578125e+01
6.863906860351562500e+01 6.895993804931640625e+01
6.994760894775390625e+01 6.628152465820312500e+01
7.188190460205078125e+01 -2.887749290466308594e+01
1.128313446044921875e+01 -2.822865867614746094e+01
-2.127793312072753906e+01 -4.983779525756835938e+01
-3.772172164916992188e+01 4.961138153076171875e+01
6.772977447509765625e+01 -2.951617813110351562e+01
7.294983673095703125e+01 6.257858276367187500e+01
-3.165827178955078125e+01 -9.898603439331054688e+00
2.151391029357910156e+01 8.128921508789062500e+01
-3.254778289794921875e+01 -8.076606750488281250e+01
-2.674326515197753906e+01 3.566982650756835938e+01
5.965454483032226562e+01 4.236076354980468750e+01
5.500992202758789062e+01 -6.203302001953125000e+01
3.061298942565917969e+01 6.560091400146484375e+01
-7.785046386718750000e+01 4.306690979003906250e+01
-3.852431106567382812e+01 -5.089370346069335938e+01
4.296437835693359375e+01 -2.859570884704589844e+01
7.782572174072265625e+01 -1.659972000122070312e+01
7.256041717529296875e+01 6.168772888183593750e+01
-4.834545135498046875e+01 -6.283076477050781250e+01
3.808362197875976562e+01 1.562129974365234375e+01
4.356971359252929688e+01 5.086047363281250000e+01
-1.746959304809570312e+01 -7.155000305175781250e+01
2.053495407104492188e+01 -5.625284957885742188e+01
2.908066368103027344e+01 -6.248165512084960938e+01
-4.212867736816406250e+01 9.240769386291503906e+00
7.125273132324218750e+01 6.454134368896484375e+01
-2.209804725646972656e+01 -7.534278106689453125e+01
-5.274366378784179688e+01 -6.311796569824218750e+01
-3.554004287719726562e+01 2.186727714538574219e+01
-6.865454864501953125e+01 2.216664886474609375e+01
-1.076219558715820312e+02 1.731173706054687500e+01
8.637368774414062500e+01 -2.675626039505004883e+00
-2.785311698913574219e+01 2.069088935852050781e+01
-7.370587158203125000e+01 4.677752304077148438e+01
2.582481193542480469e+01 8.457302856445312500e+01
4.532496643066406250e+01 7.866348743438720703e+00
-2.177713584899902344e+01 6.806425476074218750e+01
5.774865722656250000e+01 -6.353734016418457031e+00
4.936716079711914062e+01 -4.012408065795898438e+01
7.034187316894531250e+01 5.812763214111328125e+01
-7.248843383789062500e+01 4.557275772094726562e+01
3.152466964721679688e+01 4.344814777374267578e+00
1.985749244689941406e+01 8.090568542480468750e+01
-3.805426788330078125e+01 -5.133551406860351562e+01
1.913886833190917969e+01 -8.796002197265625000e+01
-3.739643335342407227e+00 -7.695758056640625000e+01
-8.969214630126953125e+01 3.216745376586914062e+01
4.432628250122070312e+01 -2.655843544006347656e+01
1.555330038070678711e+00 8.577845001220703125e+01
3.692160797119140625e+01 -3.461368560791015625e+01
3.943155288696289062e+01 -7.638410949707031250e+01
3.154785919189453125e+01 6.141318511962890625e+01
3.647965240478515625e+01 -2.637477493286132812e+01
5.272312927246093750e+01 5.650187301635742188e+01
7.261554718017578125e+01 6.385765075683593750e+01
4.350712966918945312e+01 5.404941558837890625e+01
-2.344943046569824219e+01 6.794953918457031250e+01
3.344780349731445312e+01 5.706028461456298828e+00
2.619422340393066406e+01 -1.702733993530273438e+01
3.611366271972656250e+01 -3.124801063537597656e+01
7.730789947509765625e+01 1.175397014617919922e+01
6.685311126708984375e+01 4.829935455322265625e+01
-3.334727859497070312e+01 2.547988128662109375e+01
8.185436248779296875e+01 6.106856918334960938e+01
6.101586151123046875e+01 5.678488922119140625e+01
2.822074317932128906e+01 -6.689538574218750000e+01
-1.071902008056640625e+02 3.342185211181640625e+01
6.890244293212890625e+01 6.668186187744140625e+01
-2.236344337463378906e+01 -7.611830902099609375e+01
8.157983398437500000e+01 -1.707033729553222656e+01
5.398416996002197266e+00 -8.295706176757812500e+01
-4.588407897949218750e+01 1.610777854919433594e+01
5.122690582275390625e+01 -2.051012229919433594e+01
7.186051940917968750e+01 -2.691904830932617188e+01
7.461785125732421875e+01 -1.479620647430419922e+01
-2.841763877868652344e+01 -8.358351898193359375e+01
7.087211608886718750e+01 6.966347503662109375e+01
2.060589027404785156e+01 -8.998824310302734375e+01
-5.736441612243652344e+00 1.255232238769531250e+01
5.382736206054687500e+01 -7.108238220214843750e+01
7.688140869140625000e-01 7.538887786865234375e+01
-1.206794738769531250e+01 -1.547341823577880859e+01
3.885363769531250000e+01 3.088378143310546875e+01
-3.195091724395751953e+00 3.695698165893554688e+01
-1.365376853942871094e+01 5.342107009887695312e+01
8.960319519042968750e+01 -1.802619361877441406e+01
-3.514559173583984375e+01 2.418937873840332031e+01
3.438737106323242188e+01 1.309951019287109375e+01
-8.638378906250000000e+01 1.566211605072021484e+01
8.798498535156250000e+01 -1.557257938385009766e+01
-2.816999053955078125e+01 -8.372449493408203125e+01
4.678696060180664062e+01 -3.037604904174804688e+01
8.713520050048828125e+00 -8.973815155029296875e+01
3.616530227661132812e+01 -7.823525905609130859e+00
-5.993440628051757812e+01 6.855756759643554688e+00
5.837977981567382812e+01 3.523973083496093750e+01
5.298954772949218750e+01 5.214954757690429688e+01
6.001155090332031250e+01 4.767711257934570312e+01
-1.171650009155273438e+02 4.143055343627929688e+01
-3.505498123168945312e+01 2.686857032775878906e+01
8.321790313720703125e+01 5.889128494262695312e+01
7.922414398193359375e+01 5.791781234741210938e+01
-1.046075515747070312e+02 3.618152236938476562e+01
6.371641921997070312e+01 4.420425415039062500e+01
-2.217430353164672852e+00 7.871813201904296875e+01
-7.343807220458984375e+01 4.388944625854492188e+01
4.897440338134765625e+01 -3.997164916992187500e+01
-2.379498291015625000e+01 3.347927808761596680e+00
4.260480880737304688e+01 5.008271789550781250e+01
3.124148750305175781e+01 -1.553196072578430176e+00
-8.297035217285156250e+01 4.825764846801757812e+01
3.510365295410156250e+01 1.495506954193115234e+01
1.074482040405273438e+02 2.115280914306640625e+01
-1.258058471679687500e+02 2.700732803344726562e+01
4.684788131713867188e+01 5.225218296051025391e+00
4.252878952026367188e+01 5.752070999145507812e+01
-8.094940948486328125e+01 2.579198646545410156e+01
7.918385028839111328e+00 -5.184980010986328125e+01
-3.630773544311523438e+01 -3.854619598388671875e+01
7.332348632812500000e+01 4.517494201660156250e+01
7.512914657592773438e+00 -4.008058166503906250e+01
9.209062957763671875e+01 -1.622826385498046875e+01
7.022422027587890625e+01 6.534462738037109375e+01
8.980390167236328125e+01 -1.692677879333496094e+01
-9.630451202392578125e+01 3.384350204467773438e+01
9.846538543701171875e+00 1.620698356628417969e+01
3.855197525024414062e+01 -7.891544342041015625e+01
4.015459060668945312e+01 -6.824438476562500000e+01
7.357653045654296875e+01 6.380577087402343750e+01
7.451601409912109375e+01 -2.108172416687011719e+01
4.702729225158691406e+00 -3.114550781250000000e+01
3.822256851196289062e+01 5.523859405517578125e+01
3.979259109497070312e+01 8.711188316345214844e+00
8.153383636474609375e+01 -1.176962089538574219e+01
-3.374853134155273438e+01 2.388610267639160156e+01
-3.142745494842529297e+00 7.664975738525390625e+01
-7.127686309814453125e+01 3.171325111389160156e+01
-2.930748748779296875e+01 1.867433357238769531e+01
-8.440505981445312500e+01 4.356808471679687500e+01
-4.249750614166259766e+00 -5.432550048828125000e+01
6.584339141845703125e+01 5.140190505981445312e+01
3.625123596191406250e+01 3.954855346679687500e+01
2.499037742614746094e+01 -6.491111755371093750e+01
1.854688453674316406e+01 -8.073534011840820312e+00
4.178506088256835938e+01 -6.117318725585937500e+01
-7.970178222656250000e+01 1.188426876068115234e+01
2.933650970458984375e+01 -6.046060943603515625e+01
-3.840313720703125000e+01 -4.455455398559570312e+01
6.591081237792968750e+01 3.888009643554687500e+01
8.167473602294921875e+01 -1.087438488006591797e+01
-1.496150875091552734e+01 1.047227478027343750e+01
7.186150360107421875e+01 4.645038986206054688e+01
-5.069401931762695312e+01 4.011443328857421875e+01
-9.337461090087890625e+01 2.973494529724121094e+01
3.431911849975585938e+01 -8.032384490966796875e+01
4.743268966674804688e+01 1.892915344238281250e+01
-7.394053649902343750e+01 4.288523483276367188e+01
-2.592909812927246094e+01 -8.833678436279296875e+01
-1.052649154663085938e+02 3.360722732543945312e+01
-1.040572047233581543e+00 7.539868164062500000e+01
3.584356689453125000e+01 4.769679260253906250e+01
-2.542737197875976562e+01 6.774880218505859375e+01
-3.469583892822265625e+01 2.279469299316406250e+01
-4.191622543334960938e+01 -1.575907897949218750e+01
4.100251007080078125e+01 -7.012042999267578125e+01
2.925329017639160156e+01 -9.402638435363769531e+00
2.208659553527832031e+01 -5.958207321166992188e+01
-3.628334426879882812e+01 4.524479293823242188e+01
6.692905426025390625e+01 6.373018264770507812e+01
-1.047911758422851562e+02 2.428857994079589844e+01
3.860448837280273438e+01 5.009121322631835938e+01
-4.144986724853515625e+01 7.615774631500244141e+00
-2.911053276062011719e+01 1.992256164550781250e+01
9.039167022705078125e+01 -1.793743324279785156e+01
1.641917800903320312e+01 -3.128070831298828125e+00
6.620178985595703125e+01 6.512056732177734375e+01
5.654239654541015625e+01 -6.705325317382812500e+01
-8.527110099792480469e+00 -8.845854187011718750e+01
-6.390139007568359375e+01 3.870697021484375000e+01
6.669078063964843750e+01 6.138994216918945312e+01
2.034156227111816406e+01 8.284201812744140625e+01
4.664032363891601562e+01 4.684648132324218750e+01
6.626822662353515625e+01 5.047597503662109375e+01
5.199790573120117188e+01 -2.195301628112792969e+01
7.740447998046875000e+01 -2.124467849731445312e+01
3.579785537719726562e+01 1.075022029876708984e+01
2.651947975158691406e+01 5.405824279785156250e+01
7.669283294677734375e+01 5.605576705932617188e+01
7.500985717773437500e+01 4.685154724121093750e+01
-2.935066986083984375e+01 -8.047745513916015625e+01
7.152599334716796875e+01 6.645307922363281250e+01
4.834160995483398438e+01 5.533222198486328125e+01
1.800171470642089844e+01 8.528824615478515625e+01
7.148425292968750000e+01 6.819162750244140625e+01
7.425932312011718750e+01 -2.628981971740722656e+01
2.222540092468261719e+01 -3.006682395935058594e+00
3.836081314086914062e+01 -7.938002777099609375e+01
-8.254039764404296875e+01 4.652447128295898438e+01
1.661001777648925781e+01 -8.435900878906250000e+01
5.257714390754699707e-01 8.111505889892578125e+01
6.676312255859375000e+01 3.181034326553344727e+00
6.549243927001953125e+01 6.330967712402343750e+01
-4.090095520019531250e+01 -1.041583061218261719e+01
4.480079269409179688e+01 -7.060350799560546875e+01
-1.083126068115234375e+02 2.781243896484375000e+01
6.473664093017578125e+01 5.646413803100585938e+01
5.559485244750976562e+01 5.119187164306640625e+01
7.450048065185546875e+01 -1.864142417907714844e+01
9.252406311035156250e+01 -1.776800727844238281e+01
3.547373580932617188e+01 9.816328048706054688e+00
-5.971230316162109375e+01 -2.567563056945800781e+01
8.185070037841796875e+01 5.363535690307617188e+01
1.196118736267089844e+01 7.076022338867187500e+01
-2.704373598098754883e+00 -5.059974288940429688e+01
6.096093368530273438e+01 7.473380279541015625e+01
-1.681661987304687500e+01 -6.929425048828125000e+01
6.436163330078125000e+01 -3.863076782226562500e+01
2.326790618896484375e+01 8.308065795898437500e+01
4.470061874389648438e+01 1.808291625976562500e+01
2.036360359191894531e+01 -4.135396480560302734e+00
6.112968063354492188e+01 -6.162839889526367188e+01
-2.393655300140380859e+00 -5.143276596069335938e+01
3.790643310546875000e+01 9.895275115966796875e+00
1.169160461425781250e+01 -1.119325542449951172e+01
1.628745841979980469e+01 -5.981939315795898438e+01
7.021542358398437500e+01 2.229187774658203125e+01
-5.321216583251953125e+01 -6.638822174072265625e+01
8.032028198242187500e+01 -1.966626548767089844e+01
-1.189579162597656250e+02 2.908506202697753906e+01
1.955916023254394531e+01 7.928472900390625000e+01
6.350423049926757812e+01 -3.868412017822265625e+01
-9.550022888183593750e+01 3.855636978149414062e+01
-1.183745574951171875e+02 2.888013076782226562e+01
-1.125534667968750000e+02 1.471539688110351562e+01
4.388666534423828125e+01 4.393603897094726562e+01
7.349949645996093750e+01 2.472525215148925781e+01
2.854660797119140625e+01 -6.329357910156250000e+01
5.956930923461914062e+01 7.757459259033203125e+01
2.920287895202636719e+01 1.702630233764648438e+01
8.300222015380859375e+01 5.884998321533203125e+01
-1.635270309448242188e+01 -6.879193115234375000e+01
2.855745124816894531e+01 7.027571105957031250e+01
6.632519245147705078e+00 -3.180461311340332031e+01
1.880862808227539062e+01 -6.276836395263671875e+01
1.371413803100585938e+01 5.175162792205810547e+00
-2.047725486755371094e+01 -7.945683288574218750e+01
-3.641167655587196350e-02 8.019212341308593750e+01
-7.507775878906250000e+01 2.967282485961914062e+01
5.854012680053710938e+01 7.307139587402343750e+01
2.178989982604980469e+01 -3.460656881332397461e+00
6.616278076171875000e+01 -3.273875808715820312e+01
5.840289688110351562e+01 -6.946664428710937500e+01
4.351754379272460938e+01 3.292077255249023438e+01
1.997899818420410156e+01 -5.879279708862304688e+01
7.133663940429687500e+01 2.118475341796875000e+01
5.821623611450195312e+01 -7.051519012451171875e+01
-7.366664123535156250e+01 2.908795166015625000e+01
8.171575164794921875e+01 -1.422253608703613281e+01
1.958585929870605469e+01 -6.373895645141601562e+01
-1.145409851074218750e+02 4.265476608276367188e+01
-8.456162261962890625e+01 -5.952859401702880859e+00
3.559296035766601562e+01 7.380671977996826172e+00
6.001779556274414062e+01 6.323893356323242188e+01
-1.135835647583007812e+02 2.163258171081542969e+01
4.893288040161132812e+01 -6.186447143554687500e+01
-9.745183563232421875e+01 2.713790130615234375e+01
-5.480170440673828125e+01 -1.708057212829589844e+01
3.892356491088867188e+01 8.881297111511230469e+00
-1.181510848999023438e+02 2.682957267761230469e+01
2.088110923767089844e+01 -6.159046936035156250e+01
-3.310557126998901367e+00 7.427717590332031250e+01
6.664529418945312500e+01 -3.550587844848632812e+01
7.701531982421875000e+01 -9.935009956359863281e+00
7.761727142333984375e+01 -1.664867973327636719e+01
3.390982437133789062e+01 -1.212121295928955078e+01
3.521808624267578125e+01 -2.186353492736816406e+01
4.527208805084228516e+00 -1.605967330932617188e+01
1.727944755554199219e+01 -4.893811702728271484e+00
-9.993040466308593750e+01 3.441772842407226562e+01
-3.223699569702148438e+01 2.606429481506347656e+01
6.543163299560546875e+01 5.792245483398437500e+01
8.231439590454101562e+00 -8.512083435058593750e+01
-1.150561981201171875e+02 2.239832115173339844e+01
9.180631256103515625e+01 -1.167286872863769531e+01
-1.924841308593750000e+01 -4.564461898803710938e+01
4.979063415527343750e+01 1.793209648132324219e+01
1.740260887145996094e+01 6.800225830078125000e+01
1.499362111091613770e+00 -8.705459594726562500e+01
-8.416551208496093750e+01 4.617319488525390625e+01
6.863001251220703125e+01 6.452354431152343750e+01
2.366027259826660156e+01 6.981495666503906250e+01
2.125036621093750000e+01 7.972370910644531250e+01
5.543781661987304688e+01 7.932025146484375000e+01
-6.158246612548828125e+01 3.466185379028320312e+01
-4.038777542114257812e+01 1.101665019989013672e+00
-9.451634216308593750e+01 -1.846516418457031250e+01
6.337698364257812500e+01 -3.736479187011718750e+01
-4.772380065917968750e+01 -1.664245986938476562e+01
-2.886532592773437500e+01 -7.622345733642578125e+01
4.044037342071533203e+00 7.590312957763671875e+01
8.338036346435546875e+01 -1.214689636230468750e+01
3.944469451904296875e+01 -1.680313682556152344e+01
5.141139602661132812e+01 -3.380985641479492188e+01
8.659629058837890625e+01 5.504029083251953125e+01
7.215045166015625000e+01 2.270804023742675781e+01
-1.207096710205078125e+02 1.504642868041992188e+01
6.966932678222656250e+01 6.493541717529296875e+01
-9.643063354492187500e+01 -3.772256076335906982e-01
3.779427337646484375e+01 -6.216698074340820312e+01
7.733460235595703125e+01 -1.856922149658203125e+01
7.239486694335937500e+00 -8.010221862792968750e+01
5.659874725341796875e+01 1.541832923889160156e+01
5.758833312988281250e+01 -7.004444599151611328e+00
8.923368072509765625e+01 -1.908622550964355469e+01
1.785793304443359375e+01 -3.801266908645629883e+00
-8.489660644531250000e+01 4.496028137207031250e+01
1.372445392608642578e+01 8.597170257568359375e+01
-1.134244842529296875e+02 2.088751792907714844e+01
2.498895835876464844e+01 1.679532432556152344e+01
3.792102432250976562e+01 5.744347381591796875e+01
-6.568639373779296875e+01 3.554152297973632812e+01
-5.237439346313476562e+01 -6.393117523193359375e+01
-1.208200550079345703e+01 -1.419370746612548828e+01
-1.258191452026367188e+02 2.701935386657714844e+01
-3.557450866699218750e+01 -2.211328125000000000e+01
-1.200448150634765625e+02 2.896557426452636719e+01
1.325224304199218750e+01 -8.801510620117187500e+01
8.721607208251953125e+01 -1.487456798553466797e+01
-1.149117431640625000e+02 2.029238510131835938e+01
-1.957664871215820312e+01 -8.238436126708984375e+01
-9.158546447753906250e+01 3.922230911254882812e+01
3.646841430664062500e+01 -2.624492454528808594e+01
3.870539474487304688e+01 -7.335021972656250000e+01
8.575044250488281250e+01 -1.610892105102539062e+01
8.697232055664062500e+01 -1.702119827270507812e+01
7.440885925292968750e+01 2.466551589965820312e+01
7.054543304443359375e+01 3.507829284667968750e+01
2.647574996948242188e+01 2.098310852050781250e+01
5.885295867919921875e+01 2.398954010009765625e+01
4.805685424804687500e+01 -6.330129623413085938e+01
6.799697113037109375e+01 6.351382827758789062e+01
7.588347625732421875e+01 -2.010966300964355469e+01
1.870293426513671875e+01 8.306200408935546875e+01
-3.808873367309570312e+01 -7.325168609619140625e+01
5.350568771362304688e+00 1.461442756652832031e+01
3.901415252685546875e+01 3.033013534545898438e+01
6.843515777587890625e+01 -1.526832962036132812e+01
6.209086227416992188e+01 7.521353912353515625e+01
8.697114562988281250e+01 -2.176126670837402344e+01
8.665021514892578125e+01 -9.471970558166503906e+00
4.837479400634765625e+01 3.148316764831542969e+01
-4.317241191864013672e+00 -8.095314025878906250e+01
1.606399154663085938e+01 -5.746056747436523438e+01
8.502260589599609375e+01 -1.347509193420410156e+01
8.397631049156188965e-01 7.946949005126953125e+01
-5.714038848876953125e+00 8.309073638916015625e+01
2.963165473937988281e+01 -4.590666580200195312e+01
8.731371307373046875e+01 -2.263698577880859375e+01
-6.729803466796875000e+01 2.592930030822753906e+01
-7.626573944091796875e+01 4.004822921752929688e+01
4.920954132080078125e+01 5.586677551269531250e+00
-6.830848693847656250e+01 3.749602508544921875e+01
5.135303878784179688e+01 -5.398769760131835938e+01
2.686176109313964844e+01 -2.829228782653808594e+01
6.710232543945312500e+01 3.902060699462890625e+01
1.031478977203369141e+01 -8.190365600585937500e+01
7.053932189941406250e+01 2.239025115966796875e+01
4.868630218505859375e+01 -1.627315902709960938e+01
7.485400390625000000e+01 -2.194932174682617188e+01
5.082077026367187500e+01 -1.876914024353027344e+01
-3.619546508789062500e+01 -4.464503479003906250e+01
5.631415557861328125e+01 -6.822142028808593750e+01
1.363594150543212891e+01 -9.044213867187500000e+01
7.519134521484375000e+01 -1.140950870513916016e+01
-1.066441116333007812e+02 1.735647010803222656e+01
6.590368652343750000e+01 -3.243487548828125000e+01
8.917190551757812500e+01 -1.578710937500000000e+01
6.206283950805664062e+01 -3.359466934204101562e+01
1.396338653564453125e+01 -5.779890823364257812e+01
4.996990203857421875e+01 -6.990733337402343750e+01
-4.579341504722833633e-03 7.596273803710937500e+01
3.424531173706054688e+01 1.139196109771728516e+01
7.594499206542968750e+01 3.874105834960937500e+01
-1.031345062255859375e+02 3.132570075988769531e+01
-1.077029418945312500e+02 2.067969322204589844e+01
1.471690082550048828e+01 3.797628402709960938e+01
-2.121806526184082031e+01 3.809109878540039062e+01
7.102997589111328125e+01 -2.659133529663085938e+01
4.058234024047851562e+01 5.433272933959960938e+01
6.157822418212890625e+01 -3.652369689941406250e+01
7.330454254150390625e+01 -1.323400688171386719e+01
-3.916309738159179688e+01 4.534564971923828125e+01
8.854171752929687500e+01 -1.724080085754394531e+01
3.939677810668945312e+01 5.328823089599609375e+01
6.547122192382812500e+01 -3.915742874145507812e+01
8.226205825805664062e+00 -9.353734588623046875e+01
-9.940286254882812500e+01 3.263584518432617188e+01
-5.406210708618164062e+01 3.779666137695312500e+01
6.934442138671875000e+01 6.344998168945312500e+01
3.766417312622070312e+01 2.830345535278320312e+01
7.658291625976562500e+01 -9.427726745605468750e+00
-1.170474243164062500e+02 3.001807212829589844e+01
4.327388000488281250e+01 5.416378021240234375e+01
-1.209163208007812500e+02 2.826187896728515625e+01
8.044957733154296875e+01 5.279223632812500000e+01
-8.308941650390625000e+01 1.829342079162597656e+01
2.667675399780273438e+01 -7.574032783508300781e+00
-1.018238143920898438e+02 3.688924789428710938e+01
1.414787864685058594e+01 -8.477651977539062500e+01
-1.141394615173339844e+01 -1.502901077270507812e+01
9.252140998840332031e+00 -2.868979072570800781e+01
-2.066367340087890625e+01 -4.810108566284179688e+01
-3.744359970092773438e+01 5.002935409545898438e+01
8.629356384277343750e+01 -1.884171867370605469e+01
7.622772216796875000e+01 -1.533001899719238281e+01
5.288533401489257812e+01 -7.800605773925781250e+01
-8.742626190185546875e+01 2.189862060546875000e+01
-2.882702636718750000e+01 -7.984312438964843750e+01
3.605036544799804688e+01 3.904547882080078125e+01
-2.427515029907226562e+01 6.910756683349609375e+01
4.678823471069335938e+01 1.899370384216308594e+01
-1.124335098266601562e+02 2.618229484558105469e+01
4.664765930175781250e+01 -2.507432556152343750e+01
7.841538238525390625e+01 5.915932846069335938e+01
2.265365982055664062e+01 -8.459936523437500000e+01
6.640618896484375000e+01 5.915069961547851562e+01
9.421772003173828125e+00 5.353713607788085938e+01
-3.647226715087890625e+01 4.715198135375976562e+01
-1.030582580566406250e+02 9.338520050048828125e+00
-1.874034690856933594e+01 4.450362777709960938e+01
7.514389801025390625e+01 1.510214996337890625e+01
2.780115008354187012e-01 -2.326299858093261719e+01
6.813988494873046875e+01 -2.403467941284179688e+01
8.178332519531250000e+01 -2.506557846069335938e+01
-8.911480307579040527e-01 -4.002040100097656250e+01
5.944084167480468750e+01 7.531669616699218750e+01
5.510665893554687500e+01 4.353359985351562500e+01
5.231727218627929688e+01 -5.301988220214843750e+01
7.101372528076171875e+01 4.999418258666992188e+01
-8.468386840820312500e+01 3.140957069396972656e+01
6.825804138183593750e+01 5.587569427490234375e+01
-1.886189460754394531e+01 3.918358612060546875e+01
5.671130752563476562e+01 6.466056060791015625e+01
-9.546289062500000000e+01 1.379214096069335938e+01
8.552220916748046875e+01 -1.070774936676025391e+01
2.462769031524658203e+00 -8.456336212158203125e+01
-3.398012161254882812e+01 -3.773530960083007812e+01
-3.240902328491210938e+01 -2.999113464355468750e+01
-3.674182891845703125e+01 -6.751856231689453125e+01
-2.550087738037109375e+01 -8.955680847167968750e+01
-8.197411346435546875e+01 4.172572326660156250e+01
5.122592926025390625e+01 -7.477112579345703125e+01
1.675672721862792969e+01 1.320683574676513672e+01
-5.025848388671875000e+01 -5.352525329589843750e+01
3.144772148132324219e+01 2.565116691589355469e+01
5.122370910644531250e+01 -1.340812921524047852e+00
6.630249786376953125e+01 4.561434936523437500e+01
5.055565643310546875e+01 -3.288169860839843750e+01
7.900144195556640625e+01 5.169739151000976562e+01
-8.439025878906250000e+01 4.486428070068359375e+01
1.390161705017089844e+01 -8.516329193115234375e+01
-5.255944442749023438e+01 -6.796211242675781250e+01
7.596797180175781250e+01 1.352016639709472656e+01
-3.045370864868164062e+01 -3.620676803588867188e+01
-3.406216812133789062e+01 4.600183868408203125e+01
7.001998901367187500e+01 6.744074249267578125e+01
3.031592845916748047e+00 -4.443078041076660156e+00
8.028791809082031250e+01 -1.231144905090332031e+01
7.552610397338867188e+00 5.334726333618164062e+01
6.761071777343750000e+01 6.258969497680664062e+01
4.835181045532226562e+01 6.869510650634765625e+01
4.853989410400390625e+01 5.141822052001953125e+01
-8.501957702636718750e+01 -1.423298740386962891e+01
-1.087005138397216797e+01 -6.192441940307617188e+01
-1.069837570190429688e+02 5.607379913330078125e+00
-4.090800857543945312e+01 5.653763294219970703e+00
-1.004500198364257812e+02 1.957887458801269531e+01
4.899581146240234375e+01 -1.165586948394775391e+01
-1.347557157278060913e-01 -4.397182464599609375e-01
4.749464511871337891e+00 7.004376983642578125e+01
6.433203887939453125e+01 -5.971017456054687500e+01
2.911458969116210938e+00 7.449308776855468750e+01
2.788088607788085938e+01 -6.026356506347656250e+01
-1.403197860717773438e+01 -6.008911132812500000e+01
3.653113555908203125e+01 7.482127380371093750e+01
6.995443725585937500e+01 1.765079307556152344e+01
6.536367034912109375e+01 -3.777710723876953125e+01
7.694033050537109375e+01 1.766547966003417969e+01
9.166922760009765625e+01 -1.760766983032226562e+01
2.368185043334960938e+01 -1.552386093139648438e+01
1.492987823486328125e+01 -3.879283142089843750e+01
2.275411128997802734e+00 6.444747161865234375e+01
1.391545295715332031e+01 -5.867546844482421875e+01
2.178163909912109375e+01 -5.810141754150390625e+01
5.365312099456787109e-01 -5.953762054443359375e+00
3.106016540527343750e+01 4.175876140594482422e+00
3.752505874633789062e+01 -6.745335388183593750e+01
4.079282379150390625e+01 -6.781047821044921875e+01
2.293906974792480469e+01 7.894905090332031250e+01
-2.818665695190429688e+01 2.062591171264648438e+01
8.100163459777832031e+00 -7.666969299316406250e+01
7.405781555175781250e+01 -8.248255729675292969e+00
-8.331748962402343750e+01 2.208798027038574219e+01
2.279061698913574219e+01 -9.453891754150390625e+01
-7.551946258544921875e+01 -1.723977279663085938e+01
-5.178490829467773438e+01 -6.456628417968750000e+01
-1.100782928466796875e+02 2.026004981994628906e+01
5.251394271850585938e+01 -5.171338272094726562e+01
7.240959930419921875e+01 4.417023086547851562e+01
-1.080083618164062500e+02 2.258168601989746094e+01
8.226445770263671875e+01 -1.571678447723388672e+01
5.131662750244140625e+01 3.802425384521484375e+01
1.221563053131103516e+01 -5.348885345458984375e+01
2.862861061096191406e+01 -6.387181854248046875e+01
8.563722991943359375e+01 5.395298385620117188e+01
-7.740124511718750000e+01 2.598535156250000000e+01
1.003602695465087891e+01 1.618607902526855469e+01
-2.014852142333984375e+01 -7.908721923828125000e+01
2.272251510620117188e+01 -6.853009223937988281e+00
-2.941425895690917969e+01 -8.511858367919921875e+01
5.404867172241210938e+01 6.294411087036132812e+01
8.590831756591796875e+01 -1.442827701568603516e+01
-4.021005630493164062e+01 -1.023890256881713867e+00
-8.360718536376953125e+01 2.529678153991699219e+01
5.066244125366210938e+01 -5.311200618743896484e-01
6.237371444702148438e+01 -3.693693923950195312e+01
4.708463287353515625e+01 5.646349716186523438e+01
-3.069752883911132812e+01 -1.006180667877197266e+01
-1.075091629028320312e+02 3.569110870361328125e+01
-7.248915672302246094e+00 1.548170185089111328e+01
3.745181655883789062e+01 -6.749771118164062500e+01
5.021813583374023438e+01 -4.784278488159179688e+01
-2.668770790100097656e+01 6.528150939941406250e+01
2.857546234130859375e+01 2.196447563171386719e+01
2.758700942993164062e+01 -6.113967895507812500e+01
-1.329516887664794922e+01 -6.013940429687500000e+01
1.836828589439392090e+00 6.255020904541015625e+01
-2.244620800018310547e+00 -7.231545257568359375e+01
9.171988487243652344e+00 -5.725004196166992188e+01
-3.980700302124023438e+01 -3.931322097778320312e+01
4.755542755126953125e+01 1.979669189453125000e+01
9.548636436462402344e+00 -2.199508666992187500e+00
2.078167915344238281e+01 8.045816802978515625e+01
6.736980438232421875e+01 3.982588195800781250e+01
-1.146559371948242188e+02 2.348739051818847656e+01
7.371132659912109375e+01 4.996242523193359375e+01
4.483192443847656250e+01 -2.380499649047851562e+01
7.825613403320312500e+01 2.132972335815429688e+01
6.866438293457031250e+01 4.806721878051757812e+01
3.076819658279418945e+00 -8.378623127937316895e-01
-5.614318370819091797e+00 -2.906791269779205322e-01
3.066884231567382812e+01 -2.438673782348632812e+01
2.907943725585937500e+01 -3.964978790283203125e+01
-5.794281005859375000e+01 1.420909118652343750e+01
5.412945938110351562e+01 -7.051178741455078125e+01
-7.271150588989257812e+00 -8.051783752441406250e+01
-1.478086090087890625e+01 -1.890839767456054688e+01
-6.889607238769531250e+01 4.302806854248046875e+01
2.049248313903808594e+01 -9.063125610351562500e+01
-8.702944755554199219e+00 -4.068902015686035156e+00
-1.114583740234375000e+02 1.912860107421875000e+01
-8.927380371093750000e+01 2.025931739807128906e+01
-7.887714385986328125e+01 -2.604392290115356445e+00
5.649001121520996094e+00 -8.607995605468750000e+01
2.757156753540039062e+01 -4.225723743438720703e+00
-1.131994934082031250e+02 4.274258422851562500e+01
7.697183990478515625e+01 -7.453318595886230469e+00
-7.646080780029296875e+01 2.228764343261718750e+01
6.696147155761718750e+01 -3.894849014282226562e+01
5.061872482299804688e+00 -1.083849906921386719e+01
-4.572494506835937500e+01 2.337408638000488281e+01
2.294935417175292969e+01 -5.446094131469726562e+01
-5.465805816650390625e+01 -6.663763427734375000e+01
1.461540126800537109e+01 5.169975280761718750e+01
2.225010681152343750e+01 -7.205771636962890625e+01
8.811888122558593750e+01 -1.192319583892822266e+01
8.423247528076171875e+01 4.915398788452148438e+01
-2.325792884826660156e+01 -6.726634979248046875e+01
-8.122784423828125000e+01 2.344608879089355469e+01
-9.830074310302734375e+01 3.618854522705078125e+01
8.364283561706542969e+00 -8.612481689453125000e+01
3.177582025527954102e+00 -7.915867614746093750e+01
5.088718414306640625e+01 5.325846099853515625e+01
8.288561248779296875e+01 5.201413345336914062e+01
-3.477550506591796875e+01 -3.937386322021484375e+01
-6.412232971191406250e+01 3.843937301635742188e+01
3.522966766357421875e+01 1.510175609588623047e+01
2.671605300903320312e+01 9.731981277465820312e+00
5.137112045288085938e+01 -4.944652915000915527e-01
-3.492473983764648438e+01 -4.990090179443359375e+01
2.700338554382324219e+01 3.722518539428710938e+01
7.328673553466796875e+01 2.156238174438476562e+01
1.761261749267578125e+01 -5.416926956176757812e+01
1.985417366027832031e+01 -6.437610626220703125e+01
8.678660583496093750e+01 -1.343630313873291016e+01
-1.164063415527343750e+02 2.295114707946777344e+01
8.968451499938964844e+00 -2.575785107910633087e-02
2.528192758560180664e+00 8.169807434082031250e+01
-2.646507072448730469e+01 -2.849828004837036133e+00
-5.887571334838867188e+01 -8.994569778442382812e+00
5.077408981323242188e+01 -4.429683303833007812e+01
-2.054145812988281250e+01 1.329759311676025391e+01
-3.619813156127929688e+01 1.963891410827636719e+01
2.127875900268554688e+01 -8.639183044433593750e+01
1.532341384887695312e+01 -3.168021202087402344e+01
2.809581565856933594e+01 5.154793167114257812e+01
7.973299407958984375e+01 2.483170509338378906e+01
2.679091835021972656e+01 -3.894956588745117188e+01
-7.028588867187500000e+01 -5.466072082519531250e+00
1.256798839569091797e+01 2.154495620727539062e+01
-1.178236618041992188e+02 4.186420059204101562e+01
1.118634796142578125e+01 5.525559234619140625e+01
6.980007934570312500e+01 4.385430908203125000e+01
1.928172302246093750e+01 -9.207374572753906250e+01
3.174028968811035156e+01 -4.871474456787109375e+01
7.336346435546875000e+01 4.330231475830078125e+01
-8.816419219970703125e+01 4.089051437377929688e+01
5.935499572753906250e+01 2.781536340713500977e+00
1.894482612609863281e+01 8.138173675537109375e+01
-9.185430908203125000e+01 -1.521178722381591797e+01
-9.845044708251953125e+01 4.571631240844726562e+01
-7.709230041503906250e+01 4.021230697631835938e+01
6.489328765869140625e+01 -2.064854049682617188e+01
-8.550083041191101074e-01 -3.812420845031738281e+00
-2.210086733102798462e-01 -8.769460296630859375e+01
-1.831379127502441406e+01 2.799353218078613281e+01
2.183217048645019531e+01 -6.299354171752929688e+01
3.757306098937988281e+00 8.190411376953125000e+01
3.188387107849121094e+01 -6.024359130859375000e+01
5.779635238647460938e+01 6.573488616943359375e+01
4.162786483764648438e+00 -8.712771606445312500e+01
-1.522139072418212891e+01 -3.216954040527343750e+01
5.115478897094726562e+01 5.578076553344726562e+01
-4.887519836425781250e+01 3.799061203002929688e+01
-3.395297622680664062e+01 -3.697323322296142578e+00
5.035384368896484375e+01 -3.252047348022460938e+01
3.406244277954101562e+01 5.643109893798828125e+01
-3.675425338745117188e+01 4.157127380371093750e+01
-1.018352661132812500e+02 2.229056930541992188e+01
1.771258735656738281e+01 -5.600770568847656250e+01
4.769814491271972656e+00 -1.139989852905273438e+01
-9.259065246582031250e+01 4.088815689086914062e+01
-3.945621490478515625e+01 4.130473709106445312e+01
6.399219512939453125e+01 -3.697169876098632812e+01
5.787541961669921875e+01 -5.866650104522705078e+00
-8.061810302734375000e+01 4.097512817382812500e+01
-1.215702724456787109e+01 -1.309233760833740234e+01
1.580753421783447266e+01 -1.796448469161987305e+00
-8.770419311523437500e+01 3.881701660156250000e+01
3.273462677001953125e+01 1.235061168670654297e+01
1.631576728820800781e+01 -1.287199020385742188e+01
-4.203947448730468750e+01 -3.155164909362792969e+01
-5.240672683715820312e+01 -6.583020782470703125e+01
-4.077145004272460938e+01 -6.924481201171875000e+01
7.386122131347656250e+01 6.666388702392578125e+01
-3.738517761230468750e+01 -7.342749786376953125e+01
-2.235872650146484375e+01 -4.177862167358398438e+01
1.009144783020019531e+01 -2.429508781433105469e+01
5.727431774139404297e+00 -4.107002258300781250e+01
4.089870452880859375e+01 -7.382242584228515625e+01
7.697631835937500000e+01 -1.325757789611816406e+01
-6.323818588256835938e+01 2.483061408996582031e+01
6.939949798583984375e+01 -3.403255081176757812e+01
-9.391983795166015625e+01 3.360833740234375000e+01
-4.031254959106445312e+01 -2.221938705444335938e+01
5.467032790184020996e-01 8.707697296142578125e+01
4.992173385620117188e+01 7.234974670410156250e+01
-7.866593933105468750e+01 3.209268569946289062e+01
-2.306211090087890625e+01 -6.239178466796875000e+01
5.852552413940429688e+01 -5.741473388671875000e+01
3.933732604980468750e+01 -4.983919143676757812e+01
8.736399841308593750e+01 -7.732019424438476562e+00
4.616287612915039062e+01 6.785835266113281250e+01
1.592481231689453125e+01 -1.397846984863281250e+01
1.832681274414062500e+01 -2.689463806152343750e+01
-3.438426589965820312e+01 -3.780595064163208008e+00
3.780604171752929688e+01 -5.988976359367370605e-02
7.354108428955078125e+01 5.516269302368164062e+01
5.051209259033203125e+01 -4.251910686492919922e+00
-9.342594909667968750e+01 2.074245834350585938e+01
-3.244228744506835938e+01 4.207979202270507812e+01
2.868443250656127930e+00 -4.615043163299560547e+00
1.387987375259399414e+00 -1.985808563232421875e+01
-9.658338165283203125e+01 1.669437026977539062e+01
4.883111190795898438e+01 5.544751739501953125e+01
2.271741676330566406e+01 -5.662303161621093750e+01
-6.131790161132812500e+00 4.009214019775390625e+01
1.523149490356445312e+00 5.556890106201171875e+01
7.585166931152343750e+01 4.879046630859375000e+01
-6.167037200927734375e+01 1.913537025451660156e+01
4.284795379638671875e+01 2.045101374387741089e-01
7.444869232177734375e+01 5.311239624023437500e+01
1.628573226928710938e+01 -4.968249893188476562e+01
3.942004776000976562e+01 2.893924331665039062e+01
-3.506044769287109375e+01 -3.929532623291015625e+01
-8.665512084960937500e+01 2.754597473144531250e+01
-3.939445877075195312e+01 -5.022438812255859375e+01
7.477128601074218750e+01 -4.483442306518554688e+00
3.735304641723632812e+01 3.436228561401367188e+01
2.569336891174316406e+00 -5.760157585144042969e+00
4.425749969482421875e+01 1.798063850402832031e+01
-7.110928344726562500e+01 -1.754266357421875000e+01
2.102441024780273438e+01 1.755784797668457031e+01
4.799405097961425781e+00 -2.757018089294433594e+01
-5.484495162963867188e+01 -2.471159744262695312e+01
-1.084295558929443359e+01 1.776713180541992188e+01
8.498468780517578125e+01 -1.850123786926269531e+01
2.268111991882324219e+01 5.510042190551757812e+01
-1.540158271789550781e+01 -6.155572128295898438e+01
4.551966476440429688e+01 6.811405944824218750e+01
3.309453201293945312e+01 -3.753330230712890625e+01
2.871239852905273438e+01 -1.091813564300537109e+01
-8.726425933837890625e+01 -1.783483886718750000e+01
-1.237603454589843750e+02 3.160735321044921875e+01
-3.550793838500976562e+01 4.284487533569335938e+01
4.849904251098632812e+01 3.141265106201171875e+01
1.390229225158691406e+01 5.953597640991210938e+01
1.429889678955078125e+01 -5.993133926391601562e+01
7.221192169189453125e+01 1.590958499908447266e+01
-7.182892799377441406e+00 -6.399456787109375000e+01
1.414424228668212891e+01 -5.518444824218750000e+01
7.145849227905273438e+00 -8.246817779541015625e+01
1.179979610443115234e+01 -5.369116973876953125e+01
8.772004127502441406e+00 -5.764849853515625000e+01
2.675750017166137695e+00 -2.460498428344726562e+01
3.562664031982421875e+01 -8.591964721679687500e+00
7.407971954345703125e+01 -1.486891365051269531e+01
2.459736061096191406e+01 -6.624072265625000000e+01
-7.387839794158935547e+00 -4.764291381835937500e+01
-3.926653146743774414e+00 2.292242527008056641e+00
7.741359710693359375e+01 -5.937011167407035828e-02
5.001512145996093750e+01 -1.268989276885986328e+01
8.520014190673828125e+01 -1.477625179290771484e+01
3.150200271606445312e+01 -5.434989929199218750e+01
-7.941576957702636719e+00 -1.121864223480224609e+01
4.362787246704101562e+01 -4.942794799804687500e+01
3.201765060424804688e+01 -3.694245910644531250e+01
-2.920389556884765625e+01 -3.607378768920898438e+01
-6.745236968994140625e+01 -4.214563846588134766e+00
2.355657386779785156e+01 -1.566851329803466797e+01
8.362773132324218750e+01 -8.021338462829589844e+00
3.865340042114257812e+01 4.342962265014648438e+01
-1.707777214050292969e+01 5.617599105834960938e+01
6.037765502929687500e+01 7.828882598876953125e+01
4.547111892700195312e+01 -1.940661430358886719e+01
-1.206496524810791016e+01 -1.671289443969726562e+01
7.404489898681640625e+01 4.871707534790039062e+01
-1.010844421386718750e+01 1.925619125366210938e+01
6.990109252929687500e+01 -2.662018203735351562e+01
4.254334259033203125e+01 -1.861229705810546875e+01
5.317724227905273438e+01 -7.794322204589843750e+01
5.236261749267578125e+01 5.506268692016601562e+01
1.684022307395935059e+00 -3.658690261840820312e+01
6.468957519531250000e+01 -3.667079162597656250e+01
-3.896577835083007812e+01 4.641500473022460938e+00
7.024308013916015625e+01 -1.658915328979492188e+01
1.861480116844177246e+00 -3.239811706542968750e+01
5.840849685668945312e+01 -7.241464138031005859e+00
7.839445114135742188e+00 4.745711898803710938e+01
7.461996459960937500e+01 2.203471565246582031e+01
7.086051177978515625e+01 2.424959754943847656e+01
8.870633125305175781e+00 -2.504342651367187500e+01
2.669849586486816406e+01 5.743283843994140625e+01
-1.857215499877929688e+01 -6.221200561523437500e+01
5.465718460083007812e+01 5.712788391113281250e+01
-3.494144439697265625e+01 7.325682163238525391e+00
1.344187927246093750e+01 -5.457528305053710938e+01
3.565400695800781250e+01 -4.896250534057617188e+01
-9.743114471435546875e+01 2.157323455810546875e+01
6.955481767654418945e-01 7.402529144287109375e+01
-9.145569801330566406e+00 -4.204213333129882812e+01
-2.177923774719238281e+01 -2.370393562316894531e+01
-1.027367324829101562e+02 8.877243041992187500e+00
-3.369447326660156250e+01 2.172435760498046875e+01
2.410199356079101562e+01 6.470671653747558594e+00
5.552185821533203125e+01 6.337916851043701172e+00
5.036899566650390625e+01 4.338451766967773438e+01
-1.196321792602539062e+02 2.479945945739746094e+01
-4.913049697875976562e+01 -4.445210647583007812e+01
-9.625897216796875000e+01 -6.801461577415466309e-01
1.485796093940734863e+00 5.560543441772460938e+01
-9.644884490966796875e+01 1.428481483459472656e+01
-8.314680480957031250e+01 -2.870649337768554688e+01
5.120747375488281250e+01 -2.744691276550292969e+01
1.288276958465576172e+01 -3.869514083862304688e+01
-1.725495147705078125e+01 -6.670368957519531250e+01
2.738146781921386719e+01 -7.728717476129531860e-02
-8.921410560607910156e+00 1.491959762573242188e+01
3.407494735717773438e+01 2.454280257225036621e-01
-7.664508819580078125e+01 2.130135917663574219e+01
1.439875698089599609e+01 -4.707460403442382812e+00
-3.734930801391601562e+01 -2.567013978958129883e+00
4.771382522583007812e+01 -2.542578506469726562e+01
-2.177626228332519531e+01 -2.387267875671386719e+01
-8.031283569335937500e+01 4.553168106079101562e+01
-8.349845123291015625e+01 3.513330078125000000e+01
6.031833291053771973e-01 -1.950199127197265625e+00
9.009364318847656250e+01 -1.450839042663574219e+01
5.200355529785156250e+01 3.792836964130401611e-01
-4.510848236083984375e+01 4.876805114746093750e+01
2.666720867156982422e+00 7.783440399169921875e+01
6.666522979736328125e+01 6.946599578857421875e+01
-6.534736633300781250e+01 2.219994544982910156e+01
4.252206802368164062e+01 -2.395316505432128906e+01
2.573721313476562500e+01 -8.288603425025939941e-01
5.045100688934326172e+00 -4.241936492919921875e+01
-1.450921177864074707e+00 -8.568588256835937500e+01
8.350577354431152344e+00 -8.332064819335937500e+01
-8.217083740234375000e+01 4.444018554687500000e+01
1.625835800170898438e+01 -4.504563903808593750e+01
-9.958335876464843750e+00 -5.788819885253906250e+01
-8.135319519042968750e+01 3.716786956787109375e+01
-9.055467987060546875e+01 3.276997756958007812e+01
9.460076141357421875e+01 -1.721154975891113281e+01
-7.598715972900390625e+01 3.997006607055664062e+01
7.497721099853515625e+01 1.344616603851318359e+01
3.494702911376953125e+01 -4.509809970855712891e+00
-1.653055763244628906e+01 -6.514141082763671875e+01
-3.743629074096679688e+01 4.643801879882812500e+01
-2.946604156494140625e+01 2.052082824707031250e+01
2.700280380249023438e+01 5.926002883911132812e+01
5.293375778198242188e+01 -1.523522019386291504e+00
-1.098869323730468750e+02 7.769110202789306641e+00
-1.870217084884643555e+00 -3.533716964721679688e+01
2.436900138854980469e+01 8.720088195800781250e+01
-3.961027908325195312e+01 -3.701102066040039062e+01
-2.039515686035156250e+01 -6.495972442626953125e+01
-2.311937904357910156e+01 -4.152067184448242188e+01
1.204944133758544922e+01 -9.750254631042480469e+00
-8.566275024414062500e+01 -1.855304336547851562e+01
3.990730667114257812e+01 1.193068599700927734e+01
5.828024291992187500e+01 -5.806341934204101562e+01
-3.906219482421875000e+01 -2.761358833312988281e+01
6.358523559570312500e+01 7.452536010742187500e+01
-1.050704193115234375e+02 4.503778457641601562e+01
5.285926055908203125e+01 1.147677516937255859e+01
-2.000390887260437012e-01 -3.291013336181640625e+01
-3.906850433349609375e+01 -3.160687637329101562e+01
-1.330007743835449219e+01 3.239477539062500000e+01
8.127703666687011719e+00 1.737670516967773438e+01
-1.477501773834228516e+01 -1.044096279144287109e+01
-1.134279174804687500e+02 4.164956283569335938e+01
6.175859069824218750e+01 4.964424514770507812e+01
3.041828346252441406e+01 2.018528366088867188e+01
4.016067123413085938e+01 3.309520721435546875e+01
6.403967857360839844e+00 2.508201217651367188e+01
6.447666168212890625e+01 -3.519123077392578125e+01
1.446484184265136719e+01 8.521604156494140625e+01
-3.851759195327758789e+00 -2.604016685485839844e+01
-1.363794422149658203e+01 -6.564177703857421875e+01
1.694431686401367188e+01 -9.066827392578125000e+01
2.641679000854492188e+01 -5.457506179809570312e+01
2.768605232238769531e+01 -5.153308486938476562e+01
-6.180199432373046875e+01 -4.875382900238037109e+00
2.289427757263183594e+01 -9.382176971435546875e+01
-2.006466102600097656e+01 -7.622757720947265625e+01
2.874301528930664062e+01 -9.161428070068359375e+01
2.389052391052246094e+01 -4.374637222290039062e+01
4.171686172485351562e+01 1.996925544738769531e+01
6.009990310668945312e+01 -7.143312072753906250e+01
2.981377220153808594e+01 -4.587309646606445312e+01
1.776833534240722656e+01 -9.107933044433593750e+01
5.921461868286132812e+01 7.698558044433593750e+01
-6.354652404785156250e+01 -9.689235091209411621e-01
-8.321598815917968750e+01 -1.966921997070312500e+01
3.654206466674804688e+01 -8.388915061950683594e+00
5.680205154418945312e+01 -2.414875030517578125e+01
-4.063381576538085938e+01 -3.476865005493164062e+01
2.193945312500000000e+01 -6.543952178955078125e+01
2.578505516052246094e+01 -1.517904567718505859e+01
5.160441398620605469e+00 -8.475873565673828125e+01
-8.701835632324218750e+01 3.526273727416992188e+01
-8.295735168457031250e+01 -1.606073570251464844e+01
-7.527066040039062500e+01 -2.231673622131347656e+01
-3.877025842666625977e-01 -1.487966442108154297e+01
4.873639678955078125e+01 6.723577117919921875e+01
-1.057352218627929688e+02 1.523708915710449219e+01
5.933666610717773438e+01 -5.542016983032226562e+01
2.248756980895996094e+01 -8.380939483642578125e+01
5.250824356079101562e+01 -5.354773330688476562e+01
2.071683502197265625e+01 -1.528806495666503906e+01
-1.611109542846679688e+01 -4.192695999145507812e+01
8.010752105712890625e+01 -8.612607955932617188e+00
1.358099365234375000e+01 -8.757045745849609375e+01
-1.342568302154541016e+01 -8.480358123779296875e+01
-2.492782592773437500e+01 1.176845932006835938e+01
-3.984035491943359375e+01 -2.189095497131347656e+01
-2.078288078308105469e+01 -2.055501747131347656e+01
-1.892495918273925781e+01 -4.471064758300781250e+01
2.103720664978027344e+01 8.554428100585937500e+01
3.989743804931640625e+01 7.644407272338867188e+00
6.743754863739013672e+00 3.392705678939819336e+00
5.977064609527587891e+00 -1.198347210884094238e+00
-1.394429683685302734e+01 -8.695201873779296875e+01
3.995539474487304688e+01 5.453279495239257812e+01
-7.637806701660156250e+01 1.875030517578125000e+01
-6.815957641601562500e+01 2.176027870178222656e+01
3.122014808654785156e+01 -4.579563140869140625e+01
1.112455558776855469e+01 -1.769493484497070312e+01
2.329034328460693359e+00 -1.810369682312011719e+01
7.513069152832031250e+00 -3.757000350952148438e+01
-2.390679168701171875e+01 -5.798435211181640625e+00
9.507602691650390625e+00 -8.836863708496093750e+01
3.816805648803710938e+01 1.885810971260070801e+00
-5.825912475585937500e+01 1.332795429229736328e+01
-2.389749717712402344e+01 -4.127108764648437500e+01
-5.819854354858398438e+01 2.439831733703613281e+01
-3.760454177856445312e+01 -4.441394042968750000e+01
4.979529953002929688e+01 -2.376984977722167969e+01
-5.744802474975585938e+00 1.142035579681396484e+01
6.728972625732421875e+01 -4.556872940063476562e+01
4.323849868774414062e+01 -4.585049057006835938e+01
-7.603362274169921875e+01 2.297681236267089844e+01
-8.247685432434082031e-01 -9.255856513977050781e+00
1.653512763977050781e+01 -2.427291679382324219e+01
-5.955166244506835938e+01 7.354002475738525391e+00
-4.850845718383789062e+01 4.059285736083984375e+01
-3.920059967041015625e+01 5.348037719726562500e+00
-8.736855387687683105e-01 -8.353706359863281250e+00
3.122657394409179688e+01 -2.514389801025390625e+01
8.551580810546875000e+01 -1.866946601867675781e+01
5.368016815185546875e+01 6.314393997192382812e+01
-1.318841361999511719e+01 -1.475094604492187500e+01
6.817066955566406250e+01 -1.440579319000244141e+01
-3.910807418823242188e+01 -2.772457504272460938e+01
-8.234932708740234375e+01 -1.679044151306152344e+01
-6.395112991333007812e+00 -3.274883031845092773e-01
-2.698584365844726562e+01 6.851441955566406250e+01
4.190181732177734375e+01 5.773379898071289062e+01
1.190807914733886719e+01 -4.535599517822265625e+01
-1.152456283569335938e+02 1.321859836578369141e+01
4.907089996337890625e+01 -1.597509098052978516e+01
8.586189270019531250e+00 -7.495908260345458984e+00
-8.884461402893066406e+00 1.386178970336914062e+01
5.914187240600585938e+01 6.644947814941406250e+01
-3.602522277832031250e+01 -5.887442779541015625e+01
-2.963478851318359375e+01 -4.747227478027343750e+01
-1.042533111572265625e+02 9.559258460998535156e+00
-8.711379241943359375e+01 3.787327575683593750e+01
6.957268714904785156e+00 3.693955993652343750e+01
6.841196060180664062e+00 -9.327199554443359375e+01
-6.968387603759765625e+01 -1.848711585998535156e+01
-4.098373031616210938e+01 7.017253041267395020e-01
-1.129913425445556641e+01 1.693655967712402344e+01
-9.286573028564453125e+01 4.152632141113281250e+01
-2.541134357452392578e+00 -4.044299945235252380e-03
-3.853514480590820312e+01 4.710113906860351562e+01
4.089230346679687500e+01 5.812224197387695312e+01
-1.213216304779052734e+00 -3.431425094604492188e+01
7.256958770751953125e+01 1.951231002807617188e+01
-1.179154109954833984e+01 -8.139601135253906250e+01
-8.788906860351562500e+01 -6.031591892242431641e+00
-8.077902984619140625e+01 4.439663696289062500e+01
-7.483528900146484375e+01 -1.941514778137207031e+01
-1.056929397583007812e+02 3.915985870361328125e+01
-6.627852630615234375e+01 -1.770611763000488281e+01
9.323144912719726562e+00 -7.899114990234375000e+01
5.710440444946289062e+01 4.418489456176757812e+01
2.580358123779296875e+01 -6.866754055023193359e+00
-3.638952636718750000e+01 3.745579147338867188e+01
4.301960372924804688e+01 -4.223661804199218750e+01
8.223654174804687500e+01 -1.278651237487792969e+01
7.642666339874267578e+00 7.005510711669921875e+01
1.609277153015136719e+01 -5.502482986450195312e+01
3.409103012084960938e+01 1.558078765869140625e+01
-1.854184150695800781e+01 6.869396972656250000e+01
-4.309030914306640625e+01 -5.179217815399169922e+00
-1.487295246124267578e+01 5.538578033447265625e+01
-2.454812240600585938e+01 -6.184091186523437500e+01
-5.421627426147460938e+01 -1.378006744384765625e+01
6.893322753906250000e+01 4.624677276611328125e+01
4.495727157592773438e+01 4.595713806152343750e+01
-3.101633644104003906e+01 4.193651962280273438e+01
-7.168878173828125000e+01 1.566530513763427734e+01
7.485132598876953125e+01 -1.732690620422363281e+01
1.351457595825195312e+01 3.327389907836914062e+01
1.962516593933105469e+01 -5.052599430084228516e+00
3.446028900146484375e+01 -1.402519321441650391e+01
8.997209167480468750e+01 -1.003659820556640625e+01
-1.033965682983398438e+02 1.156109809875488281e+01
-7.029893493652343750e+01 1.726049232482910156e+01
-2.097935485839843750e+01 -8.643997192382812500e+01
5.213524246215820312e+01 -5.440432739257812500e+01
-2.466855621337890625e+01 5.277755260467529297e+00
7.364897155761718750e+01 -2.145461654663085938e+01
-9.110239410400390625e+01 4.019943618774414062e+01
7.358015441894531250e+01 -2.753838348388671875e+01
1.837979316711425781e+01 -9.091267395019531250e+01
4.605292129516601562e+01 1.995056343078613281e+01
-4.077464675903320312e+01 -7.951622486114501953e+00
-6.668292999267578125e+01 2.524966430664062500e+01
-5.182709884643554688e+01 3.993518447875976562e+01
6.668054962158203125e+01 -8.177688598632812500e+00
-1.627569770812988281e+01 -2.565607833862304688e+01
4.589612960815429688e+00 -1.634475517272949219e+01
9.491271972656250000e+00 1.112102031707763672e+01
-1.050708694458007812e+02 4.499485015869140625e+01
1.739498519897460938e+01 -7.467948913574218750e+01
-2.937046623229980469e+01 -1.559963417053222656e+01
-2.845265197753906250e+01 7.967441558837890625e+00
1.376081275939941406e+01 -2.646821022033691406e+00
-2.473643875122070312e+01 -2.330560874938964844e+01
-1.576253604888916016e+01 -4.075865936279296875e+01
3.618491363525390625e+01 1.258220577239990234e+01
-3.987896442413330078e-01 -2.433036041259765625e+01
1.526694488525390625e+01 -2.101560974121093750e+01
2.881255722045898438e+01 1.953347587585449219e+01
2.130633926391601562e+01 -1.692762184143066406e+01
3.976004028320312500e+01 -1.113831806182861328e+01
7.413833618164062500e+01 5.363565444946289062e+01
5.540687561035156250e+01 -6.872726440429687500e+01
2.385533523559570312e+01 -5.429505538940429688e+01
4.131251811981201172e+00 -2.587639808654785156e+01
3.135307312011718750e+01 -6.026057052612304688e+01
-7.176651000976562500e+00 -8.157151031494140625e+01
3.436214065551757812e+01 1.216815662384033203e+01
-2.054533195495605469e+01 -5.983189010620117188e+01
5.580706787109375000e+01 7.574473571777343750e+01
5.659377574920654297e+00 -1.962827491760253906e+01
-4.604123306274414062e+01 -9.994301795959472656e+00
-4.969547271728515625e+01 1.864096641540527344e+01
-4.202549934387207031e+00 -1.343072700500488281e+01
2.508798599243164062e+00 7.786381530761718750e+01
2.098371696472167969e+01 -8.831882476806640625e+01
-6.382686996459960938e+01 -1.305256366729736328e+01
1.193401432037353516e+01 -8.185702514648437500e+01
-2.465870475769042969e+01 -3.564646911621093750e+01
5.073574447631835938e+01 -2.704301452636718750e+01
-3.630760955810546875e+01 3.416107892990112305e+00
4.927917480468750000e+01 -5.740256881713867188e+01
-9.043310546875000000e+01 -2.162245559692382812e+01
-1.167856521606445312e+02 1.528220844268798828e+01
4.024018859863281250e+01 -6.108628749847412109e+00
9.805161476135253906e+00 -6.268743515014648438e+01
1.219069600105285645e+00 -8.784775543212890625e+01
8.664374542236328125e+01 -2.433358383178710938e+01
3.224592971801757812e+01 -7.511953353881835938e+00
7.099241638183593750e+01 2.401772880554199219e+01
-3.906473875045776367e+00 -2.623702430725097656e+01
6.529281616210937500e+01 -5.263157844543457031e+00
-5.403068542480468750e+01 -1.389370918273925781e+01
-4.917296981811523438e+01 -6.295972824096679688e+00
6.733856964111328125e+01 3.776443099975585938e+01
-1.168766860961914062e+02 2.051195335388183594e+01
-4.059022903442382812e+01 4.499018669128417969e+00
-4.386124134063720703e+00 -2.637537193298339844e+01
-1.483846759796142578e+01 1.038353538513183594e+01
1.195087432861328125e+01 -1.671585845947265625e+01
-1.217374229431152344e+01 -8.967061614990234375e+01
-1.954067230224609375e+01 -5.137166213989257812e+01
4.086267471313476562e+00 3.279384994506835938e+01
-2.175385856628417969e+01 7.035298919677734375e+01
5.081101226806640625e+01 5.831043243408203125e+01
2.286282920837402344e+01 -9.042984008789062500e+01
2.296297264099121094e+01 3.586384963989257812e+01
6.276788234710693359e+00 -4.741554641723632812e+01
5.109683609008789062e+01 1.751675033569335938e+01
-1.610793304443359375e+01 1.715435409545898438e+01
4.769910430908203125e+01 -7.867353820800781250e+01
-3.027262306213378906e+01 2.221401214599609375e+01
5.701482772827148438e+01 2.580580711364746094e+01
-8.356892395019531250e+01 4.190048599243164062e+01
-8.630459594726562500e+01 -1.971000862121582031e+01
-4.829420089721679688e+01 8.876272201538085938e+00
1.316947364807128906e+01 -7.902881622314453125e+01
8.364099121093750000e+01 -6.409013271331787109e+00
1.842747926712036133e+00 -4.955448627471923828e+00
4.746401596069335938e+01 5.368683242797851562e+01
8.646827697753906250e+01 -7.132905006408691406e+00
4.234358596801757812e+01 -6.728753662109375000e+01
9.047503471374511719e+00 -4.178118705749511719e+00
6.218534946441650391e+00 -3.982981491088867188e+01
2.294218635559082031e+01 -6.090282440185546875e+01
-1.167860946655273438e+02 9.993998527526855469e+00
3.735145950317382812e+01 -4.023528671264648438e+01
-8.384201812744140625e+01 3.585626602172851562e+01
-2.462794113159179688e+01 -1.303353977203369141e+01
-2.184390258789062500e+01 -2.523010444641113281e+01
-1.302224826812744141e+01 2.391344070434570312e+01
-8.687968444824218750e+01 -2.143831062316894531e+01
7.774648284912109375e+01 6.180035400390625000e+01
-7.069522857666015625e+01 2.700142860412597656e+01
6.094512939453125000e+01 7.235872650146484375e+01
5.847758865356445312e+01 7.454004669189453125e+01
-4.877838516235351562e+01 -1.649096298217773438e+01
4.661680459976196289e-01 5.245346069335937500e+01
6.181740188598632812e+01 7.180644989013671875e+01
-7.475488281250000000e+01 7.888320446014404297e+00
-8.733729362487792969e+00 2.090365791320800781e+01
3.134636688232421875e+01 -7.931963348388671875e+01
4.631795120239257812e+01 -2.713084411621093750e+01
-1.185200576782226562e+02 4.569820022583007812e+01
-1.285191345214843750e+01 -5.416141510009765625e+01
1.718828392028808594e+01 -1.685312461853027344e+01
2.773660469055175781e+01 2.340639495849609375e+01
-2.465389633178710938e+01 -2.996731376647949219e+01
-1.481095695495605469e+01 2.596137809753417969e+01
-6.037737655639648438e+01 5.990709781646728516e+00
4.072080993652343750e+01 -4.222270584106445312e+01
4.242132568359375000e+01 -3.817618179321289062e+01
3.107653045654296875e+01 -2.488709640502929688e+01
-6.814704895019531250e+01 -4.220837116241455078e+00
-6.574735260009765625e+01 -2.951851463317871094e+01
-8.199252319335937500e+01 -7.339303493499755859e+00
4.167279815673828125e+01 -3.307454681396484375e+01
1.130781841278076172e+01 -8.555339813232421875e+00
5.060365295410156250e+01 -1.319577217102050781e+01
-6.941861629486083984e+00 -7.465624237060546875e+01
-1.521864223480224609e+01 -5.276583194732666016e+00
-1.241725006103515625e+02 3.211536026000976562e+01
-3.158617401123046875e+01 -4.040896224975585938e+01
4.271434783935546875e+01 -6.643183135986328125e+01
2.901800918579101562e+01 -9.045691490173339844e+00
-2.199092864990234375e+01 -7.516392517089843750e+01
5.208049774169921875e+01 -2.939821243286132812e+00
-1.152578067779541016e+01 3.408250427246093750e+01
2.794859123229980469e+01 -5.937099075317382812e+01
-9.838316917419433594e+00 1.783682823181152344e+01
7.282230377197265625e+01 4.532690048217773438e+01
-2.341618919372558594e+01 -7.788194274902343750e+01
-2.920882606506347656e+01 7.529600858688354492e-01
-1.107082557678222656e+01 1.084281682968139648e+00
5.256808090209960938e+01 7.068019866943359375e+01
-2.203142738342285156e+01 -5.136408996582031250e+01
2.501017189025878906e+01 5.661329269409179688e+01
-2.141096878051757812e+01 -4.671093368530273438e+01
1.937335252761840820e+00 -3.879813003540039062e+01
-3.664922237396240234e+00 -4.901940536499023438e+01
7.741540527343750000e+01 5.191688537597656250e+01
-5.961196899414062500e+01 -7.581947326660156250e+00
-4.878845691680908203e+00 -5.722615051269531250e+01
-9.238310241699218750e+01 1.530530834197998047e+01
-5.127108383178710938e+01 -1.181693792343139648e+00
-2.721344184875488281e+01 -3.338485479354858398e+00
-3.153113365173339844e+01 -3.697132110595703125e+01
-1.916894149780273438e+01 3.459223175048828125e+01
8.014646148681640625e+01 -1.077512454986572266e+01
-1.025018501281738281e+01 -9.016447448730468750e+01
6.857293701171875000e+01 1.165685558319091797e+01
1.590752983093261719e+01 -9.349037933349609375e+01
4.964735412597656250e+01 -7.964028167724609375e+01
-1.964400100708007812e+01 -4.941969680786132812e+01
-3.704862213134765625e+01 -2.072581100463867188e+01
-3.655812835693359375e+01 -6.732586669921875000e+01
4.517127990722656250e+01 3.436237716674804688e+01
-8.347559356689453125e+01 -6.148168563842773438e+00
-8.470017242431640625e+01 -1.990536499023437500e+01
-8.583055114746093750e+01 -6.249125003814697266e+00
2.367343139648437500e+01 8.805839538574218750e+01
1.261067962646484375e+01 -9.572528839111328125e+00
-3.064577865600585938e+01 -6.902134704589843750e+01
-1.376062273979187012e+00 3.227369546890258789e+00
-3.236197662353515625e+01 -4.721689969301223755e-02
-3.420313644409179688e+01 -4.017316055297851562e+01
4.103067398071289062e+01 -2.615465545654296875e+01
-3.349580764770507812e+01 -1.580403614044189453e+01
-3.653004837036132812e+01 1.755998802185058594e+01
-2.065767097473144531e+01 3.045772552490234375e+01
7.173159599304199219e+00 5.245527267456054688e+01
7.385078430175781250e+01 2.282344245910644531e+01
1.484107303619384766e+01 -4.267890167236328125e+01
4.444145965576171875e+01 -8.087442779541015625e+01
4.366080760955810547e+00 -5.578213119506835938e+01
7.556202697753906250e+01 -1.651578903198242188e+01
-2.400016975402832031e+01 -1.862182426452636719e+01
1.803082847595214844e+01 -9.877009987831115723e-01
5.361686325073242188e+01 7.186237335205078125e+01
2.274796104431152344e+01 -2.275021553039550781e+00
-2.094156837463378906e+01 3.295949220657348633e+00
2.574942970275878906e+01 -6.436388015747070312e+00
-2.662874937057495117e+00 -3.011992835998535156e+01
-1.217427062988281250e+02 2.157263183593750000e+01
-9.007918548583984375e+01 -1.187689971923828125e+01
4.492018508911132812e+01 2.658038377761840820e+00
-3.894566345214843750e+01 -3.609330749511718750e+01
-8.745402526855468750e+01 -1.603360557556152344e+01
2.039879226684570312e+01 5.325023269653320312e+01
-9.071514129638671875e+01 -1.755283355712890625e+01
3.206736326217651367e+00 1.099537658691406250e+01
6.143061065673828125e+01 -1.823794937133789062e+01
-3.382685470581054688e+01 -2.517047500610351562e+01
4.343752288818359375e+01 4.593032073974609375e+01
8.254982948303222656e+00 -5.287231445312500000e+01
6.131133270263671875e+01 6.792033386230468750e+01
9.196245574951171875e+01 -1.112120246887207031e+01
-3.701322174072265625e+01 8.157706260681152344e-01
2.481686973571777344e+01 -1.669914436340332031e+01
1.146405887603759766e+01 -5.231462860107421875e+01
2.289352798461914062e+01 -1.625153923034667969e+01
8.115031433105468750e+01 5.293172073364257812e+01
-2.493046760559082031e+01 -2.945567131042480469e+01
1.951519846916198730e-01 -1.817129731178283691e+00
5.757342529296875000e+01 -6.593583679199218750e+01
-7.287355041503906250e+01 4.344611740112304688e+01
1.609670257568359375e+01 -4.305520248413085938e+01
-1.138351631164550781e+01 -1.733492851257324219e+01
-8.214286804199218750e+01 -1.815233230590820312e+01
8.725599050521850586e-01 1.060278892517089844e+01
1.382177066802978516e+01 -2.634536933898925781e+01
4.694152355194091797e+00 -4.071579360961914062e+01
4.112038040161132812e+01 -5.691194152832031250e+01
2.397591114044189453e+00 -3.598733139038085938e+01
-2.891903877258300781e+00 -2.920162010192871094e+01
5.674250411987304688e+01 -6.597003936767578125e+01
-2.042718887329101562e+01 -1.166870307922363281e+01
-9.296576499938964844e+00 8.100272178649902344e+00
1.758393096923828125e+01 -8.383090209960937500e+01
1.279470062255859375e+01 -8.925700378417968750e+01
8.671569824218750000e+00 -5.274074172973632812e+01
-1.507458305358886719e+01 1.798723602294921875e+01
6.504967689514160156e+00 5.434741592407226562e+01
-5.324489212036132812e+01 -6.079227828979492188e+01
-4.998332595825195312e+01 -2.398040771484375000e+01
2.325254249572753906e+01 -4.782949066162109375e+01
-7.825922393798828125e+01 1.789030647277832031e+01
-3.176249122619628906e+01 3.855989456176757812e+00
-8.080481719970703125e+01 -2.202946472167968750e+01
-8.300472259521484375e+01 -1.993834114074707031e+01
1.198745918273925781e+01 -8.976084899902343750e+01
-3.972953033447265625e+01 -6.169987916946411133e-01
4.005125808715820312e+01 -5.598234939575195312e+01
-1.161734085083007812e+02 4.222989273071289062e+01
2.864191436767578125e+01 -1.122574234008789062e+01
1.545052337646484375e+01 -4.772549629211425781e+00
3.306725692749023438e+01 -5.677389907836914062e+01
-1.809323883056640625e+01 -9.998360633850097656e+00
-6.748954010009765625e+01 -3.066304397583007812e+01
-5.685968017578125000e+01 2.437026596069335938e+01
-8.851139068603515625e+01 -2.339786911010742188e+01
-4.602972030639648438e+01 -3.019514083862304688e+01
-1.929265022277832031e+01 -4.890777969360351562e+01
-3.123777580261230469e+01 -4.439787292480468750e+01
-8.752584838867187500e+01 3.859219741821289062e+01
-2.833568191528320312e+01 -2.654155349731445312e+01
-4.892382431030273438e+01 -5.602602958679199219e+00
-1.013415832519531250e+02 9.720708847045898438e+00
7.557742309570312500e+01 2.498667907714843750e+01
-7.815382003784179688e+00 -8.209750366210937500e+01
-1.548118686676025391e+01 3.238494873046875000e+00
-2.763618659973144531e+01 -2.673344993591308594e+01
5.698143482208251953e+00 -5.351586341857910156e+00
3.705356979370117188e+01 -3.889783477783203125e+01
-2.689077377319335938e+01 -7.418817996978759766e+00
2.440798759460449219e+01 -9.136777877807617188e+00
2.013399153947830200e-01 -2.995620918273925781e+01
5.047759246826171875e+01 -2.262401390075683594e+01
-1.566032314300537109e+01 -2.015499687194824219e+01
1.945503997802734375e+01 -8.559352874755859375e+00
6.134206390380859375e+01 -6.148839950561523438e+01
-1.301530075073242188e+01 -6.023046016693115234e+00
1.554024934768676758e+00 6.042374420166015625e+01
8.683759307861328125e+01 5.517894363403320312e+01
5.543618774414062500e+01 6.254946708679199219e+00
4.576965332031250000e+01 -1.500794887542724609e+01
4.392134094238281250e+01 -1.389999675750732422e+01
3.160042381286621094e+01 -5.581073760986328125e+01
2.324234390258789062e+01 -1.020995616912841797e+01
-5.606308746337890625e+01 -3.972481536865234375e+01
-2.517614173889160156e+01 -5.038218021392822266e+00
-6.380597686767578125e+01 2.738703155517578125e+01
3.273171234130859375e+01 8.229195404052734375e+01
5.885605621337890625e+01 -5.641775131225585938e+01
-5.537905120849609375e+01 -1.733755469322204590e+00
1.215976333618164062e+01 -4.615509796142578125e+01
-4.891567230224609375e+01 2.919589042663574219e+01
-1.641629791259765625e+01 3.508091735839843750e+01
-5.582776069641113281e+00 -7.518596649169921875e+00
3.759770202636718750e+01 4.435552597045898438e+01
-6.048148727416992188e+01 5.256074905395507812e+01
-3.524879693984985352e+00 -4.751770019531250000e+01
3.401822805404663086e+00 -1.082922935485839844e+00
1.897561073303222656e+01 5.533838653564453125e+01
-1.602252388000488281e+01 -5.534772491455078125e+01
2.169621467590332031e+01 -6.293764114379882812e+01
6.035618209838867188e+01 7.279347991943359375e+01
-2.794300270080566406e+01 -2.473905563354492188e+01
1.944687080383300781e+01 -3.997606277465820312e+01
7.858715820312500000e+01 5.372949600219726562e+01
-2.147720146179199219e+01 -1.691127586364746094e+01
4.029621887207031250e+01 -1.034596443176269531e+01
-8.972631835937500000e+01 -1.513741493225097656e+01
-5.152584075927734375e+01 2.426592826843261719e+01
-3.368817901611328125e+01 -4.689987182617187500e+01
-4.665240859985351562e+01 -5.105401992797851562e+01
5.704205703735351562e+01 2.398148345947265625e+01
4.084341049194335938e+01 -4.055092239379882812e+01
7.798271942138671875e+01 2.504348564147949219e+01
3.847356414794921875e+01 -4.831197738647460938e+01
1.758409500122070312e+01 -6.153712749481201172e+00
7.166610717773437500e+01 1.769135475158691406e+01
2.209158515930175781e+01 1.869348144531250000e+01
-2.020723533630371094e+01 -5.549959182739257812e+00
-1.133949375152587891e+01 -2.321176338195800781e+01
-8.793694305419921875e+01 4.447227478027343750e+01
-1.489248943328857422e+01 -1.425365734100341797e+01
3.151066780090332031e+01 -2.647429275512695312e+01
-9.988778114318847656e+00 -3.821939849853515625e+01
-6.932173156738281250e+01 -1.142510986328125000e+01
7.224555969238281250e+01 1.507960510253906250e+01
-3.438883972167968750e+01 -8.662102699279785156e+00
-2.298965835571289062e+01 -6.974826049804687500e+01
3.546721267700195312e+01 -3.929388046264648438e+01
-2.763791799545288086e+00 -4.326118469238281250e+01
-1.130274963378906250e+01 -2.286564826965332031e+01
-4.026347732543945312e+01 5.483098030090332031e+00
6.311806488037109375e+01 -3.579177856445312500e+01
-6.625656890869140625e+01 -1.767665290832519531e+01
7.718197631835937500e+01 1.503174495697021484e+01
-4.139559936523437500e+01 -4.255671977996826172e+00
-2.515559387207031250e+01 -3.471524238586425781e+00
3.202388763427734375e+01 -8.043225860595703125e+01
7.088137817382812500e+01 -1.946808624267578125e+01
2.185315704345703125e+01 2.520154953002929688e+01
-2.811222457885742188e+01 -9.155505895614624023e-01
-3.667395401000976562e+01 -2.073818588256835938e+01
2.775725555419921875e+01 3.270130157470703125e+01
5.663835144042968750e+01 1.579350471496582031e+01
-5.938778305053710938e+01 -9.671525001525878906e+00
2.073640823364257812e+01 -2.941670036315917969e+01
6.991141510009765625e+01 1.569330120086669922e+01
-7.830915069580078125e+01 -2.241467857360839844e+01
8.093937683105468750e+01 5.206002044677734375e+01
-2.776000213623046875e+01 -2.570470619201660156e+01
-2.553446769714355469e+01 -4.983303070068359375e+01
2.836419343948364258e+00 -5.478368377685546875e+01
5.907022953033447266e+00 -1.796339225769042969e+01
5.029363250732421875e+01 -7.364038085937500000e+01
3.024892330169677734e+00 -8.769948577880859375e+01
2.174613952636718750e+01 1.624465560913085938e+01
-3.318859863281250000e+01 -1.282863807678222656e+01
-4.900290966033935547e+00 -4.487860870361328125e+01
8.256795501708984375e+01 5.315711593627929688e+01
4.762296295166015625e+01 -7.197361946105957031e+00
-7.080796957015991211e-01 -3.017486190795898438e+01
2.497540664672851562e+01 -2.025773620605468750e+01
4.517276287078857422e+00 -2.638318634033203125e+01
-6.697280120849609375e+01 -2.107831382751464844e+01
-4.572469329833984375e+01 8.758955597877502441e-01
-2.858080482482910156e+01 -3.938821315765380859e+00
8.107020378112792969e+00 -4.052797698974609375e+01
5.104283809661865234e+00 7.182472991943359375e+01
4.816907119750976562e+01 -3.735205459594726562e+01
-5.097171783447265625e+01 -1.722027778625488281e+01
-8.118530273437500000e+01 -1.644421005249023438e+01
1.791758537292480469e+01 -1.919529151916503906e+01
1.995025444030761719e+01 8.938497161865234375e+01
-2.228262901306152344e+00 -6.379151916503906250e+01
-3.778203964233398438e+01 -3.201645278930664062e+01
3.522331237792968750e+01 2.794847679138183594e+01
-2.427505874633789062e+01 -2.492960357666015625e+01
-4.233079910278320312e+00 1.225385284423828125e+01
4.525392150878906250e+01 -3.379602432250976562e+01
-2.193634414672851562e+01 4.683428108692169189e-01
-2.020641326904296875e+01 3.065712547302246094e+01
-2.592323875427246094e+01 -4.927003860473632812e+00
-2.026988601684570312e+01 -3.024512290954589844e+01
3.131234550476074219e+01 -2.989173173904418945e+00
1.223063182830810547e+01 6.144945144653320312e+00
7.508893966674804688e+00 6.001277542114257812e+01
-3.177738952636718750e+01 3.887041807174682617e+00
-5.087483596801757812e+01 -4.678326034545898438e+01
-5.602745437622070312e+01 -3.973859405517578125e+01
3.597888565063476562e+01 -3.668831253051757812e+01
-4.532378768920898438e+01 4.850888442993164062e+01
-1.386639976501464844e+01 -3.128427505493164062e+01
-8.458545684814453125e+00 -8.475055694580078125e+01
7.059564208984375000e+01 -4.165020751953125000e+01
8.264052581787109375e+01 5.495039749145507812e+01
2.166678428649902344e+01 1.946705627441406250e+01
-1.515971183776855469e+01 -6.434683990478515625e+01
-1.955240821838378906e+01 -5.671813964843750000e+01
4.216056060791015625e+01 -4.627839660644531250e+01
1.798851609230041504e+00 -7.405337524414062500e+01
6.729441070556640625e+01 -3.311981201171875000e+01
1.638643455505371094e+01 1.765324211120605469e+01
-2.590308570861816406e+01 -1.937494087219238281e+01
4.193951797485351562e+01 -6.358507156372070312e+01
-5.230730533599853516e+00 -2.305423355102539062e+01
-9.284410858154296875e+01 3.692992401123046875e+01
-1.476545143127441406e+01 -7.782218170166015625e+01
-6.675170421600341797e+00 3.108465576171875000e+01
4.421644210815429688e+01 -2.648910903930664062e+01
-2.456151962280273438e+01 -2.376636886596679688e+01
-4.310034751892089844e+00 -1.308368587493896484e+01
1.779682350158691406e+01 -1.168445491790771484e+01
-2.851761245727539062e+01 -3.510368824005126953e+00
-1.304348468780517578e+01 2.459339714050292969e+01
5.251526641845703125e+01 -7.708941698074340820e-01
-3.355714035034179688e+01 -3.187895536422729492e+00
5.299392318725585938e+01 -1.143485903739929199e-01
-1.053921737670898438e+02 6.286748409271240234e+00
1.254236316680908203e+01 -7.914929199218750000e+01
-3.710045242309570312e+01 4.562056541442871094e+00
-1.388170242309570312e+00 2.530544090270996094e+01
2.919010925292968750e+01 3.655276107788085938e+01
4.508200454711914062e+01 -2.670140027999877930e+00
8.539045333862304688e+00 -8.227914428710937500e+01
-8.819225311279296875e+01 -2.153673171997070312e+01
-8.052566528320312500e+01 1.318528842926025391e+01
-4.170987701416015625e+01 -6.830895996093750000e+01
7.115479278564453125e+01 1.619840240478515625e+01
1.036314392089843750e+01 -4.932433700561523438e+01
4.777280044555664062e+01 6.965299224853515625e+01
-3.654323196411132812e+01 8.435938954353332520e-01
-1.182237701416015625e+02 4.507015991210937500e+01
-3.334985733032226562e+01 -4.636577224731445312e+01
1.197383880615234375e+00 -1.126444244384765625e+01
3.436281204223632812e+01 -1.383776760101318359e+01
-4.770736694335937500e+01 1.630624198913574219e+01
-2.688387680053710938e+01 -6.488289642333984375e+01
-7.747264862060546875e+01 1.618567085266113281e+01
-4.793638229370117188e+00 2.928994417190551758e+00
-1.285301017761230469e+01 8.590544128417968750e+01
1.254645252227783203e+01 2.153448867797851562e+01
7.432354450225830078e+00 -7.557196044921875000e+01
7.901750946044921875e+01 4.789704132080078125e+01
-7.779959106445312500e+01 9.874350547790527344e+00
-4.081435394287109375e+01 -9.102820396423339844e+00
-8.439393043518066406e+00 4.506283187866210938e+01
2.588290023803710938e+01 -6.025445175170898438e+01
-1.024803066253662109e+01 1.516561985015869141e+01
-4.461975479125976562e+01 -5.892287445068359375e+01
2.490274429321289062e+00 6.019398880004882812e+01
-4.271649932861328125e+01 -3.659067535400390625e+01
4.555639266967773438e+01 3.963128662109375000e+01
-1.477192020416259766e+01 -3.621609497070312500e+01
-2.400631713867187500e+01 1.032607555389404297e+01
4.466761398315429688e+01 -1.563674736022949219e+01
1.361149501800537109e+01 3.029864120483398438e+01
6.915657806396484375e+01 -3.367834091186523438e+01
4.718712615966796875e+01 -3.312372207641601562e+01
3.137212371826171875e+01 4.480719375610351562e+01
1.786022567749023438e+01 -5.369688034057617188e+01
5.410631942749023438e+01 4.129646301269531250e+01
-2.108690071105957031e+01 2.526331424713134766e+00
1.011094856262207031e+01 4.500775146484375000e+01
5.215371704101562500e+01 6.998780822753906250e+01
1.558627986907958984e+01 6.603985595703125000e+01
4.175947952270507812e+01 -5.722054290771484375e+01
4.639656543731689453e+00 7.890814971923828125e+01
1.117680549621582031e+01 -5.507866287231445312e+01
-6.129167938232421875e+01 -2.179332923889160156e+01
-5.884342575073242188e+01 -2.428337860107421875e+01
5.299782943725585938e+01 -2.202960205078125000e+01
4.857675552368164062e+01 1.814226722717285156e+01
-8.304032897949218750e+01 -9.584360122680664062e+00
-8.116051483154296875e+01 -2.559610176086425781e+01
-4.897991561889648438e+01 9.676306724548339844e+00
7.806221961975097656e+00 5.986051940917968750e+01
-1.008656997680664062e+02 9.195900917053222656e+00
4.789450836181640625e+01 -3.281843423843383789e+00
2.261173439025878906e+01 -9.527287292480468750e+01
-6.271648788452148438e+01 2.757030868530273438e+01
-4.398850440979003906e+00 -1.238780117034912109e+01
4.820384216308593750e+01 -1.727720451354980469e+01
4.745125579833984375e+01 -2.041950988769531250e+01
-7.993875026702880859e+00 -1.566102600097656250e+01
-1.278227806091308594e+01 1.694558906555175781e+01
6.375640869140625000e+00 -8.405595397949218750e+01
1.100440692901611328e+01 -8.248099517822265625e+01
9.901636123657226562e+00 -7.944545745849609375e+01
-7.086170959472656250e+01 -2.349928283691406250e+01
1.889630317687988281e+01 4.224245071411132812e+00
1.116894531250000000e+01 -8.678364562988281250e+01
-5.686611557006835938e+01 -4.866519451141357422e+00
-1.008775043487548828e+01 1.668811416625976562e+01
1.527698135375976562e+01 -4.488896179199218750e+01
-4.334006881713867188e+01 -2.497161865234375000e+00
-7.159659576416015625e+01 1.401204013824462891e+01
-1.847026824951171875e+01 -2.565989494323730469e+01
-2.805483627319335938e+01 -6.207847976684570312e+01
2.589295578002929688e+01 6.360874557495117188e+01
-2.461078262329101562e+01 -6.047427749633789062e+01
-3.664615249633789062e+01 -7.341167449951171875e+00
-3.890056610107421875e+01 -1.737922096252441406e+01
-3.536804580688476562e+01 -8.879996299743652344e+00
-2.695095062255859375e+01 -2.533067131042480469e+01
5.435638809204101562e+01 -2.173708379268646240e-01
2.638011550903320312e+01 -1.707717132568359375e+01
-6.163685798645019531e+00 3.015239715576171875e+01
-2.259771823883056641e+00 -9.123875427246093750e+01
-2.136990928649902344e+01 1.327425384521484375e+01
7.368985652923583984e+00 -3.284811019897460938e+01
-3.288880157470703125e+01 -1.675830650329589844e+01
-6.571415066719055176e-01 2.473984527587890625e+01
-1.488618755340576172e+01 2.233285331726074219e+01
-2.137719726562500000e+01 -1.010331249237060547e+01
2.171915322542190552e-01 -2.844310379028320312e+01
4.360988616943359375e+01 2.700061988830566406e+01
-3.279651641845703125e+01 4.424023056030273438e+01
-1.114694976806640625e+01 1.505495452880859375e+01
7.795253753662109375e+01 4.937076187133789062e+01
-1.645040988922119141e+00 -6.653917694091796875e+01
-4.887562942504882812e+01 -3.616968154907226562e+01
6.590884208679199219e+00 -4.686323928833007812e+01
-4.376871871948242188e+01 -2.958998489379882812e+01
5.514367294311523438e+01 7.438292694091796875e+01
-3.299569320678710938e+01 -3.732695007324218750e+01
-3.400075912475585938e+01 -1.157039928436279297e+01
1.955051422119140625e+01 -6.101058959960937500e+01
3.127933311462402344e+01 3.644304656982421875e+01
-2.348798179626464844e+01 8.692068099975585938e+00
2.408223533630371094e+01 -5.215369033813476562e+01
-8.891933441162109375e+01 -2.057768630981445312e+01
5.511316299438476562e+01 -3.417008590698242188e+01
-1.956929397583007812e+01 -3.752323532104492188e+01
5.332376861572265625e+01 7.092592716217041016e-01
5.518188476562500000e+01 -2.862450218200683594e+01
3.714173507690429688e+01 2.421558189392089844e+01
-5.539721965789794922e+00 -6.322765731811523438e+01
-3.996326828002929688e+01 -3.670717620849609375e+01
1.126987648010253906e+01 -5.192262268066406250e+01
2.255826377868652344e+01 -7.214578247070312500e+01
5.009899520874023438e+01 6.732427215576171875e+01
-5.493198394775390625e+01 -1.227090644836425781e+01
4.468124389648437500e+01 -7.497814178466796875e+01
5.821516036987304688e+00 8.954742431640625000e+00
9.958265304565429688e+00 -1.261614513397216797e+01
7.608456420898437500e+01 -1.141947269439697266e+01
-2.417110252380371094e+01 1.056977462768554688e+01
-1.571382045745849609e+01 -4.096533966064453125e+01
-2.471285820007324219e+01 5.382322311401367188e+00
1.488566684722900391e+01 1.378220939636230469e+01
5.514957046508789062e+01 -2.861879730224609375e+01
7.487763214111328125e+01 4.123257064819335938e+01
-4.009416961669921875e+01 6.969974517822265625e+00
-3.959086227416992188e+01 -6.926786804199218750e+01
2.895764732360839844e+01 1.798746109008789062e+01
2.144780921936035156e+01 -7.249931335449218750e+01
3.190790176391601562e+00 -3.446693801879882812e+01
-3.627717971801757812e+01 -5.806662368774414062e+01
7.404042053222656250e+01 1.846610450744628906e+01
-2.787055778503417969e+01 7.580458164215087891e+00
-8.436572265625000000e+01 -1.786741828918457031e+01
-6.947664642333984375e+01 -4.979253292083740234e+00
-6.488293170928955078e+00 2.421566200256347656e+01
7.558243560791015625e+01 2.396173858642578125e+01
3.215755462646484375e+01 3.733521652221679688e+01
9.332278442382812500e+01 -1.627482986450195312e+01
-2.154440116882324219e+01 -5.742548751831054688e+01
-1.343795418739318848e+00 3.161919593811035156e+00
6.055733871459960938e+01 7.718032073974609375e+01
-1.415172386169433594e+01 -7.844140625000000000e+01
5.085161209106445312e+01 -5.321491241455078125e+01
-7.768964767456054688e+00 2.268391799926757812e+01
8.017116546630859375e+01 5.668655395507812500e+01
1.349372673034667969e+01 -3.098298263549804688e+01
6.120419979095458984e+00 -2.929932212829589844e+01
-2.810687637329101562e+01 -5.919733810424804688e+01
-2.012459945678710938e+01 1.028191804885864258e+00
-4.073687744140625000e+01 -1.458033275604248047e+01
5.979321956634521484e+00 1.264419555664062500e+01
3.611985397338867188e+01 -6.420663452148437500e+01
3.681173706054687500e+01 -2.221302604675292969e+01
-4.770697784423828125e+01 -4.397187805175781250e+01
2.382823753356933594e+01 -7.271133422851562500e+01
-3.598669433593750000e+01 -3.476078796386718750e+01
-1.003598175048828125e+02 4.040656280517578125e+01
2.319495439529418945e+00 -8.338186645507812500e+01
-7.473638916015625000e+01 1.920487594604492188e+01
3.381395721435546875e+01 -5.780160903930664062e+01
-6.881040191650390625e+01 -2.415088081359863281e+01
-1.824545097351074219e+01 6.162992477416992188e+01
-2.500924491882324219e+01 -1.261342430114746094e+01
3.088632583618164062e+01 3.630076599121093750e+01
-2.906782865524291992e+00 1.193292808532714844e+01
-3.182647514343261719e+01 -1.851515889167785645e+00
3.729068517684936523e+00 -3.662528228759765625e+01
5.628321075439453125e+01 -7.502017211914062500e+01
4.418222045898437500e+01 3.861233901977539062e+01
-2.650620841979980469e+01 -1.071094322204589844e+01
-3.807808303833007812e+01 -3.194579505920410156e+01
5.245479106903076172e+00 -2.295277595520019531e+01
2.420637130737304688e+01 -7.812052917480468750e+01
6.816214752197265625e+01 -2.429145622253417969e+01
2.119901657104492188e+01 6.891786193847656250e+01
4.068371963500976562e+01 -2.075385475158691406e+01
2.364687728881835938e+01 1.264136314392089844e+01
3.972058105468750000e+01 -1.594481277465820312e+01
9.371076965332031250e+01 -1.450842380523681641e+01
-2.086906671524047852e+00 -9.112202453613281250e+01
1.338081645965576172e+01 -8.043198394775390625e+01
3.768692398071289062e+01 5.035295486450195312e+01
4.104596710205078125e+01 -2.964542198181152344e+01
-1.900154304504394531e+01 4.469328880310058594e+00
-6.153672409057617188e+01 -5.260021686553955078e+00
-3.406069946289062500e+01 -4.627022171020507812e+01
-5.454418945312500000e+01 -3.256423187255859375e+01
-7.701257705688476562e+00 -2.863754081726074219e+01
2.783713150024414062e+01 2.112754583358764648e-01
-3.564249420166015625e+01 -1.332887458801269531e+01
-5.488081741333007812e+01 -1.673337936401367188e+01
4.726916313171386719e+00 -1.310679340362548828e+01
3.588580322265625000e+01 -5.493212509155273438e+01
-1.529331207275390625e+01 -8.446806335449218750e+01
-1.049706339836120605e+00 -6.622438049316406250e+01
-7.822558593750000000e+01 -2.406544685363769531e+01
2.162941741943359375e+01 -2.909634208679199219e+01
-3.866005659103393555e+00 -2.077504158020019531e+01
-8.783706665039062500e+00 2.341450119018554688e+01
-1.056269481778144836e-01 -7.939615631103515625e+01
-6.732567596435546875e+01 -2.445776939392089844e+01
9.295704960823059082e-01 -4.625955581665039062e+01
-7.767085266113281250e+01 9.981048583984375000e+00
-2.621768712997436523e+00 -4.330844497680664062e+01
5.145025253295898438e+01 -4.602593994140625000e+01
-6.266691684722900391e-01 -2.206639862060546875e+01
-1.248933982849121094e+01 -4.155371475219726562e+01
-1.361951541900634766e+01 -3.701356887817382812e+01
-4.448963546752929688e+01 -2.990273666381835938e+01
2.359208822250366211e+00 -3.075947761535644531e+01
-5.073570728302001953e+00 -3.982295227050781250e+01
2.454414939880371094e+01 5.916783905029296875e+01
9.664594650268554688e+00 7.452124786376953125e+01
2.337795257568359375e+01 -9.334151458740234375e+01
-4.168175160884857178e-01 -4.518856430053710938e+01
2.790684509277343750e+01 -9.198990631103515625e+01
7.645761966705322266e+00 3.906445503234863281e+00
7.343129730224609375e+01 1.203852081298828125e+01
-5.424974822998046875e+01 6.203090026974678040e-02
4.821874618530273438e+01 -2.857658767700195312e+01
-3.417792129516601562e+01 -2.660944747924804688e+01
6.501457977294921875e+01 -2.430517196655273438e+01
9.015101432800292969e+00 2.655482673645019531e+01
-1.121288394927978516e+01 4.023400251753628254e-04
-4.886280059814453125e+01 -3.614255523681640625e+01
-4.328649997711181641e+00 -9.234078979492187500e+01
-5.735826873779296875e+01 -2.369074249267578125e+01
5.084565162658691406e+00 6.845236968994140625e+01
1.086790657043457031e+01 -3.623284530639648438e+01
1.480390644073486328e+01 -7.886791992187500000e+01
5.816486740112304688e+01 2.504575538635253906e+01
-3.545372772216796875e+01 -3.369565963745117188e+01
-1.297179222106933594e+01 -8.182637786865234375e+01
-4.453688430786132812e+01 -2.722730064392089844e+01
-2.679293823242187500e+01 -6.513646602630615234e+00
-2.169797706604003906e+01 -4.587078475952148438e+01
-1.183026790618896484e+01 -8.934595489501953125e+01
-1.830838012695312500e+01 1.583096832036972046e-01
-8.439250290393829346e-02 -2.806850814819335938e+01
-6.670970153808593750e+01 -2.090051651000976562e+00
2.938151168823242188e+01 -2.010161781311035156e+01
4.363103866577148438e+00 -3.737458419799804688e+01
5.714331054687500000e+01 6.974001312255859375e+01
8.401853179931640625e+01 5.000923919677734375e+01
5.958651733398437500e+01 6.554883575439453125e+01
-3.242303466796875000e+01 -4.563163375854492188e+01
-6.742134094238281250e+01 6.322662234306335449e-01
3.433446502685546875e+01 4.450161361694335938e+01
5.080801391601562500e+01 -6.891046142578125000e+01
2.574155330657958984e+00 -4.469003295898437500e+01
-1.152233219146728516e+01 -2.099061203002929688e+01
-3.185046768188476562e+01 -2.994470787048339844e+01
3.429322052001953125e+01 -9.227355718612670898e-01
-1.694148445129394531e+01 -2.721161460876464844e+01
1.471522235870361328e+01 -8.089509582519531250e+01
4.815346527099609375e+01 -1.738306808471679688e+01
-5.172489929199218750e+01 5.619698715209960938e+01
3.159934043884277344e+01 -5.652444458007812500e+01
-3.331901931762695312e+01 -2.321441078186035156e+01
3.345109939575195312e+01 -1.867674446105957031e+01
-5.914663696289062500e+01 -7.855079650878906250e+00
4.071834945678710938e+01 -4.226148223876953125e+01
-6.582984924316406250e+01 7.270181775093078613e-01
6.625120162963867188e+00 -8.468852996826171875e+01
-7.118770599365234375e+00 2.903712987899780273e+00
6.939661407470703125e+01 -4.505406570434570312e+01
-1.326469707489013672e+01 -3.724681091308593750e+01
4.145602035522460938e+01 -7.296650695800781250e+01
-2.892679595947265625e+01 -2.591635513305664062e+01
-3.397361755371093750e+01 -1.236183547973632812e+01
-2.377960681915283203e+00 -8.158666229248046875e+01
-3.472503280639648438e+01 3.511473083496093750e+01
1.928765296936035156e+01 -3.943932342529296875e+01
-3.513723754882812500e+01 -1.120884418487548828e+01
-8.108792114257812500e+01 -1.031132888793945312e+01
-1.825858688354492188e+01 5.860421752929687500e+01
1.620064353942871094e+01 -3.375868225097656250e+01
5.330679321289062500e+01 1.300602722167968750e+01
-2.045662307739257812e+01 -3.046319580078125000e+01
1.994374394416809082e+00 -5.398052597045898438e+01
1.466583156585693359e+01 -3.836733245849609375e+01
5.299884033203125000e+01 5.211052322387695312e+01
6.826927947998046875e+01 -2.557826805114746094e+01
8.120417785644531250e+01 4.904801177978515625e+01
2.445649719238281250e+01 -5.218358993530273438e+01
-4.797052001953125000e+01 8.006680607795715332e-01
-1.370677947998046875e+01 -3.129359245300292969e+01
1.432428264617919922e+01 2.611204338073730469e+01
-1.523747634887695312e+01 1.780711174011230469e+01
-2.470598602294921875e+01 5.954094696044921875e+01
3.177210092544555664e+00 -8.000527954101562500e+01
1.492033290863037109e+01 -5.308304977416992188e+01
5.419609069824218750e+01 5.327301788330078125e+01
7.305012512207031250e+01 2.554752731323242188e+01
7.391395568847656250e+01 1.868792152404785156e+01
5.364471912384033203e+00 -1.773172950744628906e+01
3.770305633544921875e+01 -2.094949150085449219e+01
8.527410888671875000e+01 5.167012405395507812e+01
1.663446426391601562e+01 7.100306701660156250e+01
4.756752490997314453e+00 5.157966995239257812e+01
-1.838401412963867188e+01 7.691683769226074219e+00
-1.846236610412597656e+01 7.611513137817382812e+00
4.644007492065429688e+01 -2.926416015625000000e+01
-6.749693298339843750e+01 -2.043191719055175781e+01
-2.482037353515625000e+01 -1.873841285705566406e+01
9.092772674560546875e+01 -9.905351638793945312e+00
-7.702648162841796875e+01 -2.808073616027832031e+01
-1.627347946166992188e+00 -5.942786216735839844e+00
1.963908576965332031e+01 9.133191680908203125e+01
-1.454907321929931641e+01 2.758550941944122314e-01
-7.876758575439453125e+01 -1.879232215881347656e+01
-2.118404579162597656e+01 2.656011199951171875e+01
-8.003566741943359375e+00 -5.919883346557617188e+01
-8.226203155517578125e+01 1.473037433624267578e+01
-3.334862136840820312e+01 -1.057928085327148438e+01
-1.774427604675292969e+01 -1.335532784461975098e+00
-3.097582101821899414e+00 -4.441643524169921875e+01
3.996468353271484375e+01 -6.405337524414062500e+01
-5.609445190429687500e+01 -2.399362945556640625e+01
5.049922561645507812e+01 7.176894378662109375e+01
-1.151500034332275391e+01 3.568792104721069336e+00
4.071642684936523438e+01 -1.489420509338378906e+01
2.830206394195556641e+00 8.227952575683593750e+01
-6.486483001708984375e+01 -2.562910079956054688e+01
-2.269422912597656250e+01 2.779027938842773438e+00
-8.400759124755859375e+01 -1.153666305541992188e+01
2.841501426696777344e+01 -1.640159034729003906e+01
-2.955148887634277344e+01 -1.239212417602539062e+01
1.132100296020507812e+01 -8.453498840332031250e+01
-3.935337829589843750e+01 -1.671879386901855469e+01
7.758660316467285156e+00 7.799638366699218750e+01
-3.166838586330413818e-01 -4.171852111816406250e+01
1.105824947357177734e+01 6.483078765869140625e+01
-3.894406080245971680e+00 -4.527099990844726562e+01
4.532940292358398438e+01 -3.789325332641601562e+01
-3.219122314453125000e+01 1.419399642944335938e+01
4.524851989746093750e+01 -4.771998596191406250e+01
1.058363723754882812e+01 -3.605723190307617188e+01
4.127170944213867188e+01 -3.885915374755859375e+01
2.306136512756347656e+01 -2.591466903686523438e+01
-1.217249965667724609e+01 -8.809546661376953125e+01
-1.731868743896484375e+01 -7.481484985351562500e+01
4.731172561645507812e+01 -7.372008514404296875e+01
-1.627010345458984375e+01 5.713420104980468750e+01
5.912546539306640625e+01 6.766523742675781250e+01
4.191931533813476562e+01 -2.166699600219726562e+01
2.873195838928222656e+01 2.298751449584960938e+01
-2.386578559875488281e+01 -4.946718978881835938e+01
-5.628588867187500000e+01 -1.556033802032470703e+01
-7.809979248046875000e+01 8.245677947998046875e+00
-1.834074020385742188e+01 -7.909080505371093750e+01
6.782292175292968750e+01 1.127143096923828125e+01
-2.090059280395507812e+01 2.279638671875000000e+01
1.179990863800048828e+01 -3.221740341186523438e+01
-1.573565387725830078e+01 5.740670776367187500e+01
-4.378641605377197266e+00 6.090700626373291016e+00
6.048791885375976562e+01 -3.265873718261718750e+01
4.993744659423828125e+01 -7.345529937744140625e+01
-3.744573593139648438e+01 -1.012576484680175781e+01
-5.900859451293945312e+01 1.956918525695800781e+01
1.725082969665527344e+01 -2.256952285766601562e+01
-4.075049591064453125e+01 -3.606016540527343750e+01
1.934743309020996094e+01 -4.069959640502929688e+01
6.649053192138671875e+01 -8.278846740722656250e+00
3.197935819625854492e+00 5.976190948486328125e+01
5.446297168731689453e+00 8.236403656005859375e+01
-4.379630088806152344e+00 -6.583638000488281250e+01
-1.597031497955322266e+01 -2.626650428771972656e+01
7.660368919372558594e+00 6.133363723754882812e+01
5.615052700042724609e+00 -3.427599716186523438e+01
-3.602041244506835938e+01 -8.748730659484863281e+00
6.473963928222656250e+01 -1.583393478393554688e+01
8.189194488525390625e+01 5.112799453735351562e+01
-2.015261077880859375e+01 -5.521276473999023438e+00
5.648474502563476562e+01 -6.341075515747070312e+01
1.455933952331542969e+01 4.756983280181884766e+00
1.002231025695800781e+01 -3.870578002929687500e+01
5.648911666870117188e+01 -7.571510314941406250e+01
8.494534492492675781e+00 7.502352905273437500e+01
-4.054360580444335938e+01 -3.680122375488281250e+01
-2.911180686950683594e+01 -1.408050060272216797e+01
-3.081250762939453125e+01 -4.979174804687500000e+01
1.118849515914916992e+00 1.062616443634033203e+01
-4.918156147003173828e+00 -3.321805191040039062e+01
-1.314041996002197266e+01 -5.775946426391601562e+01
3.916768074035644531e+00 -9.181538391113281250e+01
1.587005996704101562e+01 -9.317467498779296875e+01
4.936840534210205078e+00 2.274379730224609375e+01
-2.342281341552734375e+01 -6.199031066894531250e+01
4.682687377929687500e+01 -1.082357501983642578e+01
2.089586496353149414e+00 -3.984354019165039062e+01
1.334496021270751953e+00 4.014294815063476562e+01
5.394498062133789062e+01 2.552739715576171875e+01
3.022193336486816406e+01 -9.116522216796875000e+01
2.836959457397460938e+01 3.146863174438476562e+01
-5.804149246215820312e+01 -2.121210098266601562e-01
7.675222873687744141e+00 -2.336927223205566406e+01
-2.409147644042968750e+01 -9.039939880371093750e+00
-4.638827800750732422e+00 -3.569387435913085938e+00
1.006501674652099609e+01 -8.518254852294921875e+01
-1.351892185211181641e+01 -7.905998992919921875e+01
4.381417846679687500e+01 2.926189994812011719e+01
-1.424028873443603516e+01 2.704635429382324219e+01
-5.854596138000488281e+00 -8.815318298339843750e+01
-4.128836154937744141e+00 -4.216702270507812500e+01
-7.425172424316406250e+01 -2.161909675598144531e+01
1.553533554077148438e+01 -9.038752746582031250e+01
-2.849344253540039062e+00 -3.301749038696289062e+01
-1.954011726379394531e+01 -6.167065811157226562e+01
-1.396513366699218750e+01 -7.258726501464843750e+01
-7.841801643371582031e+00 -4.704056167602539062e+01
-3.115040397644042969e+01 -3.804507064819335938e+01
-3.003676223754882812e+01 -5.819351577758789062e+01
1.153916597366333008e+00 1.800163269042968750e+01
-2.919319152832031250e+01 -1.350923347473144531e+01
4.064930725097656250e+01 5.276573944091796875e+01
2.587278747558593750e+01 -2.340610122680664062e+01
4.390289306640625000e+01 -4.173340225219726562e+01
-9.246868133544921875e+01 3.516056060791015625e+01
4.776662063598632812e+01 -7.304293823242187500e+01
4.752803802490234375e+01 7.036659240722656250e+01
2.920551490783691406e+01 -1.545362091064453125e+01
4.620992243289947510e-01 -4.276712417602539062e+01
-1.370598697662353516e+01 4.713923931121826172e+00
1.951654434204101562e+01 1.875566101074218750e+01
1.815400481224060059e+00 -4.765855789184570312e+01
7.462910652160644531e+00 -7.543647003173828125e+01
-2.004285430908203125e+01 1.340080165863037109e+01
-6.625266265869140625e+01 -4.263125228881835938e+01
-1.869839859008789062e+01 6.334532165527343750e+01
-2.979546737670898438e+01 -5.834206008911132812e+01
-1.525753402709960938e+01 5.991053009033203125e+01
7.977143859863281250e+01 4.837660980224609375e+01
1.049979114532470703e+01 7.763262176513671875e+01
6.311347961425781250e+01 7.830663299560546875e+01
2.641035652160644531e+01 -8.518062591552734375e+01
-5.844836807250976562e+01 -2.375855255126953125e+01
1.208520126342773438e+01 -8.380060577392578125e+01
6.083460617065429688e+01 3.129996538162231445e+00
3.103780937194824219e+01 8.237995910644531250e+01
1.249513912200927734e+01 6.479464721679687500e+01
6.956512451171875000e+01 -1.167073059082031250e+01
2.424378585815429688e+01 5.864039897918701172e+00
5.957607269287109375e+01 2.559204292297363281e+01
-3.060285758972167969e+01 -3.540275573730468750e+01
3.422739028930664062e+00 -3.431976699829101562e+01
-5.604827117919921875e+01 -8.885423660278320312e+00
-3.611076736450195312e+01 -3.558486175537109375e+01
-5.952651977539062500e+01 -3.722205734252929688e+01
5.200510025024414062e+00 -3.427937316894531250e+01
3.522447049617767334e-01 -4.547259902954101562e+01
9.104066848754882812e+00 2.746831703186035156e+01
2.777846145629882812e+01 4.153034591674804688e+01
-1.258339786529541016e+01 -8.486726379394531250e+01
-6.294460773468017578e+00 -5.151232910156250000e+01
3.355056285858154297e+00 1.510029792785644531e+01
6.732667541503906250e+01 -1.380084133148193359e+01
-2.342231273651123047e+00 -4.599898910522460938e+01
